4 0.361345 0.936041 0.049370 0.090570
6 0.633141 0.545285 0.037290 0.070962
6 0.523372 0.382820 0.017332 0.039216
6 0.595588 0.303455 0.017857 0.039216
0 0.533088 0.182540 0.100840 0.127918
6 0.743697 0.316993 0.066176 0.049486
4 0.452994 0.277778 0.012080 0.021475
4 0.493697 0.265640 0.011555 0.019608
4 0.481880 0.269841 0.011029 0.020542
6 0.471376 0.258170 0.018382 0.032680
7 0.542542 0.464519 0.017857 0.027077
4 0.877363 0.476190 0.036239 0.029879
9 0.425158 0.691410 0.056197 0.120448
5 0.540966 0.270775 0.012605 0.026144
4 0.595326 0.274043 0.015231 0.032680
4 0.528887 0.300187 0.012605 0.021475
2 0.540966 0.453315 0.012605 0.025210
4 0.476103 0.317927 0.012080 0.021475
4 0.552258 0.260971 0.009979 0.015873
4 0.121061 0.304855 0.021534 0.021475
4 0.411502 0.287115 0.018382 0.021475
4 0.458246 0.281046 0.015231 0.020542
