6 0.647321 0.513539 0.037290 0.070962
6 0.575368 0.671802 0.053046 0.098039
6 0.570641 0.303922 0.015231 0.038282
0 0.502101 0.177871 0.103992 0.126050
4 0.426208 0.277778 0.012080 0.021475
6 0.444590 0.259570 0.018382 0.031746
7 0.607668 0.654995 0.023109 0.049486
6 0.366334 0.416433 0.137080 0.059757
4 0.164916 0.425303 0.042017 0.032680
4 0.335347 0.854809 0.037290 0.081232
5 0.517069 0.348739 0.019433 0.038282
4 0.565389 0.274043 0.015231 0.032680
4 0.506828 0.272176 0.009454 0.015873
1 0.542805 0.275910 0.008929 0.021475
4 0.505777 0.290850 0.008403 0.015873
4 0.519695 0.491597 0.015231 0.038282
2 0.601103 0.641923 0.018382 0.028945
4 0.396796 0.475724 0.019433 0.034547
4 0.474527 0.267507 0.008929 0.015873
4 0.686187 0.315126 0.034139 0.027077
4 0.375788 0.290850 0.015231 0.021475
4 0.476628 0.253501 0.011029 0.015873
