6 0.596639 0.453782 0.017857 0.041083
4 0.629202 0.713352 0.092437 0.138189
0 0.486082 0.086835 0.083508 0.156863
4 0.413603 0.777778 0.016282 0.054155
4 0.321429 0.728758 0.028361 0.047619
4 0.544380 0.398693 0.047794 0.042951
6 0.154412 0.851541 0.159664 0.171802
4 0.441964 0.473389 0.015231 0.029879
4 0.675683 0.405229 0.023634 0.028011
4 0.793330 0.282446 0.014181 0.025210
0 0.231618 0.885154 0.022059 0.039216
5 0.542542 0.334734 0.009454 0.015873
4 0.457983 0.248366 0.008403 0.016807
4 0.467174 0.225023 0.006828 0.013072
6 0.439076 0.190943 0.013655 0.028945
4 0.474527 0.239496 0.008929 0.015873
4 0.459821 0.204482 0.007878 0.014939
4 0.495273 0.205882 0.009454 0.014006
4 0.464286 0.189542 0.008403 0.016807
4 0.486607 0.190476 0.007878 0.013072
6 0.511817 0.398693 0.014181 0.039216
4 0.469800 0.181606 0.007878 0.015873
4 0.469013 0.210084 0.009454 0.014939
6 0.545168 0.234360 0.012605 0.029879
