6 0.615021 0.564426 0.016807 0.038282
4 0.537553 0.563959 0.032038 0.082166
0 0.483981 0.110644 0.088761 0.191410
4 0.965336 0.560224 0.054622 0.052288
4 0.535714 0.461251 0.026261 0.024276
10 0.569065 0.780112 0.011029 0.038282
2 0.568015 0.780579 0.007878 0.028011
4 0.540179 0.266573 0.014181 0.021475
5 0.544905 0.374416 0.009979 0.018674
4 0.439863 0.438842 0.009979 0.018674
4 0.455357 0.375350 0.009454 0.016807
6 0.434611 0.217554 0.014181 0.028011
4 0.480042 0.338936 0.014706 0.016807
4 0.431197 0.381886 0.009454 0.020542
4 0.435924 0.340336 0.009454 0.021475
6 0.498687 0.341270 0.012080 0.027077
4 0.443540 0.313259 0.009979 0.017740
4 0.457458 0.341737 0.009454 0.016807
5 0.475578 0.253968 0.009979 0.024276
6 0.544905 0.254435 0.013130 0.030812
