6 0.629464 0.523343 0.037290 0.070028
6 0.509979 0.538282 0.033613 0.077498
6 0.560137 0.300187 0.015231 0.038282
0 0.498950 0.177871 0.114496 0.126050
6 0.910189 0.331466 0.072479 0.050420
4 0.416754 0.274043 0.012080 0.021475
6 0.434611 0.256769 0.018382 0.031746
7 0.560399 0.563492 0.018908 0.043884
6 0.557511 0.422035 0.137080 0.059757
4 0.372111 0.428571 0.042542 0.033613
5 0.503939 0.314192 0.015231 0.030812
4 0.557511 0.269374 0.015231 0.032680
1 0.540704 0.258170 0.008929 0.021475
4 0.499737 0.264706 0.008929 0.015873
4 0.510767 0.399160 0.015231 0.038282
2 0.555147 0.555089 0.014706 0.021475
4 0.326418 0.587768 0.024685 0.042017
4 0.456145 0.278711 0.008929 0.015873
4 0.571166 0.291783 0.034139 0.027077
4 0.288866 0.297852 0.019958 0.022409
4 0.450630 0.268441 0.011555 0.015873
4 0.461660 0.253968 0.011555 0.014939
