6 0.614758 0.488329 0.017332 0.039216
4 0.532300 0.401027 0.026786 0.083100
0 0.483981 0.108310 0.088761 0.186741
4 0.131828 0.384687 0.026261 0.024276
4 0.585609 0.713819 0.026261 0.053221
4 0.663866 0.868347 0.045168 0.065359
4 0.779149 0.399627 0.026786 0.024276
10 0.541754 0.516807 0.011029 0.032680
2 0.541492 0.515873 0.008403 0.028945
4 0.835872 0.288515 0.021534 0.028011
5 0.542279 0.330065 0.008929 0.021475
4 0.409926 0.565826 0.018382 0.037348
4 0.450630 0.399627 0.012605 0.026144
6 0.429097 0.190009 0.014706 0.030812
4 0.506040 0.286181 0.013130 0.017740
4 0.399422 0.438842 0.016282 0.033613
4 0.414391 0.382353 0.014706 0.027077
6 0.492384 0.251634 0.012080 0.025210
4 0.419905 0.339402 0.012080 0.021475
4 0.445641 0.341270 0.012080 0.021475
5 0.466912 0.265640 0.013655 0.032680
6 0.542279 0.207750 0.014181 0.030812
