6 0.654674 0.496732 0.037290 0.070962
6 0.574317 0.297386 0.017332 0.042017
0 0.503414 0.177871 0.094013 0.127918
4 0.430410 0.269841 0.012080 0.020542
6 0.445641 0.251167 0.017332 0.029879
7 0.775473 0.939309 0.046744 0.078431
6 0.082195 0.406629 0.137080 0.060691
4 0.434611 0.462185 0.015231 0.026144
5 0.535714 0.426237 0.025210 0.066293
4 0.566439 0.263772 0.015231 0.032680
4 0.517069 0.308590 0.012080 0.021475
1 0.532300 0.297386 0.008929 0.021475
4 0.508141 0.326797 0.012080 0.020542
4 0.548582 0.899160 0.026786 0.078431
2 0.765756 0.921569 0.023109 0.037348
4 0.446166 0.360878 0.012080 0.021475
4 0.909926 0.330999 0.034139 0.027077
4 0.451943 0.273576 0.015231 0.020542
