6 0.617122 0.542951 0.016807 0.038282
4 0.535714 0.474323 0.027311 0.082166
0 0.483981 0.111578 0.088761 0.193277
4 0.323529 0.428571 0.026261 0.024276
4 0.617122 0.915500 0.031513 0.066293
4 0.935924 0.462652 0.027311 0.025210
10 0.553309 0.636321 0.011029 0.038282
2 0.552258 0.635854 0.007878 0.028011
4 0.514968 0.239029 0.014181 0.020542
4 0.918330 0.344538 0.018382 0.024276
5 0.543592 0.365079 0.009454 0.020542
4 0.420956 0.514472 0.014181 0.028011
4 0.446691 0.400093 0.013130 0.023343
6 0.431197 0.210551 0.014706 0.028945
4 0.494223 0.323529 0.016807 0.017740
4 0.417017 0.418301 0.011555 0.029879
4 0.423845 0.368814 0.013655 0.024276
6 0.493960 0.296919 0.012080 0.026144
4 0.430935 0.334267 0.012080 0.020542
4 0.450893 0.348739 0.012080 0.021475
5 0.470326 0.266106 0.013130 0.031746
6 0.543067 0.232026 0.013655 0.030812
