4 0.358718 0.943044 0.049370 0.091503
6 0.633141 0.543417 0.037290 0.070962
6 0.522847 0.383287 0.017332 0.038282
6 0.595588 0.302988 0.017857 0.038282
0 0.533088 0.182540 0.100840 0.127918
6 0.745798 0.317460 0.066176 0.048553
4 0.452994 0.276844 0.012080 0.021475
4 0.494223 0.264706 0.011555 0.019608
4 0.482405 0.269374 0.011029 0.019608
6 0.471376 0.258170 0.018382 0.032680
7 0.542017 0.465453 0.017857 0.027077
4 0.869223 0.474323 0.036765 0.029879
9 0.425158 0.695145 0.056197 0.120448
5 0.540704 0.270775 0.012080 0.026144
4 0.595326 0.273109 0.015231 0.032680
4 0.528624 0.300654 0.013130 0.022409
2 0.540966 0.452381 0.012605 0.025210
4 0.476628 0.316993 0.012080 0.021475
4 0.552258 0.260971 0.009979 0.015873
4 0.125263 0.304855 0.021534 0.021475
4 0.412553 0.287115 0.018382 0.021475
4 0.458771 0.280112 0.015231 0.020542
