6 0.615546 0.565359 0.016807 0.038282
4 0.536239 0.551354 0.029412 0.081232
0 0.483981 0.111578 0.088761 0.193277
4 0.981355 0.564893 0.036239 0.052288
4 0.497899 0.458450 0.026261 0.024276
10 0.565389 0.754902 0.011029 0.038282
2 0.564338 0.754435 0.007878 0.028011
4 0.534926 0.264239 0.014181 0.020542
5 0.544380 0.373016 0.009979 0.019608
4 0.436450 0.452848 0.010504 0.020542
4 0.454307 0.382353 0.009454 0.017740
6 0.434086 0.216153 0.014181 0.028945
4 0.481355 0.340803 0.015231 0.016807
4 0.429097 0.391223 0.009454 0.020542
4 0.433561 0.347806 0.009979 0.023343
6 0.497637 0.336601 0.012080 0.027077
4 0.441439 0.318861 0.009979 0.017740
4 0.456408 0.346405 0.009454 0.016807
5 0.474527 0.258170 0.009979 0.025210
6 0.544905 0.254435 0.013130 0.030812
