6 0.662815 0.369281 0.019958 0.040149
4 0.550158 0.237628 0.021534 0.045752
0 0.479779 0.106909 0.105567 0.172736
4 0.575368 0.372082 0.018382 0.038282
4 0.569590 0.423903 0.020483 0.029879
4 0.316964 0.267974 0.032038 0.024276
4 0.636029 0.185808 0.018908 0.028011
5 0.571691 0.260037 0.011029 0.021475
4 0.471113 0.461718 0.016807 0.038282
4 0.337710 0.613445 0.036765 0.059757
4 0.395483 0.480392 0.026261 0.045752
4 0.423057 0.386555 0.015231 0.037348
4 0.468225 0.351541 0.012080 0.032680
5 0.491859 0.307190 0.018382 0.042951
9 0.630252 0.659664 0.053571 0.120448
6 0.556460 0.149860 0.014181 0.030812
