6 0.646796 0.522876 0.037290 0.070962
6 0.530987 0.575163 0.038866 0.080299
6 0.567489 0.302988 0.015231 0.038282
0 0.500263 0.178338 0.110819 0.126984
6 0.956408 0.339869 0.072479 0.050420
4 0.421481 0.280579 0.012080 0.021475
6 0.440389 0.261438 0.018382 0.031746
7 0.583246 0.591503 0.021534 0.045752
6 0.503939 0.426704 0.137080 0.059757
4 0.314338 0.431373 0.042542 0.033613
5 0.510767 0.324930 0.017332 0.033613
4 0.562763 0.272176 0.015231 0.032680
4 0.503414 0.257236 0.008929 0.015873
1 0.545956 0.264706 0.008929 0.021475
4 0.504202 0.274977 0.008403 0.015873
4 0.513918 0.423436 0.015231 0.038282
2 0.578256 0.580766 0.015756 0.024276
4 0.361607 0.547152 0.023634 0.037348
4 0.464023 0.278711 0.008929 0.015873
4 0.600578 0.298319 0.034139 0.027077
4 0.317227 0.296452 0.015756 0.021475
4 0.463235 0.266573 0.011555 0.015873
4 0.471639 0.254902 0.011555 0.014939
