6 0.643645 0.506069 0.037290 0.070962
6 0.601628 0.720822 0.062500 0.112045
6 0.568277 0.295518 0.014706 0.038282
0 0.501576 0.177871 0.102941 0.126050
4 0.425683 0.272176 0.012080 0.021475
6 0.441964 0.258637 0.017332 0.031746
7 0.629989 0.693277 0.028887 0.051354
6 0.298057 0.407096 0.137080 0.059757
4 0.090336 0.413165 0.042017 0.032680
4 0.378414 0.670868 0.026786 0.056956
5 0.516807 0.364613 0.018908 0.055089
4 0.562763 0.267507 0.015231 0.032680
4 0.506565 0.275910 0.009979 0.015873
1 0.537027 0.275910 0.008929 0.021475
4 0.503676 0.296452 0.008403 0.015873
4 0.516282 0.535481 0.016807 0.042017
2 0.623424 0.683007 0.019958 0.032680
4 0.407563 0.447712 0.017857 0.030812
4 0.477679 0.260037 0.008929 0.015873
4 0.737658 0.319795 0.034139 0.027077
4 0.395221 0.284314 0.015231 0.021475
