6 0.614496 0.495331 0.016807 0.038282
4 0.532300 0.412232 0.026786 0.083100
0 0.483981 0.109711 0.088761 0.189542
4 0.157038 0.390289 0.026261 0.024276
4 0.589811 0.738095 0.026261 0.053221
4 0.674370 0.898226 0.045168 0.065359
4 0.800158 0.407096 0.026786 0.024276
10 0.542805 0.531746 0.011029 0.030812
2 0.542542 0.530812 0.008403 0.028945
4 0.846376 0.295051 0.021534 0.028011
5 0.542279 0.335668 0.008929 0.021475
4 0.410189 0.556956 0.017857 0.036415
4 0.450105 0.399160 0.012605 0.025210
6 0.429097 0.193277 0.014706 0.029879
4 0.505515 0.291783 0.014181 0.017740
4 0.401523 0.436508 0.015231 0.032680
4 0.414653 0.380486 0.014181 0.027077
6 0.492384 0.257236 0.012080 0.025210
4 0.421481 0.338469 0.012080 0.021475
4 0.446691 0.343137 0.012080 0.021475
5 0.467437 0.265640 0.013655 0.032680
6 0.542279 0.211485 0.014181 0.030812
