6 0.637868 0.522876 0.037290 0.070962
6 0.519170 0.551821 0.034139 0.078431
6 0.564338 0.302988 0.015231 0.038282
0 0.499475 0.178338 0.112395 0.126984
6 0.933824 0.333333 0.072479 0.050420
4 0.418330 0.275910 0.012080 0.021475
6 0.436187 0.258637 0.018382 0.031746
7 0.573792 0.576564 0.021534 0.043884
6 0.531250 0.423903 0.137080 0.059757
4 0.342174 0.433240 0.042542 0.033613
5 0.506565 0.318861 0.015231 0.030812
4 0.560137 0.272176 0.015231 0.032680
1 0.543855 0.259104 0.008929 0.021475
4 0.501313 0.270308 0.008929 0.015873
4 0.512342 0.410364 0.015231 0.038282
2 0.568540 0.566293 0.014181 0.021475
4 0.342700 0.567227 0.023634 0.042017
4 0.459821 0.278711 0.008929 0.015873
4 0.582721 0.294585 0.034139 0.027077
4 0.301996 0.296919 0.017857 0.022409
4 0.456408 0.268441 0.011555 0.015873
4 0.466387 0.254902 0.011555 0.014939
