4 0.608456 0.419234 0.046744 0.037348
4 0.376838 0.401494 0.050945 0.044818
4 0.200368 0.392624 0.044643 0.040149
4 0.506565 0.507937 0.025735 0.044818
6 0.648372 0.525677 0.037290 0.070962
6 0.536765 0.288049 0.014706 0.027077
6 0.600840 0.286181 0.018908 0.040149
4 0.494485 0.286181 0.012080 0.023343
0 0.533088 0.182540 0.100840 0.127918
6 0.613971 0.269841 0.049370 0.041083
4 0.472952 0.260971 0.012080 0.021475
4 0.451943 0.259104 0.012080 0.021475
4 0.424632 0.265640 0.020483 0.027077
4 0.397584 0.270775 0.021008 0.026144
6 0.472952 0.246032 0.018382 0.032680
7 0.535977 0.348739 0.015231 0.021475
9 0.484769 0.454248 0.031513 0.068161
4 0.860032 0.313725 0.021534 0.028011
4 0.811712 0.305322 0.021534 0.024276
4 0.599527 0.254435 0.015231 0.032680
2 0.534664 0.342670 0.011555 0.016807
4 0.263393 0.272176 0.018382 0.021475
4 0.331145 0.276844 0.024685 0.027077
