6 0.684349 0.491597 0.036765 0.070028
6 0.565389 0.310458 0.022584 0.042017
0 0.489233 0.175070 0.094013 0.127918
4 0.424632 0.271709 0.012080 0.020542
6 0.437763 0.256303 0.015231 0.032680
5 0.572216 0.364613 0.011029 0.021475
0 0.531513 0.355742 0.016807 0.026144
4 0.440914 0.860878 0.023634 0.085901
6 0.497111 0.672736 0.034139 0.161531
4 0.471901 0.365546 0.009979 0.021475
5 0.565914 0.503735 0.029937 0.071895
4 0.555410 0.263772 0.018382 0.032680
4 0.531250 0.356676 0.011029 0.018674
1 0.533876 0.330065 0.008929 0.021475
4 0.465074 0.319328 0.012080 0.026144
4 0.513655 0.260504 0.009454 0.020542
4 0.484506 0.279178 0.015231 0.020542
