4 0.619485 0.420168 0.046744 0.037348
4 0.387868 0.402428 0.050945 0.044818
4 0.211922 0.392624 0.044643 0.040149
4 0.507616 0.504202 0.025735 0.044818
6 0.648897 0.525677 0.037290 0.070962
6 0.536765 0.288049 0.014706 0.027077
6 0.602153 0.286181 0.019433 0.040149
4 0.493960 0.286181 0.012080 0.023343
0 0.533088 0.182540 0.100840 0.127918
6 0.612920 0.269374 0.049370 0.040149
4 0.472426 0.261905 0.012080 0.021475
4 0.451943 0.259104 0.012080 0.021475
4 0.423057 0.265640 0.020483 0.027077
4 0.395483 0.270775 0.021008 0.026144
6 0.472952 0.246032 0.018382 0.032680
7 0.535977 0.348739 0.015231 0.021475
9 0.485819 0.450980 0.031513 0.067227
4 0.856355 0.312792 0.021534 0.028011
4 0.808561 0.305322 0.021534 0.024276
4 0.600053 0.254435 0.015231 0.032680
2 0.534664 0.342670 0.011555 0.016807
4 0.261292 0.272176 0.018382 0.021475
4 0.328519 0.275910 0.024685 0.027077
