6 0.606618 0.509804 0.017857 0.039216
4 0.571954 0.643324 0.073529 0.123249
0 0.485294 0.099907 0.084034 0.169935
4 0.199842 0.959851 0.044643 0.056022
4 0.712973 0.459384 0.047794 0.042951
4 0.419643 0.815126 0.018908 0.052288
4 0.440651 0.592904 0.015756 0.031746
4 0.850315 0.487395 0.024160 0.028011
4 0.936187 0.446312 0.028887 0.024276
4 0.649422 0.282913 0.014181 0.024276
5 0.543855 0.361345 0.011029 0.016807
4 0.454307 0.324463 0.009454 0.017740
4 0.465074 0.285714 0.009979 0.016807
6 0.439601 0.212885 0.013655 0.028011
4 0.476103 0.291317 0.008929 0.014939
4 0.450368 0.269841 0.008929 0.016807
4 0.496324 0.204949 0.009454 0.014006
4 0.455882 0.245565 0.009454 0.016807
6 0.507616 0.375817 0.011029 0.027077
4 0.463498 0.232960 0.008929 0.015873
4 0.466912 0.268441 0.009454 0.015873
5 0.481355 0.190476 0.007878 0.013072
6 0.544905 0.245098 0.013130 0.030812
