6 0.665966 0.369281 0.019958 0.042017
4 0.554359 0.226424 0.021534 0.045752
0 0.482405 0.111578 0.109769 0.172736
4 0.561975 0.331466 0.014706 0.028011
4 0.556460 0.378618 0.020483 0.028945
4 0.170956 0.268908 0.032038 0.024276
4 0.594013 0.172736 0.018908 0.028011
5 0.572742 0.269374 0.011029 0.021475
4 0.471376 0.540149 0.017332 0.045752
4 0.265494 0.741830 0.054097 0.077498
4 0.363183 0.562558 0.036239 0.056956
4 0.408351 0.449580 0.020483 0.045752
4 0.469275 0.391690 0.014181 0.036415
5 0.494748 0.340336 0.019958 0.047619
9 0.612132 0.572829 0.046744 0.101774
6 0.557511 0.149860 0.014181 0.030812
