6 0.615021 0.564426 0.016807 0.038282
4 0.537290 0.561158 0.031513 0.082166
0 0.483981 0.111111 0.088761 0.192344
4 0.968750 0.561158 0.054097 0.052288
4 0.527836 0.461251 0.026261 0.024276
10 0.568015 0.775444 0.011029 0.038282
2 0.566964 0.774977 0.007878 0.028011
4 0.539128 0.266106 0.014181 0.020542
5 0.544380 0.373950 0.009979 0.019608
4 0.439338 0.441643 0.009979 0.020542
4 0.455357 0.377218 0.009454 0.016807
6 0.434349 0.217087 0.013655 0.028945
4 0.480042 0.339402 0.014706 0.015873
4 0.431197 0.383754 0.009454 0.020542
4 0.435399 0.341737 0.009454 0.022409
6 0.498687 0.340336 0.012080 0.027077
4 0.443015 0.314192 0.009979 0.017740
4 0.457458 0.342670 0.009454 0.016807
5 0.475053 0.254902 0.009979 0.024276
6 0.544905 0.254435 0.013130 0.030812
