6 0.615809 0.470588 0.019433 0.041083
4 0.532300 0.387021 0.026786 0.083100
0 0.483981 0.105509 0.088761 0.181139
4 0.064076 0.369748 0.026261 0.024276
4 0.578256 0.654995 0.025210 0.049486
4 0.638130 0.791783 0.045168 0.065359
4 0.722426 0.376284 0.026786 0.024276
10 0.539653 0.476657 0.011029 0.032680
2 0.539391 0.477591 0.008403 0.028945
4 0.808036 0.271709 0.021534 0.028011
5 0.542805 0.319795 0.008929 0.021475
4 0.409139 0.589636 0.018908 0.042017
4 0.451943 0.401494 0.013130 0.028011
6 0.428571 0.181606 0.014706 0.030812
4 0.507616 0.271242 0.009979 0.017740
4 0.392595 0.447712 0.017332 0.034547
4 0.413866 0.387955 0.014706 0.028945
6 0.492384 0.234827 0.012080 0.025210
4 0.418855 0.340336 0.012080 0.021475
4 0.444065 0.339402 0.012080 0.021475
5 0.465599 0.265640 0.013130 0.032680
6 0.542805 0.199346 0.014181 0.030812
