6 0.649947 0.522409 0.037290 0.070028
6 0.550945 0.622316 0.045168 0.084967
6 0.573267 0.306723 0.015231 0.038282
0 0.501050 0.177871 0.108193 0.126050
4 0.423582 0.278711 0.012080 0.021475
6 0.441964 0.260504 0.018382 0.031746
7 0.599790 0.621382 0.022059 0.047619
6 0.443540 0.423903 0.137080 0.059757
4 0.246849 0.431839 0.042017 0.032680
5 0.516544 0.336601 0.019433 0.038282
4 0.564338 0.272176 0.015231 0.032680
4 0.507090 0.266573 0.008929 0.015873
1 0.547532 0.269374 0.008929 0.021475
4 0.507878 0.285247 0.008403 0.015873
4 0.517069 0.450514 0.015231 0.038282
2 0.595851 0.609244 0.018382 0.028945
4 0.384454 0.510738 0.021008 0.037348
4 0.469800 0.274977 0.008929 0.015873
4 0.635242 0.305789 0.034139 0.027077
4 0.346901 0.296452 0.015231 0.021475
4 0.471376 0.264706 0.011029 0.015873
4 0.476103 0.253968 0.011029 0.014939
