6 0.682248 0.410831 0.030462 0.061625
6 0.563550 0.235761 0.022059 0.045752
0 0.486870 0.144725 0.114496 0.207283
4 0.429359 0.191410 0.012080 0.020542
6 0.439338 0.174603 0.015231 0.031746
5 0.576418 0.302054 0.011029 0.021475
4 0.187237 0.887488 0.070903 0.103641
4 0.449842 0.650327 0.022584 0.064426
6 0.495011 0.514939 0.032038 0.120448
4 0.473214 0.269374 0.011555 0.021475
5 0.575105 0.461718 0.032563 0.079365
4 0.559349 0.194678 0.014706 0.030812
1 0.538603 0.261905 0.008929 0.021475
4 0.467962 0.237162 0.011555 0.026144
4 0.522847 0.187208 0.012080 0.019608
4 0.493435 0.201214 0.015231 0.019608
