6 0.670693 0.378618 0.019958 0.045752
4 0.557511 0.217087 0.022584 0.045752
0 0.484244 0.114379 0.113445 0.172736
4 0.551471 0.308123 0.014706 0.028011
4 0.550945 0.357143 0.021008 0.028945
4 0.063813 0.276377 0.032038 0.024276
4 0.565914 0.171335 0.016282 0.017740
5 0.573792 0.274977 0.011029 0.021475
4 0.469538 0.629785 0.021008 0.060691
4 0.162290 0.876284 0.074580 0.096172
4 0.319065 0.654528 0.041492 0.070962
4 0.383929 0.521475 0.028361 0.051354
4 0.467700 0.435574 0.015231 0.042017
5 0.497111 0.362745 0.021534 0.051354
9 0.604779 0.535948 0.044643 0.098973
6 0.560137 0.147993 0.014181 0.030812
