6 0.622899 0.449113 0.019958 0.041083
4 0.529937 0.345472 0.026261 0.069094
0 0.483981 0.101774 0.088761 0.173669
4 0.577468 0.587302 0.023634 0.042951
4 0.611607 0.700747 0.032038 0.049486
4 0.650473 0.349206 0.029937 0.024276
10 0.543330 0.436508 0.011029 0.032680
2 0.543067 0.436508 0.008403 0.028945
4 0.774947 0.253035 0.019433 0.028011
5 0.547006 0.304855 0.008929 0.021475
4 0.407826 0.622316 0.019433 0.049486
4 0.453782 0.402894 0.013655 0.030812
6 0.430672 0.169468 0.014706 0.030812
4 0.509191 0.254435 0.009979 0.017740
4 0.391807 0.462652 0.018908 0.036415
4 0.413078 0.395425 0.015231 0.032680
6 0.493960 0.218021 0.012080 0.025210
4 0.420956 0.342204 0.012080 0.025210
4 0.447742 0.340336 0.012080 0.023343
5 0.471376 0.267040 0.014181 0.033613
6 0.544380 0.187208 0.014181 0.030812
