6 0.654149 0.403361 0.020483 0.041083
4 0.548319 0.280112 0.022059 0.054155
0 0.478466 0.101307 0.097689 0.172736
4 0.595326 0.476190 0.021534 0.041083
4 0.607405 0.555556 0.030987 0.042951
4 0.525473 0.303922 0.032038 0.025210
4 0.717700 0.211485 0.018382 0.027077
5 0.565914 0.270308 0.009979 0.019608
4 0.430672 0.722222 0.025210 0.066293
4 0.465074 0.415966 0.015231 0.032680
4 0.518120 0.218954 0.009979 0.017740
4 0.395483 0.511204 0.022059 0.045752
4 0.413078 0.422502 0.017332 0.038282
4 0.426208 0.347339 0.012080 0.031746
4 0.456670 0.343137 0.012080 0.027077
5 0.482405 0.269374 0.016282 0.036415
9 0.667542 0.912232 0.068277 0.166200
6 0.552784 0.162932 0.014181 0.030812
