6 0.596113 0.456583 0.017857 0.041083
4 0.622637 0.710551 0.086660 0.132586
0 0.486082 0.090570 0.083508 0.158730
4 0.408876 0.820261 0.017332 0.056956
4 0.314601 0.744164 0.031513 0.050420
4 0.554622 0.404295 0.047269 0.042951
6 0.137868 0.874883 0.166492 0.175537
4 0.441176 0.493464 0.015756 0.028945
4 0.684611 0.416433 0.023634 0.028011
4 0.783351 0.283380 0.014181 0.025210
0 0.234769 0.897292 0.019958 0.037348
5 0.541754 0.337068 0.008929 0.016807
4 0.456933 0.253035 0.008403 0.016807
4 0.466649 0.228758 0.006828 0.013072
6 0.438550 0.192344 0.013655 0.028011
4 0.474265 0.243231 0.009454 0.015873
4 0.459034 0.208217 0.008403 0.014939
4 0.494748 0.206349 0.009454 0.014939
4 0.463761 0.192344 0.008403 0.016807
4 0.486082 0.190009 0.007878 0.012138
6 0.511292 0.396825 0.014181 0.039216
4 0.469275 0.184407 0.007878 0.015873
4 0.469013 0.213819 0.009454 0.014939
6 0.545168 0.235294 0.012605 0.029879
