6 0.660452 0.494865 0.037290 0.070962
6 0.577731 0.297386 0.017857 0.042017
0 0.503414 0.175070 0.094013 0.127918
4 0.433561 0.269841 0.012080 0.020542
6 0.447742 0.253501 0.015231 0.027077
6 0.071954 0.406629 0.136555 0.060691
4 0.438025 0.452848 0.014706 0.026144
5 0.538078 0.431373 0.025735 0.067227
4 0.568015 0.263305 0.015231 0.031746
4 0.520221 0.311391 0.012080 0.021475
1 0.535452 0.298319 0.008929 0.021475
4 0.511292 0.329599 0.012080 0.020542
4 0.451155 0.357143 0.011555 0.021475
4 0.934086 0.332866 0.034139 0.027077
4 0.454569 0.271709 0.015231 0.020542
