6 0.617122 0.541083 0.016807 0.038282
4 0.535452 0.472456 0.026786 0.082166
0 0.483981 0.111578 0.088761 0.193277
4 0.315126 0.425770 0.026261 0.024276
4 0.615546 0.906162 0.031513 0.066293
4 0.929097 0.459851 0.027311 0.025210
10 0.552784 0.630719 0.011029 0.038282
2 0.552258 0.630252 0.007878 0.028011
4 0.513918 0.237162 0.014181 0.020542
4 0.914653 0.341737 0.017332 0.024276
5 0.543592 0.364613 0.009454 0.021475
4 0.420431 0.517274 0.014181 0.028011
4 0.446691 0.401027 0.013130 0.023343
6 0.431197 0.210551 0.014706 0.028945
4 0.494748 0.322596 0.016807 0.017740
4 0.416229 0.419234 0.012080 0.029879
4 0.423319 0.369748 0.013655 0.024276
6 0.493960 0.295051 0.012080 0.026144
4 0.430410 0.334734 0.012080 0.021475
4 0.450630 0.348739 0.011555 0.021475
5 0.470326 0.266106 0.013130 0.031746
6 0.543067 0.231092 0.013655 0.030812
