6 0.646008 0.410831 0.019958 0.041083
4 0.539916 0.303455 0.025210 0.063492
0 0.480830 0.101307 0.095063 0.172736
4 0.592700 0.509804 0.023634 0.042951
4 0.611082 0.596172 0.030987 0.038282
4 0.568540 0.322596 0.032038 0.023343
4 0.734506 0.224556 0.018382 0.027077
5 0.562763 0.284314 0.009979 0.019608
4 0.422532 0.684874 0.021534 0.058824
4 0.459296 0.411298 0.015231 0.032680
6 0.432773 0.161064 0.011555 0.030812
4 0.518120 0.231092 0.009979 0.017740
4 0.396271 0.501867 0.019433 0.045752
4 0.413603 0.419701 0.015231 0.036415
6 0.502626 0.197479 0.011555 0.021475
4 0.424632 0.345938 0.012080 0.028945
4 0.454044 0.341737 0.012080 0.026144
5 0.481092 0.269374 0.015756 0.036415
6 0.552784 0.172269 0.014181 0.030812
