6 0.649685 0.522876 0.036765 0.070962
6 0.548057 0.614846 0.044643 0.083100
6 0.572216 0.305789 0.015231 0.038282
0 0.501050 0.177871 0.108193 0.126050
4 0.423057 0.279645 0.012080 0.021475
6 0.441964 0.260504 0.018382 0.031746
7 0.599002 0.617647 0.021534 0.047619
6 0.453519 0.424837 0.137080 0.059757
4 0.258403 0.431839 0.042017 0.032680
5 0.516544 0.334734 0.019433 0.038282
4 0.564338 0.272176 0.015231 0.032680
4 0.507090 0.265640 0.008929 0.015873
1 0.547532 0.268441 0.008929 0.021475
4 0.507353 0.283380 0.008403 0.015873
4 0.516544 0.445845 0.015231 0.038282
2 0.595326 0.605509 0.018382 0.028945
4 0.381303 0.518207 0.021008 0.037348
4 0.469275 0.275910 0.008929 0.015873
4 0.629464 0.304855 0.034139 0.027077
4 0.342174 0.296452 0.015231 0.021475
4 0.470063 0.264706 0.011555 0.015873
4 0.475315 0.253968 0.011555 0.014939
