6 0.596113 0.484594 0.017857 0.041083
4 0.602941 0.696545 0.074580 0.123249
0 0.486082 0.094771 0.083508 0.157796
4 0.293330 0.804388 0.034139 0.053221
4 0.594800 0.422969 0.047794 0.042951
6 0.091649 0.919234 0.170693 0.159664
4 0.435399 0.562092 0.015756 0.033613
4 0.720851 0.440710 0.023634 0.028011
4 0.746061 0.288049 0.014181 0.025210
0 0.248162 0.947246 0.018382 0.034547
5 0.540704 0.344071 0.008929 0.015873
4 0.456408 0.274510 0.008403 0.016807
4 0.465074 0.250233 0.006828 0.013072
6 0.438550 0.205415 0.013655 0.028011
4 0.474002 0.262372 0.009979 0.014939
4 0.457721 0.228758 0.008929 0.014939
4 0.493697 0.215686 0.009454 0.014939
4 0.462185 0.211951 0.009454 0.016807
4 0.486345 0.196545 0.007353 0.010271
6 0.509716 0.392157 0.014181 0.039216
4 0.467700 0.204015 0.008929 0.015873
4 0.468487 0.234360 0.009454 0.014939
6 0.545168 0.237628 0.012605 0.030812
