4 0.346113 0.443511 0.047269 0.037348
4 0.114758 0.434174 0.050945 0.044818
4 0.463235 0.654062 0.037815 0.060691
6 0.645746 0.557423 0.037290 0.070962
6 0.536239 0.329132 0.016807 0.038282
6 0.597426 0.300187 0.015231 0.038282
4 0.505777 0.279645 0.008403 0.015873
0 0.533088 0.182540 0.100840 0.127918
6 0.652048 0.295518 0.053046 0.045752
4 0.489758 0.265640 0.012080 0.021475
4 0.451943 0.272176 0.012080 0.021475
4 0.460347 0.276844 0.012080 0.021475
4 0.441439 0.281046 0.013130 0.020542
6 0.472426 0.257236 0.018382 0.032680
7 0.539128 0.399627 0.016282 0.022409
9 0.471901 0.544351 0.046744 0.106443
4 0.959034 0.345472 0.022059 0.028011
4 0.912027 0.335201 0.020483 0.024276
4 0.598477 0.269374 0.015231 0.032680
4 0.538603 0.263772 0.012080 0.021475
2 0.539128 0.384687 0.012080 0.018674
4 0.461397 0.352474 0.012080 0.021475
4 0.329044 0.289916 0.018382 0.021475
4 0.383929 0.288049 0.017857 0.021475
