6 0.613708 0.557890 0.017332 0.038282
4 0.543067 0.600840 0.036765 0.101774
0 0.483981 0.105509 0.088761 0.181139
4 0.870798 0.521942 0.054622 0.050420
4 0.412553 0.978058 0.020483 0.042017
4 0.686975 0.461251 0.029412 0.024276
10 0.582195 0.882820 0.011029 0.038282
2 0.581670 0.885154 0.007878 0.028011
4 0.566964 0.280579 0.013130 0.021475
5 0.545693 0.381419 0.010504 0.017740
4 0.446166 0.411765 0.011029 0.024276
4 0.459821 0.345472 0.009979 0.016807
6 0.436975 0.222222 0.013655 0.028011
4 0.477416 0.327264 0.011555 0.014006
4 0.439076 0.341737 0.009454 0.020542
4 0.493435 0.201214 0.009979 0.014006
4 0.444065 0.306723 0.009979 0.017740
6 0.502363 0.356209 0.012080 0.027077
4 0.451418 0.285247 0.009979 0.017740
4 0.461660 0.318394 0.009454 0.016807
5 0.478466 0.233894 0.010504 0.021475
6 0.544905 0.251634 0.013130 0.030812
