4 0.787290 0.434174 0.052521 0.037348
4 0.558036 0.416433 0.050945 0.041083
4 0.393382 0.400560 0.044118 0.041083
4 0.527048 0.441176 0.023634 0.042017
6 0.653887 0.523810 0.034664 0.070962
6 0.537027 0.279178 0.013130 0.022409
6 0.600315 0.285714 0.015756 0.039216
4 0.484506 0.304855 0.011029 0.021475
0 0.543330 0.201214 0.077206 0.133520
6 0.598477 0.265640 0.029937 0.038282
4 0.458771 0.265640 0.012080 0.014006
4 0.452468 0.259104 0.011029 0.015873
4 0.401523 0.276844 0.018382 0.023343
4 0.367384 0.274977 0.021534 0.023343
6 0.474002 0.240896 0.017332 0.028011
6 0.536502 0.339402 0.009979 0.021475
9 0.502101 0.416433 0.031513 0.067227
4 0.802258 0.309057 0.021534 0.028011
4 0.759191 0.305322 0.021534 0.024276
4 0.600053 0.254435 0.015231 0.032680
2 0.534664 0.342670 0.011555 0.016807
4 0.521534 0.257703 0.009454 0.016807
4 0.218225 0.275910 0.018382 0.021475
4 0.292805 0.276844 0.024685 0.027077
