6 0.596113 0.471522 0.017857 0.041083
4 0.609244 0.705882 0.074580 0.123249
0 0.485819 0.097572 0.082983 0.163399
4 0.400473 0.921102 0.021534 0.066293
4 0.303309 0.780112 0.034139 0.053221
4 0.576418 0.414566 0.047794 0.042951
6 0.111082 0.911765 0.170693 0.174603
4 0.438813 0.531746 0.016282 0.028945
4 0.703519 0.434174 0.023634 0.028011
4 0.762342 0.287115 0.014181 0.025210
0 0.241859 0.923903 0.018382 0.034547
5 0.540704 0.342204 0.008929 0.015873
4 0.456933 0.267040 0.008403 0.016807
4 0.465336 0.244164 0.006303 0.012138
6 0.438550 0.202614 0.013655 0.028011
4 0.474002 0.257236 0.009979 0.015873
4 0.458771 0.222222 0.008929 0.014939
4 0.493172 0.215686 0.009454 0.014939
4 0.463235 0.205415 0.009454 0.016807
4 0.486082 0.197012 0.007878 0.011204
6 0.510767 0.394024 0.014181 0.039216
4 0.468225 0.199346 0.008929 0.015873
4 0.469013 0.227824 0.009454 0.014939
6 0.545168 0.236695 0.012605 0.030812
