4 0.652048 0.422035 0.047794 0.037348
4 0.420956 0.404295 0.050945 0.042951
4 0.246586 0.394024 0.044643 0.041083
4 0.511029 0.494398 0.025210 0.043884
6 0.649422 0.524743 0.037290 0.070962
6 0.537027 0.285714 0.014181 0.026144
6 0.601366 0.285714 0.018908 0.039216
4 0.492122 0.288982 0.011555 0.023343
0 0.533613 0.183473 0.098739 0.127918
6 0.609506 0.267974 0.047794 0.039216
4 0.469275 0.261438 0.012080 0.020542
4 0.451943 0.258637 0.012080 0.020542
4 0.418855 0.266573 0.019433 0.025210
4 0.389181 0.270775 0.021008 0.026144
6 0.472952 0.245098 0.018382 0.032680
6 0.535977 0.346872 0.014181 0.021475
9 0.488971 0.441643 0.031513 0.067227
4 0.845326 0.312792 0.021534 0.028011
4 0.799107 0.305322 0.021534 0.024276
4 0.600053 0.254435 0.015231 0.032680
2 0.534664 0.342670 0.011555 0.016807
4 0.254989 0.272176 0.018382 0.021475
4 0.322216 0.275910 0.024685 0.027077
