6 0.631565 0.530345 0.037290 0.070962
6 0.523897 0.398226 0.019433 0.045752
6 0.595851 0.300187 0.017332 0.038282
0 0.533088 0.182540 0.100840 0.127918
6 0.775473 0.316993 0.070903 0.049486
4 0.452994 0.274043 0.012080 0.021475
4 0.489233 0.260971 0.009979 0.015873
6 0.471376 0.255369 0.018382 0.032680
7 0.541229 0.471055 0.018382 0.027077
6 0.949055 0.451914 0.099790 0.059757
4 0.775473 0.454715 0.038340 0.029879
9 0.418330 0.734827 0.066702 0.141923
5 0.539653 0.275444 0.012080 0.026144
4 0.595851 0.270308 0.015231 0.032680
4 0.527311 0.306256 0.014706 0.022409
2 0.537553 0.456583 0.012080 0.026144
4 0.479779 0.305789 0.012080 0.021475
4 0.555410 0.264706 0.012080 0.019608
4 0.166229 0.298319 0.021534 0.021475
4 0.429359 0.282446 0.015231 0.019608
4 0.471376 0.275444 0.015231 0.020542
