6 0.632616 0.539683 0.037290 0.070962
6 0.522321 0.386555 0.017332 0.039216
6 0.595588 0.302054 0.017857 0.038282
0 0.533088 0.182540 0.100840 0.127918
6 0.755515 0.316993 0.067752 0.049486
4 0.452994 0.275910 0.012080 0.021475
4 0.496324 0.262838 0.011555 0.019608
4 0.484769 0.266573 0.010504 0.017740
6 0.471376 0.256303 0.018382 0.032680
7 0.541229 0.469655 0.018382 0.026144
4 0.836397 0.465920 0.038340 0.029879
9 0.424107 0.707750 0.061450 0.130719
5 0.540704 0.271709 0.012080 0.026144
4 0.595326 0.272176 0.015231 0.032680
4 0.528624 0.303455 0.014181 0.022409
2 0.540966 0.451447 0.012605 0.025210
4 0.477679 0.313259 0.012080 0.021475
4 0.553309 0.261905 0.011029 0.017740
4 0.141019 0.304855 0.021534 0.021475
4 0.417279 0.286181 0.018382 0.021475
4 0.462973 0.278245 0.015231 0.020542
