6 0.646271 0.511671 0.037290 0.070962
6 0.579044 0.678805 0.054097 0.100840
6 0.570116 0.302988 0.015231 0.038282
0 0.502363 0.177871 0.103466 0.126050
4 0.426733 0.277778 0.012080 0.021475
6 0.445116 0.259570 0.018382 0.031746
7 0.609769 0.660131 0.024160 0.050420
6 0.356355 0.415500 0.137080 0.059757
4 0.154412 0.423436 0.042017 0.032680
4 0.341912 0.823529 0.035714 0.078431
5 0.517069 0.350607 0.019433 0.038282
4 0.565389 0.274043 0.015231 0.032680
4 0.506828 0.272176 0.009454 0.015873
1 0.541754 0.275910 0.008929 0.021475
4 0.505252 0.291783 0.008403 0.015873
4 0.518382 0.499066 0.015756 0.038282
2 0.603204 0.647526 0.018382 0.028945
4 0.398372 0.471522 0.019433 0.033613
4 0.474527 0.266573 0.008929 0.015873
4 0.693540 0.316060 0.034139 0.027077
4 0.378939 0.288982 0.015231 0.021475
4 0.477679 0.253035 0.011029 0.016807
