6 0.616071 0.563492 0.016807 0.038282
4 0.535714 0.534547 0.027311 0.081232
0 0.483981 0.111578 0.088761 0.193277
4 0.453782 0.452848 0.026261 0.024276
10 0.562237 0.723156 0.011029 0.038282
2 0.561187 0.721755 0.007878 0.028011
4 0.529149 0.259570 0.014181 0.018674
4 0.970326 0.380952 0.020483 0.026144
5 0.544118 0.370682 0.009454 0.020542
4 0.432248 0.469655 0.011555 0.022409
4 0.452206 0.387021 0.010504 0.019608
6 0.433036 0.214753 0.014181 0.028011
4 0.484769 0.336134 0.015756 0.016807
4 0.425683 0.400560 0.009979 0.024276
4 0.430935 0.353408 0.011029 0.023343
6 0.496586 0.325397 0.012080 0.027077
4 0.438550 0.323063 0.010504 0.018674
4 0.454832 0.346872 0.010504 0.017740
5 0.473477 0.260037 0.011029 0.027077
6 0.544380 0.247899 0.013130 0.030812
