6 0.609769 0.524743 0.017857 0.039216
4 0.554884 0.626517 0.048845 0.106443
0 0.484769 0.101307 0.086134 0.172736
4 0.760767 0.475257 0.047794 0.042951
4 0.409664 0.972923 0.021008 0.052288
4 0.435924 0.677871 0.016807 0.041083
4 0.907038 0.511204 0.024160 0.028945
4 0.862395 0.449113 0.029412 0.024276
4 0.619748 0.279178 0.013655 0.024276
5 0.546481 0.367880 0.011029 0.016807
4 0.453782 0.346872 0.009454 0.019608
4 0.465074 0.300654 0.009979 0.016807
6 0.439601 0.215686 0.013655 0.028011
4 0.477153 0.300654 0.009979 0.014939
4 0.448004 0.286181 0.009454 0.019608
4 0.496849 0.201214 0.009454 0.014006
4 0.452994 0.261438 0.009979 0.016807
6 0.504727 0.368347 0.010504 0.027077
4 0.460872 0.245098 0.008929 0.015873
4 0.466912 0.281046 0.009454 0.016807
5 0.480830 0.202148 0.008929 0.017740
6 0.544905 0.246965 0.013130 0.030812
