6 0.681723 0.414099 0.036765 0.070028
6 0.563288 0.241363 0.022584 0.042017
0 0.486607 0.113912 0.098214 0.145658
4 0.428309 0.199813 0.012080 0.020542
6 0.439338 0.185808 0.015231 0.031746
5 0.576418 0.309524 0.011029 0.021475
4 0.142069 0.949113 0.074055 0.099907
4 0.450630 0.689542 0.025210 0.070028
6 0.495536 0.546685 0.033088 0.135387
4 0.472952 0.280579 0.009979 0.021475
5 0.571166 0.451914 0.030987 0.070962
4 0.556723 0.199346 0.017857 0.032680
1 0.537553 0.265640 0.008929 0.021475
4 0.467437 0.253035 0.011555 0.026144
4 0.518908 0.193277 0.009454 0.020542
4 0.491334 0.211018 0.015231 0.020542
