6 0.614233 0.553221 0.017332 0.038282
4 0.547006 0.614846 0.037290 0.101774
0 0.483981 0.103175 0.088761 0.176471
4 0.837973 0.517740 0.053046 0.043884
4 0.419380 0.880019 0.020483 0.056956
4 0.745798 0.463119 0.029412 0.024276
10 0.586660 0.929038 0.014706 0.037348
2 0.586134 0.928105 0.007353 0.028011
4 0.580095 0.280579 0.014181 0.023343
5 0.545693 0.383754 0.010504 0.016807
4 0.449580 0.392157 0.009454 0.018674
4 0.461397 0.333333 0.009979 0.016807
6 0.437763 0.224090 0.013130 0.028011
4 0.476628 0.322129 0.009979 0.013072
4 0.442227 0.325864 0.009454 0.020542
4 0.494485 0.204015 0.009979 0.014006
4 0.447742 0.293184 0.009979 0.016807
6 0.503414 0.362745 0.012080 0.027077
4 0.454832 0.274043 0.009454 0.017740
4 0.463235 0.309991 0.009454 0.016807
5 0.479517 0.225957 0.010504 0.020542
6 0.544905 0.249767 0.013130 0.030812
