6 0.640231 0.419234 0.019958 0.041083
4 0.541229 0.319795 0.019433 0.068161
0 0.481618 0.101307 0.093487 0.172736
4 0.590599 0.524743 0.023634 0.042951
4 0.611607 0.621849 0.035189 0.052288
4 0.586660 0.327264 0.031513 0.023343
4 0.742910 0.231092 0.018382 0.027077
5 0.560137 0.289916 0.009979 0.019608
4 0.414916 0.665733 0.021008 0.056022
4 0.457721 0.401961 0.015231 0.038282
6 0.432248 0.161998 0.012605 0.030812
4 0.517069 0.236695 0.009979 0.017740
4 0.394433 0.488796 0.019958 0.042017
4 0.412553 0.401027 0.015231 0.040149
6 0.501838 0.200280 0.012080 0.025210
4 0.424107 0.345005 0.012080 0.028945
4 0.452468 0.341737 0.012080 0.026144
5 0.479779 0.269374 0.015231 0.036415
6 0.551733 0.176004 0.014181 0.030812
