6 0.615546 0.523343 0.016807 0.038282
4 0.532826 0.454248 0.026786 0.083100
0 0.483981 0.111578 0.088761 0.193277
4 0.256828 0.412698 0.026261 0.024276
4 0.604254 0.839869 0.028887 0.062558
4 0.881303 0.438842 0.027311 0.024276
10 0.549107 0.591503 0.011029 0.038282
2 0.549107 0.591036 0.007878 0.028011
4 0.508403 0.225957 0.012605 0.020542
4 0.889706 0.323063 0.015756 0.022409
5 0.543067 0.355275 0.009454 0.021475
4 0.416229 0.528945 0.017332 0.032680
4 0.448267 0.397759 0.012080 0.022409
6 0.430672 0.204949 0.014706 0.028945
4 0.500000 0.312325 0.016807 0.017740
4 0.410977 0.425303 0.013130 0.030812
4 0.418855 0.373950 0.014181 0.025210
6 0.492910 0.281979 0.012080 0.026144
4 0.427258 0.336601 0.012080 0.021475
4 0.449317 0.347806 0.012080 0.021475
5 0.469013 0.266573 0.013655 0.032680
6 0.542542 0.223623 0.013655 0.030812
