6 0.658876 0.494865 0.037290 0.070962
6 0.576681 0.297386 0.017857 0.042017
0 0.504464 0.175070 0.094013 0.127918
4 0.432511 0.269841 0.012080 0.020542
6 0.446954 0.252568 0.015756 0.027077
6 0.071954 0.406629 0.136555 0.060691
4 0.436975 0.455182 0.014706 0.025210
5 0.537553 0.430439 0.025735 0.067227
4 0.568540 0.264239 0.015231 0.031746
4 0.519170 0.310458 0.012080 0.021475
1 0.534926 0.298319 0.008929 0.021475
4 0.510767 0.328665 0.012080 0.020542
4 0.450105 0.357143 0.011555 0.021475
4 0.927784 0.331933 0.034139 0.027077
4 0.454044 0.272642 0.015231 0.020542
