4 0.118697 0.455649 0.047269 0.037348
4 0.405200 0.843604 0.041492 0.075630
6 0.642595 0.582633 0.037290 0.070962
6 0.529674 0.372082 0.017332 0.038282
6 0.596639 0.314659 0.018908 0.039216
4 0.513655 0.273109 0.008403 0.015873
0 0.533088 0.182540 0.100840 0.127918
6 0.703782 0.321662 0.066176 0.049486
4 0.501313 0.268441 0.012080 0.021475
4 0.452994 0.286181 0.012080 0.021475
4 0.482143 0.280579 0.011555 0.019608
4 0.470326 0.284314 0.012080 0.021475
6 0.472426 0.269374 0.018382 0.032680
7 0.544380 0.435107 0.017332 0.022409
9 0.443803 0.660131 0.051471 0.112045
5 0.542279 0.269841 0.011029 0.022409
4 0.597426 0.282446 0.015231 0.032680
4 0.534401 0.288982 0.012080 0.021475
2 0.544643 0.426237 0.012605 0.021475
4 0.470326 0.338469 0.012080 0.021475
4 0.550683 0.260971 0.009979 0.015873
4 0.051208 0.321662 0.021534 0.021475
4 0.378939 0.297386 0.018382 0.021475
4 0.432248 0.295518 0.017857 0.021475
