6 0.685399 0.495331 0.036765 0.066293
6 0.566439 0.313259 0.022584 0.042017
0 0.489233 0.179739 0.094013 0.127918
4 0.423582 0.272642 0.012080 0.020542
6 0.436187 0.259104 0.015231 0.032680
5 0.565914 0.369748 0.011029 0.020542
0 0.531250 0.354809 0.017332 0.026144
4 0.438813 0.887955 0.023634 0.085901
6 0.497637 0.693744 0.035189 0.175537
4 0.470851 0.371148 0.009979 0.021475
5 0.564863 0.499066 0.029937 0.071895
4 0.556460 0.265640 0.018382 0.032680
4 0.530200 0.354809 0.011029 0.018674
1 0.533351 0.330065 0.008929 0.021475
4 0.463498 0.324930 0.012080 0.026144
4 0.512080 0.262372 0.009454 0.020542
4 0.482405 0.279178 0.015231 0.020542
