6 0.635767 0.521008 0.037290 0.070962
6 0.526786 0.418768 0.022059 0.056956
6 0.597164 0.298319 0.015756 0.038282
0 0.535452 0.182540 0.096113 0.127918
6 0.806197 0.317460 0.072479 0.050420
4 0.455095 0.274043 0.012080 0.021475
6 0.475053 0.256303 0.018382 0.032680
7 0.546744 0.481326 0.017857 0.027077
6 0.866334 0.441643 0.137080 0.059757
4 0.677784 0.436975 0.038340 0.029879
9 0.408351 0.802054 0.067752 0.179272
5 0.540704 0.277778 0.016282 0.028945
4 0.596376 0.267507 0.015231 0.032680
4 0.528361 0.321195 0.014706 0.022409
2 0.543592 0.462652 0.013655 0.023343
4 0.147059 0.865546 0.051471 0.084034
4 0.485557 0.292717 0.012080 0.021475
4 0.562763 0.267974 0.015231 0.020542
4 0.208246 0.295518 0.021534 0.021475
4 0.447479 0.277778 0.011555 0.015873
4 0.482405 0.266573 0.015231 0.019608
