6 0.602941 0.499066 0.017857 0.040149
4 0.580882 0.660131 0.073529 0.123249
0 0.485819 0.098973 0.082983 0.166200
4 0.237658 0.897292 0.044643 0.056022
4 0.670956 0.448179 0.047794 0.042951
4 0.425158 0.706349 0.017332 0.049486
4 0.443803 0.528945 0.014706 0.030812
4 0.798582 0.469655 0.023634 0.028011
4 0.681460 0.282913 0.014181 0.024276
5 0.542279 0.355742 0.011029 0.016807
4 0.454832 0.304388 0.009454 0.016807
4 0.465336 0.272642 0.009454 0.016807
6 0.439601 0.210084 0.013655 0.028011
4 0.475315 0.280112 0.008403 0.014939
4 0.452468 0.254902 0.008929 0.014939
4 0.495798 0.207750 0.009454 0.014006
4 0.457983 0.232493 0.009454 0.016807
6 0.507616 0.376751 0.011029 0.027077
4 0.465599 0.221755 0.008929 0.015873
4 0.467437 0.255836 0.009454 0.014939
6 0.544905 0.242297 0.013130 0.030812
