6 0.616597 0.550420 0.016807 0.038282
4 0.534664 0.497199 0.027311 0.081232
0 0.483981 0.111578 0.088761 0.193277
4 0.357668 0.437908 0.026261 0.024276
4 0.624737 0.953315 0.030987 0.067227
4 0.963235 0.472923 0.027311 0.025210
10 0.555410 0.659664 0.011029 0.038282
2 0.554359 0.658263 0.007878 0.028011
4 0.518120 0.245565 0.014181 0.018674
4 0.932511 0.355275 0.020483 0.027077
5 0.543592 0.366480 0.009454 0.021475
4 0.423845 0.503268 0.013655 0.026144
4 0.448004 0.396825 0.012605 0.022409
6 0.431723 0.211485 0.014706 0.028945
4 0.491859 0.326331 0.016282 0.017740
4 0.420431 0.415033 0.011029 0.028945
4 0.425420 0.365079 0.012605 0.024276
6 0.495011 0.304388 0.012080 0.026144
4 0.432773 0.331466 0.011555 0.020542
4 0.451943 0.348273 0.011029 0.020542
5 0.471113 0.264706 0.012605 0.030812
6 0.543592 0.235761 0.013655 0.030812
