6 0.646271 0.498599 0.037290 0.070962
6 0.569065 0.298319 0.016282 0.040149
0 0.503151 0.178805 0.094538 0.127918
4 0.425683 0.269841 0.012080 0.020542
6 0.443277 0.253501 0.017857 0.032680
7 0.739233 0.883287 0.046744 0.078431
6 0.111607 0.408030 0.137080 0.059757
4 0.427258 0.479458 0.016282 0.027077
5 0.530725 0.415500 0.023634 0.065359
4 0.562763 0.267507 0.015231 0.032680
4 0.511029 0.302988 0.011555 0.021475
1 0.530200 0.292717 0.008929 0.021475
4 0.502889 0.322129 0.012080 0.020542
4 0.526786 0.798319 0.025210 0.069094
2 0.730830 0.866480 0.022584 0.037348
4 0.435399 0.374416 0.012605 0.022409
4 0.876838 0.330065 0.034139 0.027077
4 0.439863 0.276377 0.015231 0.020542
