6 0.672269 0.380952 0.019958 0.046685
4 0.557511 0.217087 0.021534 0.045752
0 0.484506 0.115313 0.113971 0.172736
4 0.549370 0.302521 0.014706 0.028011
4 0.548845 0.347806 0.019958 0.028945
4 0.035977 0.278245 0.032038 0.024276
4 0.563813 0.165733 0.016282 0.017740
5 0.573792 0.276844 0.011029 0.021475
4 0.468750 0.654995 0.021534 0.064426
4 0.132090 0.912232 0.079307 0.097106
4 0.305672 0.677871 0.044118 0.076564
4 0.376050 0.540149 0.029412 0.053221
4 0.467174 0.445845 0.015231 0.042017
5 0.496586 0.365546 0.021534 0.058824
9 0.603204 0.526611 0.044643 0.098973
6 0.560662 0.147059 0.014181 0.030812
