6 0.657300 0.495798 0.037290 0.070962
6 0.575893 0.297386 0.017332 0.042017
0 0.503939 0.176004 0.094013 0.127918
4 0.431985 0.269841 0.012080 0.020542
6 0.446691 0.252101 0.016282 0.028011
6 0.075105 0.406629 0.136555 0.060691
4 0.436187 0.457516 0.015231 0.026144
5 0.536765 0.429038 0.025210 0.066293
4 0.569065 0.264239 0.015231 0.031746
4 0.518645 0.310458 0.012080 0.021475
1 0.534926 0.298319 0.008929 0.021475
4 0.509716 0.327731 0.012080 0.020542
4 0.557511 0.928571 0.027836 0.079365
4 0.449580 0.358077 0.011555 0.021475
4 0.922006 0.331933 0.034139 0.027077
4 0.452994 0.272642 0.015231 0.020542
