6 0.616597 0.553221 0.016807 0.038282
4 0.534664 0.512138 0.027311 0.081232
0 0.483981 0.111578 0.088761 0.193277
4 0.382878 0.442577 0.026261 0.024276
4 0.983718 0.475724 0.027311 0.025210
10 0.556985 0.675537 0.011029 0.038282
2 0.555935 0.674136 0.007878 0.028011
4 0.520746 0.250700 0.014181 0.017740
4 0.942489 0.363212 0.021534 0.028011
5 0.543855 0.367880 0.009979 0.020542
4 0.425945 0.494865 0.012605 0.026144
4 0.449317 0.394491 0.012080 0.021475
6 0.432248 0.212418 0.014706 0.028945
4 0.490284 0.329132 0.016282 0.017740
4 0.420431 0.415033 0.011029 0.028945
4 0.426733 0.362278 0.012080 0.024276
6 0.495536 0.309524 0.012080 0.027077
4 0.434349 0.329132 0.011555 0.019608
4 0.452468 0.347806 0.011029 0.019608
5 0.471901 0.263305 0.012080 0.029879
6 0.543592 0.238562 0.013655 0.030812
