6 0.613971 0.562558 0.016807 0.038282
4 0.538078 0.577965 0.030987 0.082166
0 0.483981 0.108777 0.088761 0.187675
4 0.930410 0.539683 0.055147 0.052288
4 0.589286 0.457516 0.026261 0.024276
10 0.573267 0.816527 0.011029 0.038282
2 0.572742 0.816993 0.007878 0.028011
4 0.547532 0.270308 0.014181 0.023343
5 0.544905 0.376751 0.009979 0.017740
4 0.443803 0.425303 0.009454 0.017740
4 0.456933 0.365079 0.009454 0.016807
6 0.435399 0.219421 0.013655 0.028011
4 0.479254 0.334734 0.013130 0.015873
4 0.434349 0.367880 0.009454 0.020542
4 0.438813 0.328665 0.009979 0.020542
6 0.499737 0.346872 0.012080 0.027077
4 0.446166 0.302988 0.009979 0.017740
4 0.459034 0.333333 0.009454 0.016807
5 0.476628 0.246965 0.009979 0.023343
6 0.544905 0.253501 0.013130 0.030812
