6 0.677258 0.495798 0.037290 0.070962
6 0.568803 0.304388 0.021008 0.042951
0 0.489233 0.180672 0.094013 0.127918
4 0.422532 0.271709 0.012080 0.020542
6 0.436975 0.254435 0.015756 0.027077
6 0.465074 0.885154 0.051996 0.227824
4 0.453782 0.413165 0.012605 0.023343
5 0.549370 0.455649 0.029412 0.070962
4 0.557511 0.263305 0.015231 0.031746
4 0.520483 0.330532 0.011555 0.020542
1 0.527048 0.312325 0.008929 0.021475
4 0.511817 0.351074 0.012080 0.020542
4 0.456408 0.341270 0.011555 0.021475
4 0.465074 0.272642 0.015231 0.020542
