6 0.660452 0.525677 0.037290 0.070962
6 0.532563 0.456583 0.027311 0.076564
6 0.605567 0.299253 0.015756 0.038282
0 0.542805 0.182540 0.094013 0.127918
6 0.901261 0.326797 0.072479 0.050420
4 0.464023 0.274043 0.012080 0.021475
6 0.481880 0.255369 0.018382 0.032680
7 0.573529 0.531746 0.017857 0.032680
6 0.703519 0.425770 0.137080 0.059757
4 0.524947 0.426704 0.038340 0.029879
5 0.548582 0.296452 0.015231 0.032680
4 0.603729 0.269374 0.015231 0.032680
4 0.549107 0.254435 0.008929 0.015873
4 0.538603 0.357610 0.014181 0.022409
2 0.569590 0.518674 0.015231 0.021475
4 0.305672 0.665266 0.033613 0.055089
4 0.499212 0.283380 0.008929 0.015873
4 0.591649 0.283847 0.015231 0.020542
4 0.284926 0.293184 0.021534 0.022409
4 0.481618 0.274043 0.011555 0.015873
4 0.503414 0.259570 0.012080 0.014939
