4 0.255777 0.468721 0.047269 0.037348
4 0.444590 0.746499 0.037290 0.075630
6 0.645483 0.579365 0.036765 0.070028
6 0.532826 0.351541 0.017332 0.038282
6 0.598214 0.311391 0.018908 0.038282
4 0.509979 0.283380 0.008403 0.015873
0 0.533088 0.182540 0.100840 0.127918
6 0.673845 0.309057 0.066176 0.046685
4 0.494485 0.273109 0.012080 0.021475
4 0.452994 0.284314 0.012080 0.021475
4 0.469013 0.286181 0.011555 0.021475
4 0.452468 0.288982 0.012080 0.021475
6 0.472426 0.266573 0.018382 0.032680
7 0.541492 0.419234 0.016807 0.022409
9 0.460609 0.607376 0.048319 0.107376
5 0.542805 0.261438 0.013130 0.022409
4 0.596901 0.283380 0.015231 0.032680
4 0.537553 0.279645 0.012080 0.021475
2 0.541492 0.404762 0.012605 0.019608
4 0.464023 0.357143 0.012080 0.021475
4 0.350578 0.303922 0.018382 0.021475
4 0.406513 0.297386 0.017857 0.021475
