6 0.680410 0.406629 0.037290 0.070028
6 0.563288 0.234360 0.022584 0.042951
0 0.486870 0.129318 0.106092 0.176471
4 0.428834 0.196078 0.012080 0.020542
6 0.439338 0.180205 0.015231 0.031746
5 0.576418 0.305789 0.011029 0.021475
4 0.167805 0.910364 0.074055 0.108310
4 0.449580 0.667134 0.024160 0.068161
6 0.495536 0.526144 0.033088 0.127918
4 0.472689 0.271242 0.010504 0.021475
5 0.572479 0.452848 0.031513 0.072829
4 0.558036 0.197012 0.016282 0.031746
1 0.537553 0.260037 0.008929 0.021475
4 0.467962 0.244631 0.011555 0.026144
4 0.520483 0.185808 0.010504 0.020542
4 0.492384 0.206349 0.015231 0.020542
