6 0.648634 0.523343 0.036765 0.070028
6 0.542279 0.598973 0.043592 0.081232
6 0.570641 0.304855 0.015231 0.038282
0 0.500788 0.177871 0.108718 0.126050
4 0.422532 0.279645 0.012080 0.021475
6 0.440914 0.260504 0.018382 0.031746
7 0.592700 0.606909 0.021534 0.046685
6 0.474002 0.425770 0.137080 0.059757
4 0.282300 0.433240 0.042542 0.033613
5 0.515494 0.331466 0.019433 0.037348
4 0.564338 0.272176 0.015231 0.032680
4 0.507090 0.262838 0.008929 0.015873
1 0.547006 0.267507 0.008929 0.021475
4 0.506303 0.279645 0.008403 0.015873
4 0.515494 0.436508 0.015231 0.038282
2 0.588498 0.595238 0.017332 0.027077
4 0.373424 0.529412 0.022059 0.037348
4 0.467700 0.277778 0.008929 0.015873
4 0.617910 0.302054 0.034139 0.027077
4 0.332195 0.296452 0.015231 0.021475
4 0.467437 0.264706 0.011555 0.015873
4 0.473739 0.254902 0.011555 0.014939
