6 0.621324 0.452848 0.019958 0.041083
4 0.529937 0.353875 0.026261 0.072829
0 0.483981 0.102708 0.088761 0.175537
4 0.576943 0.598506 0.023634 0.042951
4 0.617910 0.715686 0.040441 0.060691
4 0.662290 0.354342 0.028361 0.023343
10 0.542279 0.443044 0.011029 0.032680
2 0.542017 0.443044 0.008403 0.028945
4 0.780987 0.256303 0.019958 0.027077
5 0.544380 0.308590 0.008929 0.021475
4 0.408088 0.616713 0.019958 0.047619
4 0.453256 0.402428 0.013655 0.029879
6 0.430147 0.172269 0.014706 0.030812
4 0.507616 0.258170 0.009979 0.017740
4 0.391544 0.458917 0.018382 0.036415
4 0.413078 0.394024 0.015231 0.031746
6 0.492384 0.221755 0.012080 0.025210
4 0.420431 0.341737 0.012080 0.024276
4 0.446691 0.339869 0.012080 0.022409
5 0.470063 0.266573 0.013655 0.034547
6 0.543330 0.189076 0.014181 0.030812
