6 0.614496 0.497199 0.016807 0.038282
4 0.532300 0.415966 0.026786 0.083100
0 0.483981 0.109711 0.088761 0.189542
4 0.165441 0.392157 0.026261 0.024276
4 0.590861 0.745565 0.026261 0.055089
4 0.678046 0.908497 0.045168 0.065359
4 0.806460 0.408964 0.026786 0.024276
10 0.543330 0.536415 0.011029 0.028945
2 0.543067 0.535481 0.008403 0.028945
4 0.849527 0.296919 0.021534 0.028011
5 0.542279 0.336601 0.008929 0.021475
4 0.410189 0.553688 0.017857 0.035481
4 0.450105 0.399160 0.012605 0.025210
6 0.429622 0.194211 0.014706 0.029879
4 0.505252 0.293651 0.014706 0.017740
4 0.402574 0.435574 0.015231 0.032680
4 0.414653 0.380019 0.014181 0.026144
6 0.492384 0.260037 0.012080 0.025210
4 0.421481 0.337535 0.012080 0.021475
4 0.446691 0.343137 0.012080 0.021475
5 0.467437 0.265640 0.013655 0.032680
6 0.542279 0.212418 0.014181 0.030812
