6 0.662553 0.369748 0.020483 0.039216
4 0.549107 0.242297 0.021534 0.045752
0 0.479517 0.106909 0.105042 0.172736
4 0.576943 0.377684 0.018382 0.038282
4 0.572216 0.429505 0.020483 0.029879
4 0.332721 0.267040 0.032038 0.024276
4 0.642332 0.186741 0.018908 0.028011
5 0.571166 0.259104 0.011029 0.021475
4 0.471113 0.455649 0.016807 0.037348
4 0.342700 0.603175 0.035189 0.057890
4 0.397847 0.473856 0.025735 0.045752
4 0.424370 0.380952 0.014706 0.037348
4 0.468225 0.346872 0.012080 0.032680
5 0.491334 0.303922 0.018382 0.042017
9 0.632878 0.672269 0.051471 0.119514
6 0.555935 0.150794 0.014181 0.030812
