4 0.754202 0.431373 0.052521 0.037348
4 0.523372 0.414566 0.050945 0.041083
4 0.355830 0.396825 0.044643 0.041083
4 0.523372 0.460784 0.023634 0.042017
6 0.652836 0.523810 0.035714 0.070962
6 0.537290 0.279178 0.012605 0.024276
6 0.600315 0.286181 0.014706 0.038282
4 0.485557 0.301120 0.011029 0.021475
0 0.540704 0.196545 0.082458 0.131653
6 0.599527 0.265640 0.032038 0.038282
4 0.462185 0.263772 0.012605 0.012138
4 0.452468 0.259104 0.011029 0.017740
4 0.407826 0.276844 0.018382 0.023343
4 0.372637 0.273109 0.021534 0.023343
6 0.473739 0.242297 0.017857 0.028945
6 0.536502 0.341270 0.009979 0.021475
9 0.499475 0.420168 0.031513 0.067227
4 0.812237 0.309991 0.021534 0.028011
4 0.770221 0.304388 0.021534 0.024276
4 0.600053 0.254435 0.015231 0.032680
2 0.534664 0.342670 0.011555 0.016807
4 0.521534 0.255836 0.009454 0.016807
4 0.229254 0.276844 0.018382 0.021475
4 0.300683 0.275910 0.024685 0.027077
