6 0.600315 0.492063 0.017857 0.041083
4 0.586660 0.670401 0.073529 0.123249
0 0.485819 0.097572 0.082983 0.163399
4 0.258141 0.861345 0.040441 0.055089
4 0.645221 0.438842 0.047794 0.042951
6 0.053309 0.959851 0.106618 0.078431
4 0.429359 0.648459 0.016282 0.038282
4 0.445116 0.492530 0.014181 0.030812
4 0.770746 0.457516 0.023634 0.028011
4 0.702994 0.284314 0.014181 0.025210
5 0.541754 0.352007 0.009979 0.016807
4 0.455095 0.293184 0.008929 0.016807
4 0.465599 0.264239 0.007878 0.014939
6 0.439076 0.208217 0.013655 0.028011
4 0.474790 0.272642 0.008403 0.014939
4 0.454044 0.244631 0.008929 0.014939
4 0.495273 0.210551 0.009454 0.014006
4 0.459559 0.225023 0.009454 0.016807
4 0.487395 0.190009 0.006303 0.010271
6 0.507878 0.380952 0.011555 0.029879
4 0.467174 0.214286 0.008929 0.015873
4 0.467962 0.247432 0.009454 0.014939
6 0.544905 0.240896 0.013130 0.029879
