4 0.111870 0.453782 0.047269 0.037348
4 0.403361 0.845938 0.043067 0.076564
6 0.642069 0.580766 0.037290 0.070962
6 0.529674 0.372082 0.017332 0.038282
6 0.596639 0.312792 0.018908 0.039216
4 0.513655 0.272176 0.008403 0.015873
0 0.533088 0.182540 0.100840 0.127918
6 0.705882 0.321662 0.066176 0.049486
4 0.501313 0.267507 0.012080 0.021475
4 0.452994 0.285247 0.012080 0.021475
4 0.483193 0.279645 0.011555 0.019608
4 0.471376 0.284314 0.012080 0.021475
6 0.472426 0.268441 0.018382 0.032680
7 0.544118 0.437908 0.017857 0.022409
9 0.442489 0.661064 0.053046 0.113912
5 0.542279 0.268908 0.011029 0.022409
4 0.597426 0.280579 0.015231 0.032680
4 0.534401 0.288049 0.012080 0.021475
2 0.544118 0.429038 0.012605 0.021475
4 0.470851 0.336601 0.012080 0.021475
4 0.550683 0.260971 0.009979 0.015873
4 0.055410 0.319795 0.021534 0.021475
4 0.381040 0.296452 0.018382 0.021475
4 0.433824 0.293651 0.017857 0.021475
