4 0.395746 0.434174 0.046744 0.037348
4 0.161502 0.420168 0.050945 0.044818
4 0.473214 0.618114 0.033613 0.044818
6 0.646271 0.546218 0.037290 0.070962
6 0.537290 0.317460 0.014706 0.037348
6 0.599002 0.292717 0.016282 0.038282
4 0.504464 0.278711 0.008929 0.015873
0 0.533088 0.182540 0.100840 0.127918
6 0.642595 0.287582 0.049895 0.044818
4 0.487132 0.263772 0.012080 0.021475
4 0.451418 0.266573 0.012080 0.021475
4 0.454044 0.273109 0.012080 0.021475
4 0.436187 0.275444 0.015231 0.020542
6 0.472426 0.252568 0.018382 0.032680
7 0.538078 0.389356 0.016282 0.022409
9 0.473739 0.522409 0.039916 0.096172
4 0.939076 0.335201 0.022059 0.028011
4 0.891807 0.324930 0.021008 0.024276
4 0.597952 0.265640 0.015231 0.032680
2 0.537815 0.374883 0.011555 0.017740
4 0.459821 0.351541 0.012080 0.021475
4 0.315914 0.285247 0.018382 0.021475
4 0.376576 0.283380 0.017857 0.021475
