6 0.669905 0.493931 0.037290 0.070962
6 0.571429 0.298319 0.021008 0.043884
0 0.491334 0.176937 0.094013 0.127918
4 0.425683 0.268441 0.012080 0.021475
6 0.441964 0.253501 0.015231 0.027077
6 0.434611 0.921102 0.051996 0.154062
4 0.445903 0.433240 0.013655 0.024276
5 0.543592 0.443511 0.027311 0.069094
4 0.561187 0.261438 0.015231 0.031746
4 0.518908 0.320261 0.011555 0.020542
1 0.530200 0.302054 0.008929 0.021475
4 0.509716 0.338936 0.012080 0.020542
4 0.453782 0.348739 0.011555 0.021475
4 0.962973 0.334267 0.034139 0.028011
4 0.460347 0.270775 0.015231 0.020542
