6 0.642595 0.500467 0.037290 0.070962
6 0.679097 0.894491 0.091387 0.164332
6 0.568015 0.298319 0.014181 0.038282
0 0.501838 0.178338 0.097164 0.126984
4 0.425683 0.271709 0.012080 0.020542
6 0.442227 0.257236 0.017857 0.032680
7 0.687763 0.799253 0.036239 0.063492
6 0.169380 0.410831 0.137080 0.059757
4 0.416229 0.521942 0.019433 0.035481
5 0.523109 0.399627 0.021008 0.061625
4 0.562763 0.267507 0.015231 0.032680
4 0.508403 0.295518 0.011555 0.021475
1 0.532300 0.288049 0.008929 0.021475
4 0.503151 0.314192 0.008403 0.015873
4 0.520746 0.683007 0.022584 0.056956
2 0.683824 0.789916 0.022059 0.037348
4 0.426471 0.398226 0.013655 0.025210
4 0.480830 0.252568 0.008929 0.017740
4 0.829569 0.326331 0.034139 0.027077
4 0.427784 0.281513 0.015231 0.021475
