6 0.680410 0.495798 0.037290 0.070962
6 0.568015 0.307656 0.022584 0.042017
0 0.488183 0.180672 0.094013 0.127918
4 0.422006 0.272642 0.012080 0.020542
6 0.434874 0.254435 0.015756 0.027077
6 0.480830 0.832866 0.051996 0.242764
4 0.459296 0.400093 0.012080 0.023343
5 0.555935 0.469188 0.029937 0.071895
4 0.556723 0.265640 0.015756 0.032680
4 0.522584 0.338002 0.011555 0.020542
1 0.529149 0.317927 0.008929 0.021475
4 0.513918 0.360411 0.012080 0.020542
4 0.456933 0.336601 0.011555 0.021475
4 0.470851 0.274510 0.015231 0.020542
