6 0.664391 0.367414 0.019958 0.040149
4 0.551471 0.226424 0.021008 0.045752
0 0.481355 0.109711 0.108718 0.172736
4 0.565914 0.344538 0.015231 0.029879
4 0.562237 0.387488 0.020483 0.029879
4 0.221901 0.263305 0.032038 0.024276
4 0.594013 0.172736 0.018908 0.028011
5 0.572216 0.266573 0.011029 0.021475
4 0.471376 0.511204 0.017332 0.043884
4 0.291754 0.695612 0.047794 0.070962
4 0.374737 0.532680 0.032038 0.053221
4 0.413603 0.427638 0.018382 0.042951
4 0.469013 0.376751 0.013655 0.034547
5 0.493697 0.329132 0.019958 0.045752
9 0.616071 0.591970 0.049370 0.104575
6 0.557511 0.147993 0.014181 0.030812
