6 0.633141 0.525677 0.037290 0.070962
6 0.525473 0.407096 0.020483 0.050420
6 0.596113 0.298319 0.016807 0.038282
0 0.533876 0.182540 0.099265 0.127918
6 0.789391 0.317460 0.072479 0.050420
4 0.453519 0.274043 0.012080 0.021475
4 0.492384 0.256303 0.009979 0.015873
6 0.472426 0.255369 0.018382 0.032680
7 0.542017 0.475257 0.017857 0.028011
6 0.921218 0.451914 0.134454 0.059757
4 0.734506 0.445378 0.038340 0.029879
9 0.413078 0.756303 0.066702 0.141923
5 0.540704 0.275910 0.016282 0.030812
4 0.596376 0.269374 0.015231 0.032680
4 0.526786 0.309057 0.014706 0.022409
2 0.538603 0.462185 0.012080 0.026144
4 0.073267 0.961718 0.065651 0.067227
4 0.484506 0.294585 0.012080 0.021475
4 0.558036 0.266573 0.012080 0.019608
4 0.185662 0.299253 0.021534 0.021475
4 0.439863 0.278711 0.012080 0.015873
4 0.476103 0.272642 0.015231 0.020542
