6 0.650998 0.521942 0.037290 0.070962
6 0.558561 0.640056 0.046744 0.088702
6 0.572216 0.305789 0.015231 0.038282
0 0.501576 0.177871 0.107143 0.126050
4 0.424632 0.278711 0.012080 0.021475
6 0.443015 0.260504 0.018382 0.031746
7 0.602416 0.633053 0.022059 0.048553
6 0.417805 0.422035 0.137080 0.059757
4 0.219013 0.430906 0.042017 0.032680
5 0.516544 0.340336 0.019433 0.038282
4 0.564863 0.273109 0.015231 0.032680
4 0.507090 0.269374 0.008929 0.015873
1 0.547006 0.272176 0.008929 0.021475
4 0.507353 0.287115 0.008403 0.015873
4 0.518120 0.461718 0.015231 0.038282
2 0.597426 0.620448 0.018382 0.028945
4 0.389443 0.495331 0.020483 0.036415
4 0.471376 0.273109 0.008929 0.015873
4 0.649422 0.309524 0.034139 0.027077
4 0.359506 0.296452 0.015231 0.021475
4 0.474002 0.260971 0.011029 0.015873
