4 0.160714 0.466853 0.047269 0.037348
4 0.418330 0.821195 0.037290 0.075630
6 0.644695 0.590103 0.037290 0.070962
6 0.530725 0.371148 0.017332 0.038282
6 0.596639 0.321195 0.018908 0.039216
4 0.512605 0.280579 0.008403 0.015873
0 0.533088 0.182540 0.100840 0.127918
6 0.691176 0.326331 0.066176 0.049486
4 0.499212 0.273109 0.012080 0.021475
4 0.450893 0.289916 0.012080 0.021475
4 0.477941 0.285714 0.011555 0.020542
4 0.462973 0.290850 0.012080 0.021475
6 0.472426 0.274977 0.018382 0.032680
7 0.544118 0.440710 0.016807 0.022409
9 0.449842 0.650327 0.048845 0.107376
5 0.542805 0.269841 0.012080 0.022409
4 0.597426 0.288049 0.015231 0.032680
4 0.534926 0.288982 0.012080 0.021475
2 0.544118 0.426237 0.012605 0.021475
4 0.468225 0.346872 0.012080 0.021475
4 0.550158 0.260971 0.009979 0.015873
4 0.027048 0.330065 0.021534 0.021475
4 0.365809 0.303922 0.018382 0.021475
4 0.420168 0.299253 0.017857 0.021475
