6 0.608193 0.517274 0.017857 0.039216
4 0.563813 0.634921 0.062500 0.115780
0 0.485032 0.100373 0.084559 0.170868
4 0.179884 0.981793 0.044643 0.034547
4 0.736607 0.471522 0.047794 0.042951
4 0.413078 0.894491 0.020483 0.065359
4 0.438550 0.630252 0.015756 0.031746
4 0.877626 0.497666 0.024160 0.028011
4 0.899685 0.447246 0.029412 0.024276
4 0.633929 0.281979 0.013655 0.024276
5 0.544905 0.364146 0.011029 0.016807
4 0.453782 0.335201 0.009454 0.018674
4 0.465074 0.293184 0.009979 0.016807
6 0.439601 0.213819 0.013655 0.028011
4 0.476366 0.295985 0.009454 0.014939
4 0.449055 0.277778 0.009454 0.017740
4 0.496324 0.203081 0.009454 0.014006
4 0.454307 0.253035 0.009454 0.016807
6 0.507616 0.375817 0.011029 0.027077
4 0.461922 0.238562 0.008929 0.015873
4 0.466912 0.274510 0.009454 0.016807
5 0.481355 0.195145 0.007878 0.016807
6 0.544905 0.246032 0.013130 0.030812
