6 0.649422 0.522876 0.037290 0.070962
6 0.546744 0.610644 0.044118 0.082166
6 0.571691 0.305789 0.015231 0.038282
0 0.500788 0.177871 0.108718 0.126050
4 0.423057 0.279645 0.012080 0.021475
6 0.441439 0.260504 0.018382 0.031746
7 0.597426 0.614846 0.021534 0.047619
6 0.458771 0.424837 0.137080 0.059757
4 0.264443 0.432306 0.042542 0.033613
5 0.516544 0.333800 0.019433 0.038282
4 0.564338 0.272176 0.015231 0.032680
4 0.507090 0.264706 0.008929 0.015873
1 0.547532 0.268441 0.008929 0.021475
4 0.506828 0.282446 0.008403 0.015873
4 0.516019 0.443978 0.015231 0.038282
2 0.593487 0.602708 0.017857 0.028945
4 0.379202 0.521008 0.021008 0.037348
4 0.468750 0.275910 0.008929 0.015873
4 0.626313 0.303922 0.034139 0.027077
4 0.339548 0.296452 0.015231 0.021475
4 0.469538 0.264706 0.011555 0.015873
4 0.475053 0.253968 0.011029 0.014939
