6 0.667805 0.493931 0.037290 0.070962
6 0.573792 0.298319 0.022584 0.042017
0 0.492910 0.176937 0.094013 0.127918
4 0.427258 0.269374 0.012080 0.021475
6 0.444065 0.253501 0.015231 0.027077
6 0.422006 0.936041 0.051996 0.124183
4 0.443277 0.439776 0.013655 0.024276
5 0.541754 0.439776 0.026786 0.069094
4 0.564338 0.261438 0.015231 0.031746
4 0.519433 0.316527 0.011555 0.020542
1 0.532300 0.300187 0.008929 0.021475
4 0.510767 0.336134 0.012080 0.020542
4 0.453782 0.352474 0.011555 0.021475
4 0.952994 0.333333 0.034139 0.028011
4 0.458771 0.270775 0.015231 0.020542
