4 0.513918 0.416433 0.046744 0.037348
4 0.280200 0.403361 0.050945 0.044818
4 0.101103 0.392624 0.044643 0.040149
4 0.495273 0.540616 0.033613 0.044818
6 0.646796 0.525677 0.037290 0.070962
6 0.536765 0.295051 0.014706 0.028011
6 0.597952 0.284314 0.018382 0.040149
4 0.499212 0.278711 0.012080 0.023343
0 0.533088 0.182540 0.100840 0.127918
6 0.625263 0.274510 0.049895 0.044818
4 0.480830 0.258170 0.012080 0.021475
4 0.451418 0.261905 0.012080 0.021475
4 0.438813 0.265173 0.017332 0.020542
4 0.418330 0.269374 0.015231 0.021475
6 0.472952 0.247899 0.018382 0.032680
7 0.535977 0.363212 0.015231 0.022409
9 0.481880 0.476190 0.036239 0.082166
4 0.893382 0.320261 0.022059 0.028011
4 0.844800 0.310924 0.021534 0.024276
4 0.598477 0.257236 0.015231 0.032680
2 0.535189 0.352007 0.011555 0.016807
4 0.451418 0.352474 0.012080 0.021475
4 0.282826 0.274977 0.018382 0.021475
4 0.346901 0.274043 0.024685 0.027077
