6 0.639968 0.520075 0.037290 0.070962
6 0.528624 0.428571 0.023634 0.061625
6 0.598477 0.299253 0.015231 0.040149
0 0.537027 0.183473 0.094013 0.127918
6 0.826155 0.317460 0.072479 0.050420
4 0.455095 0.271242 0.012080 0.021475
6 0.476628 0.255369 0.018382 0.032680
7 0.550158 0.491597 0.018382 0.027077
6 0.819065 0.434174 0.137080 0.059757
4 0.633666 0.430439 0.038340 0.029879
9 0.405200 0.846872 0.067752 0.179272
5 0.542017 0.283380 0.015756 0.030812
4 0.596901 0.265640 0.015231 0.032680
4 0.528887 0.328665 0.014706 0.022409
2 0.548582 0.465453 0.015231 0.027077
4 0.200368 0.798786 0.049895 0.071895
4 0.489496 0.288982 0.010504 0.019608
4 0.572216 0.272642 0.015231 0.020542
4 0.226103 0.293651 0.021534 0.021475
4 0.457983 0.274977 0.011555 0.015873
4 0.488971 0.262838 0.013655 0.017740
