4 0.051471 0.443511 0.047269 0.037348
4 0.382878 0.882820 0.049370 0.083100
6 0.636817 0.560224 0.037290 0.070962
6 0.526523 0.377218 0.017332 0.039216
6 0.595851 0.307190 0.018382 0.039216
4 0.516282 0.262838 0.008403 0.015873
0 0.533088 0.182540 0.100840 0.127918
6 0.724790 0.316993 0.066176 0.049486
4 0.504989 0.260037 0.012080 0.021475
4 0.452994 0.279645 0.012080 0.021475
4 0.489496 0.272176 0.011555 0.019608
4 0.477679 0.274977 0.011029 0.021475
6 0.471901 0.262838 0.018382 0.032680
7 0.542017 0.449580 0.017857 0.025210
4 0.958246 0.493464 0.038340 0.028945
9 0.435399 0.673203 0.056723 0.119514
5 0.541229 0.267974 0.012080 0.028011
4 0.595851 0.276844 0.015231 0.032680
4 0.530462 0.293651 0.011555 0.021475
2 0.541754 0.440243 0.012080 0.021475
4 0.474002 0.326331 0.012080 0.021475
4 0.551208 0.260971 0.009979 0.015873
4 0.089023 0.310458 0.021534 0.021475
4 0.398372 0.290850 0.018382 0.021475
4 0.446691 0.286648 0.015231 0.020542
