6 0.663078 0.368814 0.020483 0.039216
4 0.550158 0.237628 0.021534 0.045752
0 0.480042 0.107843 0.106092 0.172736
4 0.573267 0.366480 0.018382 0.038282
4 0.566964 0.418301 0.020483 0.029879
4 0.301733 0.269841 0.032038 0.024276
4 0.629727 0.184874 0.018908 0.028011
5 0.571691 0.261905 0.011029 0.021475
4 0.471113 0.467787 0.016807 0.039216
4 0.332458 0.624183 0.037815 0.060691
4 0.393120 0.487395 0.026786 0.046685
4 0.421744 0.392624 0.015756 0.038282
4 0.468225 0.356209 0.012080 0.032680
5 0.492122 0.310924 0.018908 0.042951
9 0.627889 0.647526 0.055147 0.122316
6 0.556460 0.148926 0.014181 0.030812
