6 0.596639 0.485528 0.017857 0.041083
4 0.600578 0.692810 0.074055 0.123249
0 0.486082 0.095238 0.083508 0.158730
4 0.288078 0.813259 0.034139 0.052288
4 0.601628 0.424837 0.047794 0.042951
6 0.086397 0.925303 0.167542 0.147526
4 0.433824 0.573296 0.015756 0.037348
4 0.727679 0.443511 0.023634 0.028011
4 0.739758 0.287115 0.014181 0.025210
0 0.249737 0.954715 0.018382 0.034547
5 0.540966 0.345472 0.009454 0.016807
4 0.456145 0.277311 0.008929 0.016807
4 0.465074 0.252101 0.006828 0.013072
6 0.438550 0.205415 0.013655 0.028011
4 0.474265 0.263772 0.009454 0.015873
4 0.457195 0.231559 0.008929 0.014939
4 0.493697 0.214753 0.009454 0.014939
4 0.461660 0.213819 0.009454 0.016807
4 0.486345 0.195612 0.007353 0.010271
6 0.509716 0.391223 0.014181 0.039216
4 0.467700 0.205882 0.008929 0.015873
4 0.468487 0.236228 0.009454 0.014939
6 0.545168 0.238095 0.012605 0.029879
