6 0.618172 0.458450 0.019958 0.041083
4 0.532300 0.372082 0.026786 0.083100
0 0.483981 0.103641 0.088761 0.177404
4 0.014181 0.356676 0.022059 0.024276
4 0.575893 0.615313 0.023634 0.042951
4 0.625000 0.740430 0.045168 0.065359
4 0.680410 0.362278 0.026786 0.024276
10 0.540704 0.452381 0.011029 0.032680
2 0.540441 0.453315 0.008403 0.028945
4 0.789653 0.261438 0.020483 0.028011
5 0.543855 0.312325 0.008929 0.021475
4 0.408351 0.607376 0.019433 0.045752
4 0.452994 0.401961 0.013130 0.028945
6 0.429622 0.175070 0.014706 0.030812
4 0.507616 0.262838 0.009979 0.017740
4 0.391282 0.453782 0.017857 0.035481
4 0.413340 0.391690 0.014706 0.030812
6 0.492384 0.225490 0.012080 0.025210
4 0.419905 0.340803 0.012080 0.022409
4 0.445641 0.339869 0.012080 0.022409
5 0.467700 0.266106 0.013130 0.033613
6 0.542805 0.192810 0.014181 0.030812
