6 0.613445 0.561625 0.016807 0.038282
4 0.539128 0.583100 0.033088 0.088702
0 0.483981 0.108310 0.088761 0.186741
4 0.915179 0.535014 0.055147 0.052288
4 0.610557 0.455649 0.025735 0.024276
10 0.575368 0.831466 0.011029 0.038282
2 0.574842 0.832866 0.007878 0.028011
4 0.551208 0.272176 0.014181 0.023343
5 0.545168 0.377684 0.010504 0.017740
4 0.444590 0.429972 0.009979 0.017740
4 0.457458 0.360411 0.009454 0.016807
6 0.435924 0.219888 0.013655 0.028945
4 0.478729 0.332866 0.013130 0.015873
4 0.435399 0.361345 0.009454 0.020542
4 0.492910 0.198413 0.009979 0.012138
4 0.440126 0.323529 0.009454 0.019608
6 0.500263 0.348739 0.012080 0.027077
4 0.447479 0.299253 0.009454 0.017740
4 0.459559 0.330532 0.009454 0.016807
5 0.476891 0.243697 0.010504 0.022409
6 0.544905 0.252568 0.013130 0.030812
