6 0.615021 0.564426 0.016807 0.038282
4 0.536765 0.556489 0.030462 0.082166
0 0.483981 0.111578 0.088761 0.193277
4 0.975315 0.563025 0.047269 0.052288
4 0.512605 0.460317 0.026261 0.024276
10 0.566964 0.765173 0.011029 0.038282
2 0.565914 0.764706 0.007878 0.028011
4 0.537027 0.265173 0.014181 0.020542
5 0.544380 0.373016 0.009979 0.019608
4 0.438025 0.447246 0.010504 0.020542
4 0.454832 0.380019 0.009454 0.016807
6 0.434086 0.216620 0.014181 0.028011
4 0.480305 0.340803 0.015231 0.016807
4 0.430147 0.387488 0.009454 0.020542
4 0.434349 0.345472 0.009454 0.022409
6 0.498162 0.338469 0.012080 0.027077
4 0.441964 0.316993 0.009979 0.017740
4 0.456933 0.344538 0.009454 0.016807
5 0.475053 0.256769 0.009979 0.024276
6 0.544905 0.254435 0.013130 0.030812
