6 0.663866 0.367880 0.019958 0.039216
4 0.551208 0.226424 0.021534 0.045752
0 0.481092 0.109711 0.108193 0.172736
4 0.567752 0.347806 0.017857 0.036415
4 0.563813 0.394958 0.020483 0.029879
4 0.246586 0.264239 0.032038 0.024276
4 0.610557 0.178805 0.018382 0.028945
5 0.572216 0.264706 0.011029 0.021475
4 0.471376 0.497199 0.017332 0.042017
4 0.304884 0.672736 0.044643 0.068161
4 0.380777 0.518207 0.030462 0.050420
4 0.416229 0.416433 0.017332 0.041083
4 0.469013 0.369748 0.012605 0.033613
5 0.493435 0.323996 0.019433 0.044818
9 0.619485 0.608310 0.050945 0.109244
6 0.557511 0.147059 0.014181 0.030812
