4 0.194328 0.470588 0.047269 0.037348
4 0.427258 0.799720 0.037290 0.075630
6 0.645483 0.589169 0.036765 0.070962
6 0.532300 0.365546 0.017332 0.038282
6 0.598214 0.320728 0.018908 0.040149
4 0.512080 0.284314 0.008403 0.015873
0 0.533088 0.182540 0.100840 0.127918
6 0.684874 0.319795 0.066176 0.047619
4 0.497637 0.275910 0.012080 0.021475
4 0.450368 0.290850 0.012080 0.021475
4 0.474790 0.289449 0.011555 0.020542
4 0.459296 0.292717 0.012080 0.021475
6 0.472426 0.273109 0.018382 0.032680
7 0.543067 0.433240 0.016807 0.022409
9 0.451943 0.639122 0.048845 0.107376
5 0.542805 0.266573 0.012080 0.021475
4 0.596901 0.287115 0.015231 0.032680
4 0.535977 0.286181 0.012080 0.021475
2 0.543067 0.418301 0.012605 0.020542
4 0.466649 0.352474 0.012080 0.021475
4 0.550158 0.260971 0.009979 0.015873
4 0.011817 0.333800 0.021534 0.021475
4 0.359506 0.304855 0.018382 0.021475
4 0.414391 0.299253 0.017857 0.021475
