6 0.669643 0.376284 0.019958 0.044818
4 0.553309 0.224556 0.018382 0.045752
0 0.483718 0.113445 0.112395 0.172736
4 0.554622 0.310924 0.014706 0.028011
4 0.553571 0.365546 0.021008 0.028945
4 0.091649 0.274510 0.032038 0.024276
4 0.573792 0.169468 0.017332 0.021475
5 0.573267 0.274043 0.011029 0.021475
4 0.470326 0.605042 0.020483 0.056022
4 0.192752 0.840336 0.069328 0.095238
4 0.332195 0.631653 0.039391 0.066293
4 0.391807 0.503268 0.027311 0.048553
4 0.468225 0.425303 0.015231 0.042017
5 0.496324 0.356676 0.021008 0.050420
9 0.606355 0.545285 0.044643 0.098973
6 0.559086 0.149860 0.014181 0.030812
