4 0.058298 0.444444 0.047269 0.037348
4 0.385242 0.877684 0.048845 0.082166
6 0.637342 0.563025 0.037290 0.070962
6 0.526523 0.376751 0.017332 0.038282
6 0.596376 0.308123 0.018382 0.039216
4 0.516282 0.263772 0.008403 0.015873
0 0.533088 0.182540 0.100840 0.127918
6 0.722689 0.316993 0.066176 0.049486
4 0.504464 0.260971 0.012080 0.021475
4 0.452994 0.279645 0.012080 0.021475
4 0.488445 0.272176 0.011555 0.019608
4 0.477153 0.275910 0.011029 0.021475
6 0.471901 0.262838 0.018382 0.032680
7 0.542017 0.449113 0.017857 0.024276
9 0.435399 0.671335 0.056723 0.119514
5 0.541754 0.267974 0.012080 0.028011
4 0.596376 0.276844 0.015231 0.032680
4 0.530987 0.292717 0.011555 0.021475
2 0.541754 0.439309 0.012080 0.021475
4 0.473477 0.327264 0.012080 0.021475
4 0.551208 0.260971 0.009979 0.015873
4 0.085347 0.311391 0.021534 0.021475
4 0.396271 0.290850 0.018382 0.021475
4 0.445641 0.287582 0.015231 0.020542
