4 0.444590 0.422969 0.046744 0.037348
4 0.208771 0.415500 0.050945 0.044818
4 0.032563 0.412232 0.044118 0.040149
4 0.481092 0.581699 0.033613 0.044818
6 0.646271 0.536881 0.037290 0.070962
6 0.536765 0.308123 0.014706 0.033613
6 0.599527 0.287582 0.017332 0.039216
4 0.501576 0.275910 0.012605 0.023343
0 0.533088 0.182540 0.100840 0.127918
6 0.635242 0.280112 0.049895 0.044818
4 0.484506 0.260971 0.012080 0.021475
4 0.451418 0.263772 0.012080 0.021475
4 0.448267 0.269374 0.012080 0.021475
4 0.426733 0.274043 0.015231 0.021475
6 0.472952 0.249767 0.018382 0.032680
7 0.536765 0.380019 0.015756 0.022409
9 0.476628 0.500934 0.036239 0.083100
4 0.919643 0.326797 0.022059 0.028011
4 0.872374 0.317460 0.021008 0.024276
4 0.597952 0.260037 0.015231 0.032680
2 0.536502 0.365079 0.012080 0.016807
4 0.456145 0.349673 0.012080 0.021475
4 0.301733 0.280579 0.018382 0.021475
4 0.370798 0.278711 0.017857 0.021475
