6 0.616071 0.525210 0.016807 0.038282
4 0.533351 0.457049 0.026786 0.083100
0 0.483981 0.111578 0.088761 0.193277
4 0.265231 0.414566 0.026261 0.024276
4 0.606092 0.849673 0.029412 0.063492
4 0.888130 0.442110 0.027311 0.025210
10 0.549632 0.597106 0.011029 0.038282
2 0.549632 0.596639 0.007878 0.028011
4 0.509191 0.227824 0.013130 0.020542
4 0.893645 0.325864 0.014181 0.020542
5 0.543067 0.357143 0.009454 0.021475
4 0.417279 0.527077 0.017332 0.032680
4 0.448267 0.397759 0.012080 0.022409
6 0.430672 0.205882 0.014706 0.028945
4 0.498950 0.314192 0.016807 0.017740
4 0.411502 0.424370 0.013130 0.030812
4 0.419905 0.373950 0.014181 0.025210
6 0.492910 0.283847 0.012080 0.026144
4 0.427784 0.336601 0.012080 0.021475
4 0.449317 0.347806 0.012080 0.021475
5 0.469013 0.266573 0.013655 0.032680
6 0.542805 0.224556 0.014181 0.030812
