6 0.641544 0.502334 0.037290 0.070962
6 0.625525 0.777311 0.070378 0.126050
6 0.568803 0.295518 0.014706 0.038282
0 0.500525 0.177871 0.102941 0.126050
4 0.425683 0.274043 0.012080 0.021475
6 0.442227 0.259104 0.017857 0.032680
7 0.646534 0.720822 0.032563 0.052288
6 0.248687 0.407096 0.137080 0.059757
4 0.033088 0.419701 0.042017 0.032680
4 0.397059 0.598973 0.024160 0.047619
5 0.516544 0.377684 0.018382 0.056956
4 0.562763 0.264706 0.015231 0.032680
4 0.506040 0.285714 0.012080 0.016807
1 0.533351 0.280579 0.008929 0.021475
4 0.503676 0.302054 0.008403 0.015873
4 0.517069 0.584967 0.018382 0.045752
2 0.640494 0.712885 0.021534 0.036415
4 0.415179 0.428105 0.016282 0.028945
4 0.479254 0.257703 0.008929 0.016807
4 0.773897 0.322596 0.034139 0.027077
4 0.407300 0.281513 0.015231 0.021475
