4 0.368172 0.915966 0.049370 0.089636
6 0.633666 0.548086 0.037290 0.070962
6 0.524422 0.380952 0.017332 0.039216
6 0.595588 0.304388 0.017857 0.039216
0 0.533088 0.182540 0.100840 0.127918
6 0.737395 0.316993 0.066176 0.049486
4 0.452994 0.277778 0.012080 0.021475
4 0.492122 0.267507 0.011555 0.019608
4 0.480305 0.271242 0.011029 0.021475
6 0.471376 0.260037 0.018382 0.032680
7 0.541754 0.459851 0.017332 0.027077
4 0.903361 0.480859 0.036765 0.029879
9 0.426733 0.682073 0.056197 0.120448
5 0.540704 0.269374 0.012080 0.027077
4 0.595326 0.274977 0.015231 0.032680
4 0.528887 0.298319 0.011555 0.021475
2 0.540704 0.448179 0.012080 0.024276
4 0.475578 0.320728 0.012080 0.021475
4 0.551733 0.260971 0.009979 0.015873
4 0.110032 0.305789 0.021534 0.021475
4 0.407826 0.288049 0.018382 0.021475
4 0.454044 0.281979 0.015231 0.020542
