6 0.601366 0.493931 0.017857 0.041083
4 0.585084 0.667600 0.073529 0.123249
0 0.485819 0.098039 0.082983 0.164332
4 0.252889 0.870215 0.044643 0.056022
4 0.652574 0.441643 0.047794 0.042951
6 0.047006 0.968721 0.094013 0.060691
4 0.427784 0.663399 0.016282 0.038282
4 0.444590 0.502801 0.014181 0.030812
4 0.778624 0.460317 0.023634 0.028011
4 0.696691 0.283380 0.014181 0.025210
5 0.542017 0.352941 0.010504 0.016807
4 0.454832 0.295985 0.009454 0.016807
4 0.465599 0.266573 0.008929 0.015873
6 0.439601 0.209150 0.013655 0.028011
4 0.475315 0.274510 0.008403 0.014939
4 0.453519 0.247432 0.008929 0.014939
4 0.495798 0.209617 0.009454 0.014006
4 0.459034 0.227824 0.009454 0.016807
6 0.507616 0.378618 0.011029 0.027077
4 0.466649 0.216153 0.008929 0.015873
4 0.467437 0.249300 0.009454 0.014939
6 0.544905 0.241363 0.013130 0.030812
