6 0.662027 0.526611 0.037290 0.070962
6 0.532826 0.457983 0.027836 0.077498
6 0.606092 0.299253 0.015756 0.038282
0 0.542805 0.182540 0.094013 0.127918
6 0.905462 0.328665 0.072479 0.050420
4 0.464548 0.274043 0.012080 0.021475
6 0.481880 0.255369 0.018382 0.032680
7 0.575105 0.532680 0.017857 0.032680
6 0.697216 0.426704 0.137080 0.059757
4 0.518645 0.425770 0.038340 0.029879
5 0.549632 0.297386 0.015231 0.032680
4 0.604254 0.269374 0.015231 0.032680
4 0.549632 0.255369 0.008929 0.015873
4 0.539128 0.359477 0.014181 0.022409
2 0.570641 0.520542 0.015231 0.021475
4 0.311450 0.660598 0.033613 0.055089
4 0.499737 0.283380 0.008929 0.015873
4 0.592700 0.283847 0.015231 0.020542
4 0.287027 0.293184 0.021534 0.022409
4 0.482668 0.273109 0.011555 0.015873
4 0.503939 0.259570 0.012080 0.014939
