6 0.598214 0.452848 0.017857 0.041083
4 0.639706 0.722222 0.096639 0.140990
0 0.486870 0.086368 0.084034 0.155929
4 0.420168 0.736228 0.016807 0.047619
4 0.330620 0.718487 0.026786 0.045752
4 0.530462 0.391223 0.047269 0.042951
6 0.174895 0.840803 0.150210 0.172736
4 0.444853 0.459851 0.014706 0.028945
4 0.663603 0.403361 0.023634 0.028011
4 0.807511 0.280579 0.014181 0.025210
0 0.227679 0.869281 0.024685 0.042951
5 0.543067 0.331466 0.009454 0.016807
4 0.459034 0.244631 0.008403 0.016807
4 0.468225 0.222689 0.006828 0.012138
6 0.440126 0.190943 0.013655 0.028945
4 0.475315 0.237162 0.009454 0.014939
4 0.461397 0.201681 0.007878 0.014939
4 0.495798 0.207750 0.009454 0.014006
4 0.465336 0.187675 0.008403 0.016807
4 0.487132 0.193277 0.007878 0.014939
6 0.512342 0.399627 0.014181 0.039216
4 0.470851 0.179739 0.007878 0.015873
4 0.469800 0.208217 0.008929 0.014939
6 0.545168 0.233427 0.012605 0.029879
