4 0.272584 0.465920 0.047269 0.037348
4 0.040179 0.459851 0.049895 0.043884
4 0.446954 0.729225 0.037815 0.067227
6 0.645746 0.577031 0.037290 0.070962
6 0.532826 0.346872 0.017332 0.038282
6 0.598739 0.308590 0.018908 0.038282
4 0.509454 0.282446 0.008403 0.015873
0 0.533088 0.182540 0.100840 0.127918
6 0.670956 0.306723 0.065651 0.045752
4 0.493435 0.272176 0.012080 0.021475
4 0.452468 0.282446 0.012080 0.021475
4 0.467437 0.284314 0.011555 0.021475
4 0.450368 0.286648 0.012080 0.020542
6 0.472426 0.264706 0.018382 0.032680
7 0.540966 0.415500 0.016807 0.022409
9 0.463761 0.598039 0.048319 0.107376
5 0.542017 0.258637 0.012605 0.022409
4 0.596901 0.281513 0.015231 0.032680
4 0.537553 0.275910 0.012080 0.021475
2 0.540966 0.400560 0.012605 0.018674
4 0.463498 0.356209 0.012080 0.021475
4 0.346901 0.302054 0.018382 0.021475
4 0.401786 0.295518 0.017857 0.021475
