6 0.600840 0.492997 0.017857 0.041083
4 0.585609 0.668534 0.073529 0.123249
0 0.485819 0.097572 0.082983 0.163399
4 0.255515 0.865546 0.042542 0.056022
4 0.648897 0.439776 0.047794 0.042951
6 0.050158 0.964052 0.100315 0.070028
4 0.428834 0.654995 0.016282 0.038282
4 0.444590 0.497199 0.014181 0.030812
4 0.774422 0.458450 0.023634 0.028011
4 0.699842 0.283380 0.014181 0.025210
5 0.541754 0.352007 0.009979 0.016807
4 0.455095 0.295051 0.008929 0.016807
4 0.465861 0.265640 0.008403 0.015873
6 0.439601 0.209150 0.013655 0.028011
4 0.475315 0.273576 0.008403 0.014939
4 0.454044 0.246499 0.008929 0.014939
4 0.495798 0.210551 0.009454 0.014006
4 0.459559 0.226891 0.009454 0.016807
6 0.508141 0.379552 0.011029 0.027077
4 0.467174 0.215219 0.008929 0.015873
4 0.467962 0.248366 0.009454 0.014939
6 0.544905 0.241363 0.013130 0.030812
