6 0.647847 0.514472 0.037290 0.070962
6 0.573529 0.668067 0.052521 0.098039
6 0.570641 0.303922 0.015231 0.038282
0 0.502101 0.177871 0.103992 0.126050
4 0.426208 0.277778 0.012080 0.021475
6 0.444590 0.259570 0.018382 0.031746
7 0.607143 0.653128 0.023109 0.049486
6 0.371061 0.416433 0.137080 0.059757
4 0.170168 0.426237 0.042017 0.032680
4 0.330095 0.874416 0.039391 0.083100
5 0.517069 0.347806 0.019433 0.038282
4 0.565389 0.274043 0.015231 0.032680
4 0.506828 0.271242 0.009454 0.015873
1 0.543330 0.275910 0.008929 0.021475
4 0.505777 0.290850 0.008403 0.015873
4 0.520221 0.487862 0.015231 0.038282
2 0.600578 0.640056 0.018382 0.028945
4 0.396271 0.477591 0.019433 0.034547
4 0.474002 0.268441 0.008929 0.015873
4 0.682511 0.314192 0.034139 0.027077
4 0.374212 0.290850 0.015231 0.021475
4 0.476628 0.254435 0.011029 0.015873
