6 0.632090 0.535014 0.037290 0.070962
6 0.523372 0.392157 0.018382 0.042951
6 0.595851 0.301120 0.017332 0.038282
0 0.533088 0.182540 0.100840 0.127918
6 0.765494 0.316993 0.069853 0.049486
4 0.452994 0.274977 0.012080 0.021475
4 0.487132 0.263772 0.009979 0.015873
6 0.471376 0.255369 0.018382 0.032680
7 0.541229 0.468721 0.018382 0.026144
6 0.967174 0.461251 0.063550 0.059757
4 0.805410 0.460317 0.038340 0.029879
9 0.422532 0.719888 0.066702 0.141923
5 0.539916 0.274043 0.011555 0.025210
4 0.595851 0.271242 0.015231 0.032680
4 0.528361 0.305322 0.014706 0.022409
2 0.537027 0.452848 0.012080 0.026144
4 0.478729 0.309524 0.012080 0.021475
4 0.554622 0.263305 0.011555 0.018674
4 0.150998 0.298319 0.021534 0.021475
4 0.422269 0.285247 0.017857 0.021475
4 0.467174 0.276377 0.015231 0.020542
