6 0.656250 0.495798 0.037290 0.070962
6 0.575368 0.297386 0.017332 0.042017
0 0.503939 0.176937 0.094013 0.127918
4 0.430935 0.269841 0.012080 0.020542
6 0.445903 0.251634 0.016807 0.028945
6 0.078782 0.406629 0.136555 0.060691
4 0.435399 0.459384 0.014706 0.026144
5 0.536239 0.427638 0.025210 0.067227
4 0.569590 0.264239 0.015231 0.031746
4 0.517857 0.309524 0.011555 0.021475
1 0.533351 0.297386 0.008929 0.021475
4 0.509191 0.327731 0.012080 0.020542
4 0.553046 0.913632 0.027311 0.079365
4 0.447742 0.359010 0.012080 0.021475
4 0.915704 0.330999 0.034139 0.027077
4 0.452468 0.272642 0.015231 0.020542
