6 0.627889 0.523343 0.037290 0.070028
6 0.507878 0.535481 0.033613 0.077498
6 0.559611 0.300187 0.015231 0.038282
0 0.498687 0.177871 0.115021 0.126050
6 0.905462 0.330532 0.072479 0.050420
4 0.416754 0.273109 0.012080 0.021475
6 0.434086 0.256769 0.018382 0.031746
7 0.557773 0.561625 0.018908 0.043884
6 0.566439 0.422969 0.137080 0.059757
4 0.378414 0.427638 0.042542 0.033613
5 0.503676 0.312325 0.014706 0.030812
4 0.557511 0.269374 0.015231 0.032680
1 0.540704 0.258170 0.008929 0.021475
4 0.499212 0.263772 0.008929 0.015873
4 0.510767 0.396359 0.015231 0.038282
2 0.551996 0.553221 0.014706 0.021475
4 0.323792 0.591503 0.024685 0.042017
4 0.455095 0.278711 0.008929 0.015873
4 0.572742 0.291783 0.034139 0.027077
4 0.286239 0.297852 0.019958 0.022409
4 0.449580 0.268441 0.011555 0.015873
4 0.460609 0.253968 0.011555 0.014939
