6 0.616071 0.560691 0.016807 0.038282
4 0.536239 0.525210 0.027311 0.081232
0 0.483981 0.111578 0.088761 0.193277
4 0.431460 0.450047 0.026786 0.024276
10 0.560137 0.707283 0.011029 0.038282
2 0.559086 0.705882 0.007878 0.028011
4 0.525998 0.256769 0.014181 0.018674
4 0.961134 0.374883 0.021008 0.027077
5 0.544118 0.369748 0.009454 0.020542
4 0.430410 0.478058 0.012080 0.024276
4 0.451418 0.389823 0.011029 0.019608
6 0.433036 0.214286 0.014181 0.028945
4 0.486345 0.333333 0.015756 0.016807
4 0.423845 0.405229 0.010504 0.026144
4 0.429622 0.356209 0.011555 0.023343
6 0.496061 0.320261 0.012080 0.026144
4 0.436975 0.325397 0.010504 0.019608
4 0.454307 0.347339 0.010504 0.018674
5 0.472952 0.261438 0.011029 0.028011
6 0.544118 0.245098 0.013655 0.030812
