6 0.613445 0.561625 0.016807 0.038282
4 0.539653 0.586368 0.034139 0.093371
0 0.483981 0.107376 0.088761 0.184874
4 0.905725 0.533147 0.055147 0.052288
4 0.626313 0.455649 0.027836 0.024276
10 0.576943 0.841737 0.011029 0.038282
2 0.575893 0.843137 0.007878 0.028011
4 0.553309 0.274043 0.014181 0.023343
5 0.545168 0.378618 0.010504 0.017740
4 0.443803 0.425303 0.009454 0.017740
4 0.457983 0.357610 0.009454 0.016807
6 0.435924 0.220355 0.013655 0.028011
4 0.478466 0.331466 0.012605 0.014939
4 0.435924 0.357610 0.009454 0.020542
4 0.492910 0.199346 0.009979 0.014006
4 0.440914 0.319795 0.009979 0.019608
6 0.500788 0.350607 0.012080 0.027077
4 0.448267 0.296452 0.009979 0.017740
4 0.460084 0.327731 0.009454 0.016807
5 0.477153 0.241830 0.009979 0.022409
6 0.544905 0.252568 0.013130 0.030812
