6 0.667017 0.371615 0.019958 0.042951
4 0.554359 0.226424 0.021534 0.045752
0 0.482931 0.112512 0.110819 0.172736
4 0.559874 0.323063 0.014706 0.028011
4 0.555410 0.373950 0.020483 0.028945
4 0.145221 0.271709 0.032038 0.024276
4 0.594013 0.172736 0.018908 0.028011
5 0.573267 0.271242 0.011029 0.021475
4 0.470851 0.561158 0.018382 0.048553
4 0.241859 0.774043 0.059349 0.084034
4 0.353204 0.585434 0.037290 0.059757
4 0.403099 0.466853 0.022584 0.046685
4 0.469013 0.402894 0.014706 0.038282
5 0.495273 0.345472 0.021008 0.048553
9 0.610032 0.563959 0.045693 0.100840
6 0.557511 0.150794 0.014181 0.030812
