6 0.644170 0.507937 0.037290 0.070962
6 0.594013 0.706816 0.059874 0.108310
6 0.569328 0.298319 0.014706 0.038282
0 0.501838 0.177871 0.102416 0.126050
4 0.426208 0.274043 0.012080 0.021475
6 0.442752 0.258637 0.017857 0.031746
7 0.623162 0.682073 0.026786 0.051354
6 0.317489 0.410831 0.137080 0.059757
4 0.112395 0.418768 0.042017 0.032680
4 0.367910 0.712885 0.028887 0.062558
5 0.517595 0.357143 0.019433 0.038282
4 0.563813 0.272176 0.015231 0.032680
4 0.506565 0.274977 0.009979 0.015873
1 0.538603 0.274977 0.008929 0.021475
4 0.504202 0.295518 0.008403 0.015873
4 0.517332 0.521475 0.015756 0.038282
2 0.616859 0.671335 0.019433 0.031746
4 0.404412 0.455649 0.017857 0.031746
4 0.476628 0.261905 0.008929 0.015873
4 0.722952 0.318861 0.034139 0.027077
4 0.390494 0.285247 0.015231 0.021475
