6 0.621849 0.450980 0.019958 0.041083
4 0.529412 0.348273 0.026261 0.069094
0 0.483981 0.102241 0.088761 0.174603
4 0.576943 0.592904 0.023634 0.042951
4 0.614758 0.708217 0.036239 0.055089
4 0.656513 0.352007 0.029412 0.024276
10 0.542805 0.439309 0.011029 0.032680
2 0.542542 0.440243 0.008403 0.028945
4 0.777836 0.254435 0.019958 0.027077
5 0.545431 0.306723 0.008929 0.021475
4 0.408088 0.619514 0.019958 0.047619
4 0.453782 0.402428 0.013655 0.029879
6 0.430672 0.170401 0.014706 0.030812
4 0.508141 0.256303 0.009979 0.017740
4 0.391544 0.460784 0.018382 0.036415
4 0.413078 0.394958 0.015231 0.031746
6 0.492910 0.219888 0.012080 0.025210
4 0.420956 0.341737 0.012080 0.024276
4 0.447216 0.340336 0.012080 0.023343
5 0.470588 0.267040 0.013655 0.033613
6 0.543855 0.188142 0.014181 0.030812
