6 0.647321 0.520075 0.037290 0.070962
6 0.530462 0.440243 0.025210 0.068161
6 0.600840 0.299253 0.015756 0.040149
0 0.539128 0.183473 0.094013 0.127918
6 0.856092 0.317460 0.072479 0.050420
4 0.458246 0.272176 0.012080 0.021475
6 0.478729 0.254435 0.018382 0.032680
7 0.559349 0.507470 0.017857 0.027077
6 0.770221 0.429505 0.137080 0.059757
4 0.584296 0.426704 0.038340 0.029879
5 0.543592 0.292250 0.015756 0.033613
4 0.600053 0.267507 0.015231 0.032680
4 0.532038 0.336134 0.014706 0.022409
2 0.555935 0.497199 0.015231 0.021475
4 0.245273 0.729692 0.033613 0.055089
4 0.492910 0.285247 0.008929 0.015873
4 0.575893 0.275444 0.015231 0.020542
4 0.253414 0.290850 0.021534 0.021475
4 0.467437 0.274043 0.011555 0.015873
4 0.495536 0.261438 0.012080 0.014939
