6 0.616597 0.551354 0.016807 0.038282
4 0.534139 0.504669 0.027311 0.081232
0 0.483981 0.111578 0.088761 0.193277
4 0.366071 0.439776 0.026261 0.024276
4 0.626838 0.963585 0.030987 0.067227
4 0.970063 0.473856 0.027311 0.025210
10 0.555935 0.664332 0.011029 0.038282
2 0.554884 0.662932 0.007878 0.028011
4 0.519170 0.247432 0.014181 0.018674
4 0.935924 0.358077 0.021008 0.027077
5 0.543592 0.366947 0.009454 0.020542
4 0.424632 0.500467 0.013130 0.026144
4 0.448529 0.395892 0.012605 0.022409
6 0.431985 0.212418 0.014181 0.028945
4 0.491334 0.327264 0.016282 0.017740
4 0.420431 0.415033 0.011029 0.028945
4 0.425945 0.364146 0.012605 0.024276
6 0.495011 0.306256 0.012080 0.026144
4 0.433298 0.330532 0.011555 0.020542
4 0.452206 0.348273 0.011555 0.020542
5 0.471376 0.264239 0.012080 0.029879
6 0.543592 0.236695 0.013655 0.030812
