4 0.534401 0.417367 0.046744 0.037348
4 0.301733 0.402428 0.050945 0.044818
4 0.122111 0.390756 0.044643 0.040149
4 0.498162 0.532213 0.030987 0.044818
6 0.647321 0.525677 0.037290 0.070962
6 0.536765 0.292717 0.014706 0.027077
6 0.597426 0.284314 0.018382 0.040149
4 0.498162 0.280579 0.012080 0.023343
0 0.533088 0.182540 0.100840 0.127918
6 0.622637 0.272642 0.049895 0.044818
4 0.478729 0.258170 0.012080 0.021475
4 0.451418 0.260971 0.012080 0.021475
4 0.436712 0.264239 0.017332 0.020542
4 0.413603 0.268908 0.016282 0.022409
6 0.472952 0.247899 0.018382 0.032680
7 0.535977 0.357143 0.015231 0.021475
9 0.481618 0.471989 0.034664 0.077498
4 0.885767 0.318394 0.021534 0.028011
4 0.836922 0.309057 0.021534 0.024276
4 0.599002 0.256303 0.015231 0.032680
2 0.534664 0.348273 0.011555 0.016807
4 0.278099 0.274043 0.018382 0.021475
4 0.343750 0.274043 0.024685 0.027077
