4 0.105042 0.452848 0.047269 0.037348
4 0.400998 0.848273 0.044643 0.077498
6 0.641544 0.577965 0.037290 0.070962
6 0.529149 0.372082 0.017332 0.038282
6 0.597164 0.311858 0.018908 0.039216
4 0.514181 0.271242 0.008403 0.015873
0 0.533088 0.182540 0.100840 0.127918
6 0.707983 0.320728 0.066176 0.049486
4 0.501838 0.266573 0.012080 0.021475
4 0.452994 0.284314 0.012080 0.021475
4 0.483718 0.278711 0.011555 0.019608
4 0.471901 0.283380 0.012080 0.021475
6 0.472426 0.267507 0.018382 0.032680
7 0.543855 0.440710 0.018382 0.022409
9 0.440914 0.661531 0.054097 0.114846
5 0.542279 0.268441 0.011029 0.021475
4 0.597426 0.279645 0.015231 0.032680
4 0.534401 0.288049 0.012080 0.021475
2 0.543592 0.431839 0.012605 0.021475
4 0.471376 0.335668 0.012080 0.021475
4 0.550683 0.260971 0.009979 0.015873
4 0.059611 0.318861 0.021534 0.021475
4 0.383141 0.295518 0.018382 0.021475
4 0.435399 0.292250 0.017857 0.020542
