6 0.613708 0.558357 0.017332 0.039216
4 0.542542 0.598973 0.036765 0.101774
0 0.483981 0.105509 0.088761 0.181139
4 0.875000 0.522409 0.054622 0.051354
4 0.679622 0.461251 0.029412 0.024276
10 0.581145 0.877218 0.011029 0.038282
2 0.580620 0.879552 0.007878 0.028011
4 0.565914 0.279645 0.014181 0.023343
5 0.545431 0.380486 0.009979 0.017740
4 0.445641 0.414099 0.011029 0.025210
4 0.459559 0.347339 0.009454 0.016807
6 0.436712 0.222222 0.013130 0.028011
4 0.477416 0.327264 0.011555 0.014006
4 0.438550 0.343604 0.009454 0.020542
4 0.493435 0.201214 0.009979 0.014006
4 0.443803 0.308123 0.009454 0.018674
6 0.501838 0.355275 0.012080 0.027077
4 0.451155 0.286181 0.009454 0.017740
4 0.461660 0.320261 0.009454 0.016807
5 0.478204 0.234827 0.009979 0.021475
6 0.544905 0.251634 0.013130 0.030812
