4 0.576418 0.417367 0.046744 0.037348
4 0.344275 0.400560 0.050945 0.044818
4 0.165179 0.390756 0.044643 0.040149
4 0.503939 0.517274 0.025735 0.044818
6 0.647847 0.525677 0.037290 0.070962
6 0.536765 0.289916 0.014706 0.027077
6 0.598214 0.286648 0.018908 0.039216
4 0.496061 0.284314 0.012080 0.023343
0 0.533088 0.182540 0.100840 0.127918
6 0.617122 0.271242 0.049370 0.043884
4 0.475578 0.260037 0.012080 0.021475
4 0.451418 0.260037 0.012080 0.021475
4 0.430147 0.264706 0.018908 0.023343
4 0.404412 0.269841 0.018908 0.024276
6 0.472952 0.246032 0.018382 0.032680
7 0.535977 0.348739 0.015231 0.021475
9 0.482143 0.463585 0.031513 0.068161
4 0.871061 0.314659 0.021534 0.028011
4 0.821691 0.306256 0.021534 0.024276
4 0.599527 0.255369 0.015231 0.032680
2 0.534664 0.342670 0.011555 0.016807
4 0.269695 0.273109 0.018382 0.021475
4 0.336397 0.274977 0.024685 0.027077
