6 0.641019 0.522876 0.037290 0.070962
6 0.521796 0.559290 0.034139 0.078431
6 0.565389 0.302988 0.015231 0.038282
0 0.499737 0.178338 0.111870 0.126984
6 0.941176 0.335201 0.072479 0.050420
4 0.419380 0.277778 0.012080 0.021475
6 0.437237 0.259570 0.018382 0.031746
7 0.576943 0.581232 0.021534 0.043884
6 0.522321 0.425770 0.137080 0.059757
4 0.332721 0.432306 0.042542 0.033613
5 0.507878 0.320261 0.015756 0.031746
4 0.560662 0.272176 0.015231 0.032680
4 0.501838 0.253501 0.008929 0.015873
1 0.544905 0.260971 0.008929 0.021475
4 0.502363 0.272176 0.008929 0.015873
4 0.512868 0.415033 0.015231 0.038282
2 0.571429 0.570495 0.014706 0.022409
4 0.349002 0.560224 0.023634 0.041083
4 0.460872 0.278711 0.008929 0.015873
4 0.589548 0.296452 0.034139 0.027077
4 0.306985 0.296919 0.017332 0.022409
4 0.459559 0.268441 0.011555 0.015873
4 0.468487 0.254902 0.011555 0.014939
