6 0.596113 0.469655 0.017857 0.041083
4 0.611345 0.706349 0.076681 0.124183
0 0.485819 0.096172 0.082983 0.162465
4 0.402574 0.904762 0.020483 0.063492
4 0.305410 0.776377 0.034139 0.053221
4 0.572742 0.412698 0.047794 0.042951
6 0.114758 0.907563 0.170693 0.175537
4 0.439338 0.526144 0.016282 0.028945
4 0.700368 0.433240 0.023634 0.028011
4 0.766019 0.286181 0.014181 0.025210
0 0.240284 0.919234 0.018382 0.034547
5 0.540704 0.341270 0.008929 0.015873
4 0.456933 0.265173 0.008403 0.016807
4 0.465599 0.241363 0.006828 0.012138
6 0.438550 0.200747 0.013655 0.028011
4 0.474002 0.255369 0.009979 0.015873
4 0.458771 0.220355 0.008929 0.014939
4 0.493697 0.213819 0.009454 0.014939
4 0.463235 0.203548 0.009454 0.016807
4 0.486082 0.196078 0.007878 0.011204
6 0.510767 0.394958 0.014181 0.039216
4 0.468487 0.196545 0.008403 0.015873
4 0.469013 0.225957 0.009454 0.014939
6 0.545168 0.236228 0.012605 0.029879
