6 0.649947 0.519141 0.037290 0.070962
6 0.564338 0.651261 0.048845 0.092437
6 0.571691 0.305789 0.015231 0.038282
0 0.501576 0.177871 0.106092 0.126050
4 0.425158 0.277778 0.012080 0.021475
6 0.443540 0.259570 0.018382 0.031746
7 0.604517 0.641457 0.023109 0.048553
6 0.396271 0.418301 0.137080 0.059757
4 0.196954 0.429038 0.042017 0.032680
5 0.516544 0.344071 0.019433 0.038282
4 0.564863 0.273109 0.015231 0.032680
4 0.507090 0.270308 0.008929 0.015873
1 0.545956 0.273109 0.008929 0.021475
4 0.506828 0.288049 0.008403 0.015873
4 0.519170 0.470121 0.015231 0.038282
2 0.599002 0.628852 0.018382 0.028945
4 0.392332 0.487395 0.019958 0.035481
4 0.472952 0.271242 0.008929 0.015873
4 0.663603 0.311391 0.034139 0.027077
4 0.365809 0.293651 0.015231 0.021475
4 0.475053 0.256303 0.011029 0.015873
