6 0.641019 0.520075 0.037290 0.070962
6 0.528624 0.429972 0.023634 0.062558
6 0.598739 0.299253 0.015756 0.040149
0 0.537027 0.183473 0.094013 0.127918
6 0.829832 0.317460 0.072479 0.050420
4 0.455095 0.271242 0.012080 0.021475
6 0.477153 0.255369 0.018382 0.032680
7 0.551208 0.493464 0.018382 0.027077
6 0.812763 0.433240 0.137080 0.059757
4 0.627363 0.430439 0.038340 0.029879
9 0.404674 0.853408 0.067752 0.179272
5 0.542017 0.284314 0.015756 0.030812
4 0.596901 0.265640 0.015231 0.032680
4 0.528887 0.328665 0.014706 0.022409
2 0.548057 0.474323 0.015231 0.026144
4 0.206670 0.786181 0.049895 0.070962
4 0.489758 0.288515 0.009979 0.018674
4 0.572216 0.272642 0.015231 0.020542
4 0.229779 0.293651 0.021534 0.021475
4 0.459034 0.274977 0.011555 0.015873
4 0.490021 0.262372 0.013655 0.016807
