6 0.616597 0.532680 0.016807 0.038282
4 0.534401 0.466387 0.026786 0.083100
0 0.483981 0.111578 0.088761 0.193277
4 0.289916 0.420168 0.026261 0.024276
4 0.610032 0.877684 0.030987 0.065359
4 0.908613 0.450980 0.027311 0.024276
10 0.551208 0.613912 0.011029 0.038282
2 0.550683 0.613445 0.007878 0.028011
4 0.511817 0.232960 0.014181 0.021475
4 0.903887 0.333333 0.015756 0.022409
5 0.543067 0.362745 0.009454 0.021475
4 0.419118 0.523343 0.015756 0.030812
4 0.447742 0.397292 0.012080 0.021475
6 0.430672 0.208683 0.014706 0.028945
4 0.496849 0.319795 0.016807 0.017740
4 0.413866 0.422035 0.012605 0.029879
4 0.421481 0.372082 0.014181 0.025210
6 0.493435 0.289449 0.012080 0.026144
4 0.429359 0.336601 0.012080 0.021475
4 0.449842 0.348739 0.012080 0.021475
5 0.469538 0.266573 0.013655 0.032680
6 0.543067 0.228291 0.013655 0.030812
