6 0.653624 0.406162 0.020483 0.041083
4 0.548319 0.280112 0.022059 0.054155
0 0.478992 0.101307 0.096639 0.172736
4 0.595063 0.482260 0.022059 0.042017
4 0.608456 0.563025 0.030987 0.042951
4 0.532826 0.307656 0.032038 0.025210
4 0.720326 0.213352 0.018382 0.027077
5 0.565389 0.272176 0.009979 0.019608
4 0.429359 0.716153 0.024685 0.065359
4 0.464548 0.415966 0.015231 0.032680
4 0.518120 0.220822 0.009979 0.017740
4 0.395746 0.509337 0.021534 0.045752
4 0.413078 0.422035 0.017332 0.037348
4 0.426208 0.347339 0.012080 0.031746
4 0.456145 0.343137 0.012080 0.027077
5 0.482143 0.269374 0.015756 0.036415
6 0.552784 0.163866 0.014181 0.030812
