6 0.634979 0.428571 0.019958 0.041083
4 0.538078 0.325397 0.019433 0.068161
0 0.482405 0.101307 0.091912 0.172736
4 0.585872 0.541550 0.023634 0.042951
4 0.611345 0.643324 0.036765 0.057890
4 0.603992 0.332866 0.031513 0.023343
4 0.751313 0.237628 0.018382 0.027077
5 0.556460 0.292717 0.009979 0.019608
4 0.407300 0.646592 0.020483 0.053221
4 0.455095 0.403828 0.014181 0.032680
6 0.431985 0.163866 0.013130 0.030812
4 0.514968 0.241363 0.009979 0.017740
4 0.392595 0.475724 0.020483 0.038282
4 0.412553 0.401027 0.015231 0.034547
6 0.499737 0.203081 0.012080 0.025210
4 0.423057 0.344071 0.012080 0.027077
4 0.451418 0.341270 0.012080 0.025210
5 0.477416 0.268908 0.014706 0.035481
6 0.549107 0.178805 0.014181 0.030812
