6 0.620273 0.454715 0.019958 0.041083
4 0.530725 0.359944 0.026786 0.075630
0 0.483981 0.102708 0.088761 0.175537
4 0.576418 0.604108 0.023634 0.042951
4 0.621324 0.723623 0.045168 0.065359
4 0.668330 0.356676 0.027836 0.024276
10 0.541754 0.445845 0.011029 0.032680
2 0.541492 0.446779 0.008403 0.028945
4 0.783613 0.257703 0.019958 0.028011
5 0.543855 0.309524 0.008929 0.021475
4 0.408351 0.613445 0.019433 0.046685
4 0.453256 0.402428 0.013655 0.029879
6 0.430147 0.173203 0.014706 0.030812
4 0.507616 0.259104 0.009979 0.017740
4 0.391282 0.457516 0.017857 0.035481
4 0.413340 0.393557 0.014706 0.030812
6 0.492384 0.222689 0.012080 0.025210
4 0.420431 0.341270 0.012080 0.023343
4 0.446691 0.339869 0.012080 0.022409
5 0.469013 0.266106 0.013655 0.033613
6 0.543330 0.190943 0.014181 0.030812
