6 0.639443 0.520075 0.037290 0.070962
6 0.528361 0.427171 0.023109 0.060691
6 0.598214 0.299253 0.015756 0.040149
0 0.536502 0.182540 0.094013 0.127918
6 0.822479 0.317460 0.072479 0.050420
4 0.455095 0.272176 0.012080 0.021475
6 0.476628 0.255369 0.018382 0.032680
7 0.549107 0.488796 0.018382 0.027077
6 0.825368 0.435107 0.137080 0.059757
4 0.639968 0.431373 0.038340 0.029879
9 0.405725 0.839402 0.067752 0.179272
5 0.541754 0.282446 0.016282 0.030812
4 0.596901 0.265640 0.015231 0.032680
4 0.528887 0.327731 0.014706 0.022409
2 0.547532 0.469188 0.015231 0.027077
4 0.194065 0.806256 0.049895 0.071895
4 0.489233 0.289449 0.011029 0.020542
4 0.572216 0.272642 0.015231 0.020542
4 0.222426 0.293651 0.021534 0.021475
4 0.456933 0.274977 0.011555 0.015873
4 0.488183 0.263305 0.014181 0.018674
