6 0.650473 0.521942 0.037290 0.070962
6 0.555410 0.633520 0.045693 0.086835
6 0.572742 0.305789 0.015231 0.038282
0 0.501313 0.177871 0.107668 0.126050
4 0.424107 0.278711 0.012080 0.021475
6 0.442489 0.260504 0.018382 0.031746
7 0.601366 0.628385 0.022059 0.048553
6 0.428309 0.422969 0.137080 0.059757
4 0.230042 0.430906 0.042017 0.032680
5 0.516544 0.338469 0.019433 0.038282
4 0.564863 0.273109 0.015231 0.032680
4 0.507090 0.268441 0.008929 0.015873
1 0.547532 0.271242 0.008929 0.021475
4 0.507878 0.287115 0.008403 0.015873
4 0.517595 0.457049 0.015231 0.038282
2 0.596901 0.615780 0.018382 0.028945
4 0.388130 0.499533 0.021008 0.037348
4 0.470851 0.274043 0.008929 0.015873
4 0.643645 0.307656 0.034139 0.027077
4 0.354254 0.296452 0.015231 0.021475
4 0.473477 0.264706 0.011029 0.015873
4 0.477153 0.253968 0.011029 0.014939
