6 0.670956 0.493931 0.037290 0.070962
6 0.570903 0.299253 0.021008 0.043884
0 0.490809 0.176937 0.094013 0.127918
4 0.425158 0.267974 0.012080 0.020542
6 0.441176 0.253501 0.015756 0.027077
6 0.438288 0.915500 0.051996 0.165266
4 0.446954 0.430906 0.013655 0.025210
5 0.544380 0.444911 0.027836 0.070028
4 0.560662 0.261438 0.015231 0.031746
4 0.518382 0.321195 0.011555 0.020542
1 0.529674 0.302988 0.008929 0.021475
4 0.509716 0.340803 0.012080 0.020542
4 0.453782 0.347806 0.011555 0.021475
4 0.460872 0.270775 0.015231 0.020542
