6 0.606092 0.508870 0.017857 0.039216
4 0.573004 0.645191 0.073529 0.123249
0 0.485294 0.099907 0.084034 0.169935
4 0.203519 0.953315 0.044643 0.056022
4 0.709296 0.458450 0.047794 0.042951
4 0.419643 0.803922 0.018908 0.052288
4 0.441176 0.586368 0.015756 0.031746
4 0.845588 0.485528 0.024160 0.028011
4 0.941964 0.446312 0.028887 0.024276
4 0.652311 0.282913 0.013655 0.024276
5 0.543330 0.360411 0.011029 0.016807
4 0.454307 0.322596 0.009454 0.017740
4 0.465074 0.284781 0.009979 0.016807
6 0.439601 0.211951 0.013655 0.028011
4 0.476103 0.290383 0.008929 0.014939
4 0.450630 0.268441 0.009454 0.015873
4 0.496324 0.204949 0.009454 0.014006
4 0.455882 0.243697 0.009454 0.016807
6 0.507616 0.375817 0.011029 0.027077
4 0.463498 0.232026 0.008929 0.015873
4 0.466912 0.267507 0.009454 0.015873
6 0.544905 0.245098 0.013130 0.030812
