6 0.684349 0.457516 0.036765 0.070962
6 0.564863 0.280579 0.022584 0.042017
0 0.486607 0.140523 0.094013 0.129785
4 0.427258 0.236228 0.012080 0.020542
6 0.438288 0.223156 0.015231 0.031746
5 0.576943 0.329132 0.011029 0.021475
4 0.446429 0.767040 0.025210 0.070028
6 0.495536 0.598506 0.032038 0.141923
4 0.471901 0.323529 0.009979 0.021475
5 0.569065 0.485528 0.030987 0.070962
4 0.556985 0.231092 0.018382 0.032680
1 0.535977 0.305789 0.008929 0.021475
4 0.466912 0.284781 0.011555 0.026144
4 0.517332 0.231559 0.009454 0.020542
4 0.488708 0.244631 0.015231 0.020542
