6 0.613445 0.561625 0.016807 0.038282
4 0.540441 0.589636 0.035714 0.098039
0 0.483981 0.106909 0.088761 0.183940
4 0.896796 0.529412 0.055147 0.052288
4 0.641807 0.456583 0.029412 0.024276
10 0.577994 0.852007 0.011029 0.038282
2 0.577468 0.853408 0.007878 0.028011
4 0.557511 0.275910 0.014181 0.023343
5 0.545168 0.379085 0.010504 0.018674
4 0.443540 0.429038 0.011029 0.032680
4 0.458508 0.354809 0.009454 0.016807
6 0.436187 0.220822 0.013130 0.028945
4 0.478204 0.330532 0.012080 0.014939
4 0.436975 0.353875 0.009454 0.020542
4 0.492910 0.199346 0.009979 0.014006
4 0.441702 0.316993 0.009454 0.019608
6 0.501313 0.351541 0.012080 0.027077
4 0.449055 0.293651 0.009454 0.017740
4 0.460609 0.325864 0.009454 0.016807
5 0.477416 0.239963 0.010504 0.022409
6 0.544905 0.252568 0.013130 0.030812
