6 0.599265 0.451914 0.017857 0.041083
4 0.646008 0.729692 0.096639 0.140990
0 0.487132 0.086835 0.084559 0.156863
4 0.424370 0.717554 0.016807 0.047619
4 0.334821 0.712885 0.025735 0.045752
4 0.523634 0.390289 0.047269 0.042951
6 0.182248 0.836134 0.150210 0.172736
4 0.446429 0.453315 0.014706 0.028945
4 0.657563 0.402894 0.023109 0.027077
4 0.813813 0.281046 0.014181 0.024276
0 0.224527 0.870215 0.024685 0.042951
5 0.543592 0.330065 0.009454 0.017740
4 0.459559 0.242764 0.008403 0.016807
4 0.468750 0.221289 0.006828 0.013072
6 0.440651 0.190943 0.013655 0.028945
4 0.475315 0.236228 0.009454 0.014939
4 0.461922 0.199813 0.007878 0.014939
4 0.496061 0.208683 0.008929 0.014006
4 0.465861 0.186741 0.008403 0.016807
4 0.487132 0.195145 0.007878 0.014939
6 0.512868 0.400560 0.014181 0.039216
4 0.471376 0.178805 0.007878 0.015873
4 0.470326 0.206816 0.008929 0.015873
6 0.545168 0.233427 0.012605 0.029879
