6 0.599265 0.489262 0.017857 0.041083
4 0.591124 0.677871 0.074055 0.123249
0 0.486082 0.096639 0.083508 0.161531
4 0.268645 0.844071 0.034139 0.052288
4 0.630515 0.432306 0.047794 0.042951
6 0.066176 0.944911 0.132353 0.108310
4 0.431723 0.622316 0.015756 0.038282
4 0.754989 0.452848 0.023634 0.028011
4 0.715074 0.285247 0.014181 0.025210
0 0.254202 0.982726 0.018908 0.032680
5 0.541229 0.349673 0.009979 0.015873
4 0.455357 0.287582 0.008403 0.016807
4 0.465599 0.260504 0.007878 0.014939
6 0.439076 0.207283 0.013655 0.028011
4 0.474527 0.269841 0.008929 0.014939
4 0.455095 0.239963 0.008929 0.014939
4 0.494748 0.211951 0.009454 0.014939
4 0.460084 0.221289 0.009454 0.016807
4 0.487132 0.191877 0.006828 0.010271
6 0.508666 0.388422 0.014181 0.039216
4 0.467174 0.211485 0.008929 0.015873
4 0.467962 0.243697 0.009454 0.014939
6 0.544905 0.239963 0.013130 0.029879
