4 0.720063 0.426704 0.052521 0.037348
4 0.490021 0.412698 0.051471 0.041083
4 0.318540 0.394491 0.044643 0.042017
4 0.519695 0.472923 0.023634 0.042017
6 0.651786 0.524743 0.035714 0.070962
6 0.537553 0.279645 0.012080 0.025210
6 0.600578 0.287115 0.014181 0.036415
4 0.487132 0.298319 0.011029 0.021475
0 0.538603 0.192344 0.087710 0.130719
6 0.602153 0.265640 0.037290 0.038282
4 0.464811 0.262838 0.012605 0.014006
4 0.452206 0.258637 0.011555 0.018674
4 0.410977 0.272176 0.018382 0.023343
4 0.378939 0.273109 0.021534 0.023343
6 0.473214 0.242764 0.017857 0.029879
6 0.536502 0.342204 0.009979 0.021475
9 0.496849 0.424837 0.031513 0.067227
4 0.823267 0.310924 0.021534 0.028011
4 0.779674 0.304388 0.021534 0.024276
4 0.600053 0.254435 0.015231 0.032680
2 0.534664 0.342670 0.011555 0.016807
4 0.522059 0.253968 0.009454 0.016807
4 0.238183 0.275910 0.018382 0.021475
4 0.308561 0.274977 0.024685 0.027077
