6 0.606618 0.511671 0.017857 0.039216
4 0.571429 0.642390 0.073529 0.123249
0 0.485294 0.099907 0.084034 0.169935
4 0.196166 0.964519 0.044643 0.054155
4 0.717174 0.460317 0.047794 0.042951
4 0.418330 0.828198 0.019433 0.054155
4 0.440126 0.598506 0.015756 0.031746
4 0.855042 0.489262 0.024160 0.028011
4 0.930410 0.446312 0.028887 0.024276
4 0.646796 0.282913 0.014181 0.024276
5 0.543855 0.361345 0.011029 0.016807
4 0.454307 0.326331 0.009454 0.017740
4 0.465074 0.286648 0.009979 0.016807
6 0.439601 0.212885 0.013655 0.028011
4 0.476103 0.291317 0.008929 0.014939
4 0.450105 0.270775 0.009454 0.016807
4 0.496324 0.204015 0.009454 0.014006
4 0.455357 0.246499 0.009454 0.016807
6 0.507616 0.375817 0.011029 0.027077
4 0.462973 0.233894 0.008929 0.015873
4 0.466912 0.269374 0.009454 0.015873
5 0.481355 0.190943 0.007878 0.014006
6 0.544905 0.245098 0.013130 0.030812
