6 0.617122 0.460317 0.019958 0.041083
4 0.532300 0.373950 0.026786 0.083100
0 0.483981 0.104108 0.088761 0.178338
4 0.019433 0.358543 0.026261 0.024276
4 0.575893 0.620915 0.023634 0.042951
4 0.627101 0.748833 0.045168 0.065359
4 0.687237 0.364146 0.026786 0.024276
10 0.540179 0.456116 0.011029 0.032680
2 0.539916 0.456116 0.008403 0.028945
4 0.792805 0.262838 0.020483 0.027077
5 0.543330 0.313259 0.008929 0.021475
4 0.408351 0.604575 0.019433 0.045752
4 0.452731 0.401961 0.013655 0.028945
6 0.429622 0.176004 0.014706 0.030812
4 0.507616 0.263772 0.009979 0.017740
4 0.391019 0.452381 0.017332 0.034547
4 0.413340 0.391690 0.014706 0.030812
6 0.492384 0.226424 0.012080 0.025210
4 0.419380 0.340803 0.012080 0.022409
4 0.445116 0.339402 0.012080 0.021475
5 0.466912 0.265640 0.013655 0.032680
6 0.542805 0.193744 0.014181 0.030812
