4 0.797794 0.434174 0.052521 0.037348
4 0.570641 0.418301 0.050945 0.041083
4 0.406513 0.403361 0.044118 0.041083
4 0.527048 0.424370 0.023634 0.042017
6 0.654412 0.523810 0.034664 0.070962
6 0.537027 0.279178 0.013130 0.022409
6 0.600315 0.285247 0.015756 0.040149
4 0.483981 0.305789 0.011029 0.021475
0 0.544380 0.203081 0.075105 0.133520
6 0.598214 0.265640 0.029412 0.038282
4 0.457721 0.266573 0.012080 0.014006
4 0.452468 0.259104 0.011029 0.015873
4 0.399422 0.276844 0.018382 0.023343
4 0.365809 0.275910 0.021534 0.023343
6 0.474002 0.240430 0.017332 0.027077
6 0.536502 0.338469 0.009979 0.021475
9 0.502101 0.416433 0.031513 0.067227
4 0.799632 0.308123 0.021534 0.028011
4 0.755515 0.305322 0.021534 0.024276
4 0.600053 0.254435 0.015231 0.032680
2 0.534664 0.342670 0.011555 0.016807
4 0.521534 0.258637 0.009454 0.016807
4 0.214548 0.274977 0.018382 0.021475
4 0.292805 0.276844 0.024685 0.027077
