6 0.660977 0.382820 0.020483 0.039216
4 0.551208 0.250700 0.021534 0.045752
0 0.477416 0.102241 0.100840 0.172736
4 0.591124 0.423436 0.018382 0.038282
4 0.594800 0.494398 0.026786 0.042017
4 0.459296 0.282913 0.032038 0.024276
4 0.689601 0.196545 0.018908 0.027077
5 0.570116 0.253501 0.011029 0.021475
4 0.429097 0.800187 0.030462 0.078431
4 0.469800 0.416900 0.015231 0.032680
4 0.520746 0.198413 0.009979 0.017740
4 0.381565 0.528945 0.025735 0.047619
4 0.413078 0.427638 0.021534 0.041083
4 0.428834 0.350140 0.012080 0.035481
4 0.460872 0.344071 0.012080 0.028945
5 0.488445 0.274510 0.016807 0.037348
9 0.656250 0.803922 0.065651 0.153128
6 0.553834 0.158263 0.014181 0.030812
