6 0.632616 0.537815 0.037290 0.070962
6 0.522584 0.387955 0.017857 0.040149
6 0.595851 0.301587 0.017332 0.039216
0 0.533088 0.182540 0.100840 0.127918
6 0.757878 0.316993 0.068277 0.049486
4 0.452994 0.275910 0.012080 0.021475
4 0.496849 0.261905 0.011555 0.019608
4 0.485294 0.266106 0.010504 0.016807
6 0.471376 0.255369 0.018382 0.032680
7 0.541229 0.468721 0.018382 0.026144
4 0.828519 0.464052 0.038340 0.029879
9 0.423845 0.710551 0.063025 0.134454
5 0.540704 0.272642 0.012080 0.026144
4 0.595326 0.272176 0.015231 0.032680
4 0.528887 0.304388 0.014706 0.022409
2 0.539916 0.451447 0.012605 0.025210
4 0.477679 0.312325 0.012080 0.021475
4 0.553834 0.262838 0.011029 0.017740
4 0.143120 0.302988 0.021534 0.021475
4 0.418330 0.286181 0.018382 0.021475
4 0.464023 0.278245 0.015231 0.020542
