6 0.615021 0.481793 0.017857 0.039216
4 0.532300 0.396359 0.026786 0.083100
0 0.483981 0.107376 0.088761 0.184874
4 0.107143 0.379085 0.026261 0.024276
4 0.581933 0.690476 0.026261 0.053221
4 0.653361 0.839402 0.045168 0.065359
4 0.758666 0.392157 0.026786 0.024276
10 0.541229 0.501867 0.011029 0.032680
2 0.540441 0.501867 0.008403 0.028945
4 0.825368 0.281979 0.021534 0.028011
5 0.542279 0.325397 0.008929 0.021475
4 0.409401 0.574697 0.018382 0.040149
4 0.451155 0.400093 0.012605 0.027077
6 0.428571 0.187208 0.014706 0.030812
4 0.506828 0.280579 0.011555 0.017740
4 0.397059 0.441643 0.016807 0.033613
4 0.414128 0.384687 0.014181 0.028011
6 0.492384 0.245098 0.012080 0.025210
4 0.418855 0.340336 0.012080 0.021475
4 0.445116 0.340336 0.012080 0.021475
5 0.466649 0.265640 0.013130 0.032680
6 0.542279 0.204949 0.014181 0.030812
