6 0.613708 0.556489 0.017332 0.039216
4 0.544118 0.604575 0.036765 0.101774
0 0.483981 0.105042 0.088761 0.180205
4 0.862658 0.521008 0.054097 0.048553
4 0.414128 0.962652 0.020483 0.054155
4 0.702731 0.463119 0.029412 0.024276
10 0.583246 0.894024 0.012080 0.038282
2 0.582721 0.895425 0.007878 0.028011
4 0.569065 0.284314 0.015231 0.021475
5 0.545693 0.381886 0.010504 0.016807
4 0.446954 0.406629 0.010504 0.023343
4 0.460347 0.342670 0.009979 0.016807
6 0.437237 0.223156 0.013130 0.028011
4 0.477153 0.325864 0.011029 0.013072
4 0.439601 0.338002 0.009454 0.020542
4 0.493960 0.202148 0.009979 0.014006
4 0.445116 0.303455 0.009979 0.018674
6 0.502363 0.358077 0.012080 0.027077
4 0.452206 0.282446 0.009454 0.017740
4 0.462185 0.316527 0.009454 0.016807
5 0.478729 0.232026 0.009979 0.021475
6 0.544905 0.250700 0.013130 0.030812
