6 0.643120 0.500467 0.037290 0.070962
6 0.568015 0.298786 0.014181 0.039216
0 0.502101 0.178338 0.096639 0.126984
4 0.425683 0.270775 0.012080 0.020542
6 0.442227 0.256303 0.017857 0.032680
7 0.696166 0.815126 0.037290 0.065359
6 0.154149 0.408030 0.137080 0.059757
4 0.419643 0.509804 0.018908 0.033613
5 0.524947 0.403828 0.021534 0.062558
4 0.562763 0.268441 0.015231 0.032680
4 0.509454 0.298319 0.011555 0.021475
1 0.531775 0.288982 0.008929 0.021475
4 0.503151 0.315593 0.008403 0.016807
4 0.522059 0.706816 0.023109 0.059757
2 0.692752 0.805789 0.022059 0.037348
4 0.428571 0.392157 0.013655 0.024276
4 0.841649 0.327264 0.034139 0.027077
4 0.430935 0.280579 0.015231 0.021475
