6 0.649160 0.522876 0.036765 0.070962
6 0.545168 0.606909 0.044118 0.082166
6 0.571166 0.304855 0.015231 0.038282
0 0.500788 0.177871 0.108718 0.126050
4 0.422532 0.279645 0.012080 0.021475
6 0.441439 0.260504 0.018382 0.031746
7 0.595851 0.612045 0.021534 0.047619
6 0.464023 0.425770 0.137080 0.059757
4 0.270221 0.432306 0.042542 0.033613
5 0.516544 0.332866 0.019433 0.038282
4 0.564338 0.272176 0.015231 0.032680
4 0.507090 0.263772 0.008929 0.015873
1 0.547006 0.267507 0.008929 0.021475
4 0.506828 0.281513 0.008403 0.015873
4 0.516019 0.441176 0.015231 0.038282
2 0.591912 0.600373 0.017857 0.028011
4 0.377363 0.523810 0.021534 0.037348
4 0.468225 0.276844 0.008929 0.015873
4 0.623687 0.303922 0.034139 0.027077
4 0.337447 0.296452 0.015231 0.021475
4 0.468750 0.264706 0.011029 0.015873
4 0.474527 0.253968 0.011029 0.014939
