6 0.668592 0.374883 0.019958 0.043884
4 0.554359 0.224556 0.021534 0.045752
0 0.483456 0.113445 0.111870 0.172736
4 0.556723 0.312792 0.014706 0.028011
4 0.554097 0.368347 0.021008 0.028945
4 0.110032 0.273576 0.032038 0.024276
4 0.594013 0.172736 0.018908 0.028011
5 0.573267 0.273109 0.011029 0.021475
4 0.470588 0.589636 0.019958 0.053221
4 0.210609 0.817460 0.066176 0.092437
4 0.340074 0.616246 0.038340 0.063492
4 0.396271 0.490663 0.025735 0.047619
4 0.468750 0.418301 0.015231 0.041083
5 0.495798 0.352941 0.021008 0.050420
9 0.607405 0.551354 0.044643 0.099907
6 0.558561 0.149860 0.014181 0.030812
