6 0.614496 0.490663 0.016807 0.038282
4 0.532300 0.404762 0.026786 0.083100
0 0.483981 0.108777 0.088761 0.187675
4 0.140231 0.386555 0.026261 0.024276
4 0.587185 0.722222 0.026261 0.053221
4 0.667017 0.878618 0.045168 0.065359
4 0.785977 0.401494 0.026786 0.024276
10 0.542279 0.521475 0.011029 0.032680
2 0.541492 0.520542 0.008403 0.028945
4 0.839548 0.291317 0.021534 0.028011
5 0.542279 0.331933 0.008929 0.021475
4 0.409926 0.563025 0.018382 0.037348
4 0.450630 0.399627 0.012605 0.026144
6 0.429097 0.190943 0.014706 0.030812
4 0.506040 0.288049 0.013130 0.017740
4 0.400210 0.437908 0.015756 0.033613
4 0.414391 0.381419 0.014706 0.027077
6 0.492384 0.253501 0.012080 0.025210
4 0.420431 0.338469 0.012080 0.021475
4 0.446166 0.342204 0.012080 0.021475
5 0.467174 0.265640 0.013130 0.032680
6 0.542279 0.209617 0.014181 0.030812
