6 0.616071 0.561625 0.016807 0.038282
4 0.536239 0.528011 0.027311 0.081232
0 0.483981 0.111578 0.088761 0.193277
4 0.439601 0.451914 0.026261 0.024276
10 0.561187 0.711951 0.011029 0.038282
2 0.560137 0.711485 0.007878 0.028011
4 0.527048 0.257703 0.014181 0.018674
4 0.964286 0.376751 0.021008 0.027077
5 0.544118 0.369748 0.009454 0.020542
4 0.430935 0.475257 0.012080 0.024276
4 0.451418 0.388889 0.011029 0.019608
6 0.433036 0.214286 0.014181 0.028945
4 0.485819 0.334267 0.015756 0.016807
4 0.424370 0.403828 0.010504 0.025210
4 0.429884 0.355275 0.011029 0.023343
6 0.496586 0.322129 0.012080 0.026144
4 0.437500 0.324463 0.010504 0.019608
4 0.454307 0.347339 0.010504 0.018674
5 0.472952 0.260971 0.011029 0.027077
6 0.544118 0.246032 0.013655 0.030812
