4 0.565914 0.417367 0.046744 0.037348
4 0.333246 0.400560 0.050945 0.044818
4 0.154149 0.390756 0.044643 0.040149
4 0.502363 0.521008 0.026786 0.044818
6 0.647847 0.525677 0.037290 0.070962
6 0.536765 0.290850 0.014706 0.027077
6 0.597952 0.285714 0.018382 0.039216
4 0.496586 0.283380 0.012080 0.023343
0 0.533088 0.182540 0.100840 0.127918
6 0.618435 0.271709 0.049895 0.044818
4 0.476628 0.260037 0.012080 0.021475
4 0.451418 0.260037 0.012080 0.021475
4 0.431985 0.264239 0.018382 0.022409
4 0.406775 0.269841 0.018382 0.024276
6 0.472952 0.246965 0.018382 0.032680
7 0.535977 0.348739 0.015231 0.021475
9 0.481880 0.465453 0.032038 0.070028
4 0.874737 0.315593 0.021534 0.028011
4 0.825368 0.306256 0.021534 0.024276
4 0.599002 0.255369 0.015231 0.032680
2 0.534664 0.342670 0.011555 0.016807
4 0.271796 0.273109 0.018382 0.021475
4 0.338498 0.274977 0.024685 0.027077
