6 0.642069 0.500467 0.037290 0.070962
6 0.665704 0.868347 0.086660 0.154995
6 0.568015 0.298319 0.014181 0.038282
0 0.501838 0.178338 0.098214 0.126984
4 0.425683 0.272176 0.012080 0.021475
6 0.442227 0.257236 0.017857 0.032680
7 0.679097 0.782913 0.035714 0.060691
6 0.185137 0.413632 0.137080 0.059757
4 0.412553 0.534547 0.019433 0.036415
5 0.521271 0.395425 0.020483 0.060691
4 0.562763 0.267507 0.015231 0.032680
4 0.507878 0.293651 0.011555 0.021475
1 0.532300 0.288049 0.008929 0.021475
4 0.503676 0.311391 0.008403 0.015873
4 0.520221 0.660598 0.021534 0.055089
2 0.674895 0.774043 0.022059 0.037348
4 0.424107 0.404295 0.014181 0.026144
4 0.480830 0.254435 0.008929 0.017740
4 0.818015 0.325397 0.034139 0.027077
4 0.425158 0.282446 0.015231 0.021475
