6 0.614496 0.501867 0.016807 0.038282
4 0.532300 0.423436 0.026786 0.083100
0 0.483981 0.110644 0.088761 0.191410
4 0.182248 0.395892 0.026261 0.024276
4 0.593750 0.760971 0.026786 0.059757
4 0.685399 0.928105 0.046218 0.069094
4 0.820116 0.414566 0.026786 0.024276
10 0.544118 0.546218 0.010504 0.024276
2 0.544118 0.545752 0.008403 0.028945
4 0.856880 0.301587 0.021534 0.028011
5 0.542542 0.340336 0.009454 0.021475
4 0.410452 0.547619 0.017332 0.034547
4 0.449580 0.399160 0.012605 0.025210
6 0.429622 0.196078 0.014706 0.029879
4 0.504989 0.297386 0.015231 0.017740
4 0.403887 0.433707 0.014706 0.032680
4 0.414653 0.378151 0.014181 0.026144
6 0.492384 0.263772 0.012080 0.025210
4 0.422532 0.337535 0.012080 0.021475
4 0.447216 0.344071 0.012080 0.021475
5 0.467700 0.266573 0.013130 0.032680
6 0.542279 0.215219 0.014181 0.030812
