6 0.666492 0.371148 0.019958 0.042017
4 0.554359 0.226424 0.021534 0.045752
0 0.482668 0.112512 0.110294 0.172736
4 0.560399 0.325864 0.014706 0.028011
4 0.555672 0.375817 0.021008 0.028945
4 0.153624 0.270775 0.032038 0.024276
4 0.594013 0.172736 0.018908 0.028011
5 0.572742 0.270308 0.011029 0.021475
4 0.471113 0.554155 0.017857 0.047619
4 0.249737 0.763305 0.057248 0.081232
4 0.356618 0.577498 0.036765 0.058824
4 0.404937 0.461251 0.022059 0.046685
4 0.469013 0.399160 0.014706 0.038282
5 0.495011 0.343604 0.020483 0.048553
9 0.610557 0.566760 0.045693 0.100840
6 0.557511 0.150794 0.014181 0.030812
