6 0.661502 0.380952 0.020483 0.039216
4 0.551208 0.250700 0.021534 0.045752
0 0.477416 0.102241 0.100840 0.172736
4 0.590599 0.418768 0.018382 0.038282
4 0.592700 0.489729 0.026786 0.042017
4 0.451943 0.280112 0.032038 0.024276
4 0.686975 0.195612 0.018908 0.027077
5 0.570641 0.252568 0.011029 0.021475
4 0.428309 0.808590 0.030987 0.080299
4 0.470326 0.416900 0.015231 0.032680
4 0.521271 0.196545 0.009979 0.017740
4 0.379727 0.530812 0.026261 0.047619
4 0.412815 0.428571 0.022059 0.041083
4 0.429359 0.350140 0.012080 0.035481
4 0.461397 0.344538 0.012080 0.029879
5 0.488971 0.276377 0.016807 0.037348
9 0.655200 0.792250 0.064601 0.150327
6 0.553834 0.157330 0.014181 0.030812
