6 0.646796 0.498599 0.037290 0.070962
6 0.569590 0.298319 0.016282 0.040149
0 0.503151 0.178805 0.094538 0.127918
4 0.426208 0.269841 0.012080 0.020542
6 0.443803 0.252568 0.017857 0.032680
7 0.743435 0.890756 0.046744 0.078431
6 0.106880 0.408030 0.137080 0.059757
4 0.428309 0.477591 0.016282 0.027077
5 0.531250 0.416900 0.023634 0.064426
4 0.562763 0.266573 0.015231 0.032680
4 0.511555 0.303922 0.011555 0.021475
1 0.530200 0.293651 0.008929 0.021475
4 0.503414 0.323063 0.012080 0.020542
4 0.528887 0.809991 0.025210 0.070028
2 0.735032 0.873016 0.022584 0.037348
4 0.436187 0.372549 0.012080 0.022409
4 0.881040 0.330065 0.034139 0.027077
4 0.441439 0.276377 0.015231 0.020542
