4 0.674632 0.422035 0.050945 0.037348
4 0.443803 0.407096 0.051471 0.041083
4 0.268645 0.393091 0.044643 0.042951
4 0.514706 0.486461 0.024160 0.042951
6 0.650210 0.524743 0.036765 0.070962
6 0.537290 0.283847 0.013655 0.026144
6 0.601103 0.286181 0.017332 0.038282
4 0.491071 0.291317 0.011555 0.022409
0 0.535189 0.186741 0.095588 0.128852
6 0.606880 0.267040 0.044643 0.039216
4 0.467962 0.262372 0.012605 0.018674
4 0.451943 0.258637 0.012080 0.020542
4 0.416229 0.267507 0.018382 0.023343
4 0.386029 0.271709 0.021008 0.024276
6 0.472952 0.244631 0.018382 0.031746
6 0.536239 0.345005 0.011555 0.021475
9 0.492122 0.435107 0.031513 0.067227
4 0.837973 0.311858 0.021534 0.028011
4 0.792279 0.304388 0.021534 0.024276
4 0.600053 0.254435 0.015231 0.032680
2 0.534664 0.342670 0.011555 0.016807
4 0.249212 0.273109 0.018382 0.021475
4 0.317489 0.274977 0.024685 0.027077
