6 0.646796 0.512605 0.037290 0.070962
6 0.577206 0.675070 0.053571 0.098973
6 0.570378 0.302988 0.014706 0.038282
0 0.502363 0.177871 0.103466 0.126050
4 0.426733 0.277778 0.012080 0.021475
6 0.445116 0.259570 0.018382 0.031746
7 0.608456 0.657796 0.023634 0.049486
6 0.361607 0.416433 0.137080 0.059757
4 0.159664 0.424370 0.042017 0.032680
4 0.338498 0.838936 0.036239 0.079365
5 0.517069 0.349673 0.019433 0.038282
4 0.565389 0.274043 0.015231 0.032680
4 0.506828 0.272176 0.009454 0.015873
1 0.542279 0.276844 0.008929 0.021475
4 0.505777 0.291783 0.008403 0.015873
4 0.518908 0.495331 0.015756 0.038282
2 0.601628 0.644725 0.018382 0.028945
4 0.397847 0.473389 0.019433 0.033613
4 0.474527 0.267507 0.008929 0.015873
4 0.689863 0.315126 0.034139 0.027077
4 0.377363 0.289916 0.015231 0.021475
4 0.477153 0.253035 0.011029 0.016807
