6 0.642069 0.503268 0.037290 0.070962
6 0.619748 0.762838 0.068277 0.121382
6 0.568803 0.295518 0.014706 0.038282
0 0.500525 0.177871 0.102941 0.126050
4 0.425683 0.274043 0.012080 0.021475
6 0.442227 0.259104 0.017857 0.032680
7 0.643120 0.715219 0.032038 0.052288
6 0.258666 0.405229 0.137080 0.059757
4 0.044643 0.419701 0.042017 0.032680
4 0.393645 0.611111 0.024685 0.049486
5 0.516544 0.373016 0.018382 0.051354
4 0.562763 0.264706 0.015231 0.032680
4 0.505777 0.282913 0.011555 0.016807
1 0.533876 0.279645 0.008929 0.021475
4 0.503676 0.300187 0.008403 0.015873
4 0.516282 0.572829 0.017857 0.043884
2 0.637080 0.706816 0.021008 0.035481
4 0.413603 0.431839 0.016282 0.028945
4 0.479254 0.258637 0.008929 0.016807
4 0.766544 0.321662 0.034139 0.027077
4 0.404149 0.281513 0.015231 0.021475
