6 0.616071 0.465920 0.019958 0.041083
4 0.532300 0.381419 0.026786 0.083100
0 0.483981 0.105042 0.088761 0.180205
4 0.046218 0.365079 0.026261 0.024276
4 0.577468 0.641457 0.024685 0.046685
4 0.633403 0.774043 0.045168 0.065359
4 0.708246 0.370682 0.026786 0.024276
10 0.539128 0.467320 0.011029 0.032680
2 0.538866 0.468254 0.008403 0.028945
4 0.801733 0.267974 0.021534 0.028011
5 0.543330 0.316993 0.008929 0.021475
4 0.408613 0.595238 0.018908 0.043884
4 0.452206 0.401494 0.013655 0.028011
6 0.429097 0.179739 0.014706 0.030812
4 0.507616 0.269374 0.009979 0.017740
4 0.391019 0.449580 0.017332 0.034547
4 0.413866 0.389356 0.014706 0.029879
6 0.492384 0.231092 0.012080 0.025210
4 0.418855 0.340336 0.012080 0.021475
4 0.444065 0.339402 0.012080 0.021475
5 0.465599 0.265640 0.013130 0.032680
6 0.542805 0.197479 0.014181 0.030812
