6 0.646271 0.498599 0.037290 0.070962
6 0.569065 0.298319 0.016282 0.040149
0 0.502889 0.178805 0.095063 0.127918
4 0.425683 0.269841 0.012080 0.020542
6 0.442752 0.254435 0.017857 0.032680
7 0.734506 0.876751 0.046744 0.078431
6 0.116334 0.408030 0.137080 0.059757
4 0.426733 0.482260 0.016282 0.027077
5 0.529937 0.414099 0.023109 0.064426
4 0.562763 0.268441 0.015231 0.032680
4 0.510504 0.302988 0.011555 0.021475
1 0.530200 0.292717 0.008929 0.021475
4 0.502889 0.322129 0.012080 0.020542
4 0.524947 0.786648 0.024685 0.068161
2 0.726103 0.859010 0.022584 0.037348
4 0.434874 0.376284 0.012605 0.022409
4 0.873162 0.330065 0.034139 0.027077
4 0.438813 0.277311 0.015231 0.020542
