6 0.616597 0.556022 0.016807 0.038282
4 0.535189 0.516807 0.027311 0.081232
0 0.483981 0.111578 0.088761 0.193277
4 0.399947 0.446312 0.026786 0.024276
10 0.558036 0.685808 0.011029 0.038282
2 0.556985 0.684407 0.007878 0.028011
4 0.522321 0.253035 0.014181 0.018674
4 0.948792 0.366947 0.021534 0.028011
5 0.543855 0.367880 0.009979 0.020542
4 0.427521 0.489262 0.012605 0.026144
4 0.449842 0.392624 0.012080 0.021475
6 0.432511 0.213352 0.014181 0.028945
4 0.488971 0.330532 0.015756 0.016807
4 0.421481 0.411765 0.011029 0.028011
4 0.427784 0.360411 0.012080 0.024276
6 0.495536 0.313259 0.012080 0.027077
4 0.435137 0.328198 0.011029 0.019608
4 0.452994 0.347806 0.011029 0.019608
5 0.472164 0.262838 0.011555 0.028945
6 0.543855 0.241363 0.013130 0.030812
