6 0.633141 0.541550 0.037290 0.070962
6 0.522321 0.384687 0.017332 0.039216
6 0.595588 0.302521 0.017857 0.039216
0 0.533088 0.182540 0.100840 0.127918
6 0.750525 0.316993 0.067227 0.049486
4 0.452994 0.276844 0.012080 0.021475
4 0.495273 0.263772 0.011555 0.019608
4 0.483718 0.267974 0.010504 0.018674
6 0.471376 0.257236 0.018382 0.032680
7 0.541492 0.467320 0.017857 0.027077
4 0.852679 0.469655 0.037290 0.029879
9 0.424632 0.701681 0.058298 0.124183
5 0.540704 0.271709 0.012080 0.026144
4 0.595326 0.273109 0.015231 0.032680
4 0.528887 0.302054 0.013655 0.021475
2 0.540966 0.451447 0.012605 0.025210
4 0.477153 0.315126 0.012080 0.021475
4 0.553046 0.261438 0.010504 0.016807
4 0.133141 0.304855 0.021534 0.021475
4 0.414653 0.287115 0.018382 0.021475
4 0.460872 0.279178 0.015231 0.020542
