6 0.645746 0.498599 0.037290 0.070962
6 0.568803 0.298319 0.015756 0.040149
0 0.502889 0.178805 0.095063 0.127918
4 0.425683 0.269841 0.012080 0.020542
6 0.442227 0.255369 0.017857 0.032680
7 0.730305 0.870215 0.046744 0.078431
6 0.121061 0.408030 0.137080 0.059757
4 0.426733 0.482260 0.016282 0.027077
5 0.529412 0.413165 0.023109 0.064426
4 0.562763 0.270308 0.015231 0.032680
4 0.509979 0.302054 0.011555 0.021475
1 0.530725 0.291783 0.008929 0.021475
4 0.502889 0.320728 0.011029 0.019608
4 0.524422 0.775910 0.024685 0.067227
2 0.721901 0.852474 0.022584 0.037348
4 0.433824 0.378151 0.012605 0.022409
4 0.868960 0.329132 0.034139 0.027077
4 0.437763 0.277311 0.015231 0.020542
