4 0.356092 0.440710 0.047269 0.037348
4 0.124737 0.431373 0.050945 0.044818
4 0.465336 0.647059 0.036765 0.057890
6 0.645746 0.555556 0.037290 0.070962
6 0.536502 0.326797 0.016282 0.037348
6 0.597426 0.299253 0.015231 0.038282
4 0.505515 0.279645 0.008929 0.015873
0 0.533088 0.182540 0.100840 0.127918
6 0.649685 0.294118 0.051471 0.044818
4 0.489758 0.265640 0.012080 0.021475
4 0.451418 0.271242 0.012080 0.021475
4 0.459296 0.275910 0.012080 0.021475
4 0.440389 0.280112 0.013130 0.020542
6 0.472426 0.256303 0.018382 0.032680
7 0.539128 0.397759 0.016282 0.022409
9 0.472164 0.539683 0.045168 0.104575
4 0.955095 0.343604 0.021534 0.028011
4 0.908088 0.333333 0.021008 0.024276
4 0.599002 0.268441 0.015231 0.032680
4 0.539128 0.261905 0.012080 0.021475
2 0.538603 0.382820 0.012080 0.018674
4 0.460872 0.351541 0.012080 0.021475
4 0.326943 0.288982 0.018382 0.021475
4 0.381828 0.287115 0.017857 0.021475
