6 0.615021 0.510271 0.016807 0.038282
4 0.532300 0.436508 0.026786 0.083100
0 0.483981 0.111578 0.088761 0.193277
4 0.215336 0.403361 0.026261 0.024276
4 0.597952 0.794585 0.026786 0.059757
4 0.847164 0.424837 0.027311 0.024276
10 0.545956 0.565359 0.009979 0.023343
2 0.546481 0.565359 0.007878 0.028945
4 0.507090 0.216153 0.013130 0.019608
4 0.870536 0.309991 0.021534 0.028011
5 0.542805 0.346872 0.008929 0.021475
4 0.411502 0.537348 0.017332 0.032680
4 0.449055 0.398226 0.012605 0.023343
6 0.430147 0.199813 0.014706 0.029879
4 0.503676 0.303922 0.016807 0.017740
4 0.407300 0.430439 0.014181 0.031746
4 0.415704 0.375817 0.014181 0.025210
6 0.492384 0.272176 0.012080 0.025210
4 0.424632 0.336601 0.012080 0.021475
4 0.448267 0.345938 0.012080 0.021475
5 0.468487 0.266573 0.013655 0.032680
6 0.542279 0.218954 0.014181 0.030812
