6 0.667017 0.525677 0.036765 0.070962
6 0.539128 0.482260 0.027836 0.077498
6 0.608456 0.302054 0.015231 0.038282
0 0.544905 0.182540 0.094013 0.127918
6 0.921744 0.329599 0.072479 0.050420
4 0.467174 0.274043 0.012080 0.021475
6 0.483456 0.256303 0.018382 0.032680
7 0.581933 0.539216 0.017857 0.032680
6 0.664653 0.427638 0.137080 0.059757
4 0.487658 0.424837 0.038340 0.029879
5 0.550683 0.300187 0.015231 0.032680
4 0.605830 0.270308 0.015231 0.032680
4 0.550158 0.258170 0.008929 0.015873
4 0.543330 0.375817 0.015231 0.038282
2 0.575893 0.530812 0.015231 0.021475
4 0.327731 0.633987 0.032563 0.054155
4 0.502889 0.283380 0.008929 0.015873
4 0.596113 0.284314 0.023109 0.023343
4 0.300158 0.295051 0.021534 0.022409
4 0.488971 0.273109 0.011555 0.015873
4 0.507090 0.259570 0.012080 0.014939
