4 0.064601 0.445378 0.047269 0.037348
4 0.387868 0.872082 0.048845 0.080299
6 0.637868 0.564893 0.037290 0.070962
6 0.527048 0.375817 0.017332 0.038282
6 0.596376 0.308123 0.018382 0.039216
4 0.515756 0.264706 0.008403 0.015873
0 0.533088 0.182540 0.100840 0.127918
6 0.720588 0.316993 0.066176 0.049486
4 0.503939 0.261905 0.012080 0.021475
4 0.452994 0.280579 0.012080 0.021475
4 0.487920 0.273109 0.011555 0.019608
4 0.476628 0.276844 0.011029 0.021475
6 0.471901 0.263772 0.018382 0.032680
7 0.542017 0.448646 0.017857 0.023343
9 0.435924 0.669468 0.056723 0.119514
5 0.542279 0.267974 0.012080 0.028011
4 0.596376 0.276844 0.015231 0.032680
4 0.531513 0.291783 0.011555 0.021475
2 0.541754 0.438375 0.012080 0.021475
4 0.473477 0.328198 0.012080 0.021475
4 0.551208 0.260971 0.009979 0.015873
4 0.081670 0.312325 0.021534 0.021475
4 0.394695 0.291783 0.018382 0.021475
4 0.443803 0.287582 0.015756 0.020542
