6 0.684349 0.461251 0.036765 0.070962
6 0.555410 0.302054 0.022584 0.043884
0 0.467174 0.185341 0.094013 0.127918
4 0.412027 0.281979 0.012080 0.020542
6 0.426208 0.266573 0.015231 0.032680
5 0.549370 0.381886 0.010504 0.016807
0 0.530200 0.351541 0.017332 0.027077
4 0.455620 0.962185 0.026786 0.073763
6 0.510242 0.743231 0.051996 0.197946
4 0.466387 0.381886 0.010504 0.022409
5 0.563813 0.485994 0.029937 0.071895
4 0.543855 0.258170 0.018382 0.032680
4 0.519433 0.345005 0.011555 0.019608
1 0.522321 0.322596 0.008929 0.021475
4 0.452468 0.333800 0.012080 0.027077
4 0.495798 0.259570 0.009454 0.020542
4 0.467174 0.281046 0.015231 0.020542
