4 0.366071 0.922035 0.049370 0.090570
6 0.633666 0.547152 0.037290 0.070962
6 0.523897 0.381419 0.017332 0.038282
6 0.595588 0.303455 0.017857 0.039216
0 0.533088 0.182540 0.100840 0.127918
6 0.739496 0.316993 0.066176 0.049486
4 0.452994 0.277778 0.012080 0.021475
4 0.492647 0.267507 0.011555 0.019608
4 0.480830 0.271242 0.011029 0.021475
6 0.471376 0.259104 0.018382 0.032680
7 0.542017 0.461251 0.017857 0.026144
4 0.894695 0.479925 0.036239 0.029879
9 0.425683 0.683940 0.056197 0.120448
5 0.540704 0.269841 0.012080 0.026144
4 0.595326 0.274043 0.015231 0.032680
4 0.528887 0.298786 0.012605 0.022409
2 0.540704 0.449580 0.012080 0.025210
4 0.475578 0.319795 0.012080 0.021475
4 0.551733 0.260971 0.009979 0.015873
4 0.113708 0.304855 0.021534 0.021475
4 0.408876 0.288049 0.018382 0.021475
4 0.455620 0.281979 0.015231 0.020542
