6 0.614496 0.551821 0.017857 0.039216
4 0.547794 0.616246 0.038866 0.102708
0 0.483981 0.102708 0.087710 0.175537
4 0.829569 0.513539 0.053046 0.042951
4 0.421744 0.852474 0.019958 0.054155
4 0.760504 0.461251 0.029412 0.024276
10 0.587973 0.940710 0.015231 0.036415
2 0.587185 0.939309 0.007353 0.028011
4 0.583771 0.281979 0.014181 0.024276
5 0.546218 0.382820 0.010504 0.016807
4 0.450105 0.387021 0.009454 0.017740
4 0.461922 0.330532 0.009979 0.016807
6 0.438288 0.224090 0.013130 0.028011
4 0.476628 0.320261 0.009979 0.013072
4 0.442752 0.321195 0.009454 0.020542
4 0.495011 0.204015 0.009979 0.014006
4 0.448267 0.290383 0.009979 0.016807
6 0.503939 0.364613 0.012080 0.027077
4 0.455357 0.271242 0.009454 0.017740
4 0.463761 0.307190 0.009454 0.016807
5 0.480042 0.223156 0.010504 0.020542
6 0.544905 0.249767 0.013130 0.030812
