4 0.473477 0.417367 0.046744 0.037348
4 0.238183 0.408030 0.050945 0.044818
4 0.060137 0.402894 0.044643 0.040149
4 0.486870 0.563025 0.033613 0.044818
6 0.646271 0.531279 0.037290 0.070962
6 0.536765 0.302054 0.014706 0.030812
6 0.599527 0.285714 0.018382 0.039216
4 0.500263 0.276844 0.012080 0.023343
0 0.533088 0.182540 0.100840 0.127918
6 0.631040 0.276377 0.049895 0.044818
4 0.482931 0.260037 0.012080 0.021475
4 0.451418 0.262838 0.012080 0.021475
4 0.444590 0.267507 0.012080 0.021475
4 0.423057 0.272176 0.015231 0.021475
6 0.472952 0.248833 0.018382 0.032680
7 0.536239 0.374416 0.015756 0.022409
9 0.478729 0.489729 0.036239 0.081232
4 0.908613 0.323996 0.022059 0.028011
4 0.860557 0.314659 0.021534 0.024276
4 0.598477 0.258170 0.015231 0.032680
2 0.535714 0.359477 0.011555 0.016807
4 0.454569 0.348739 0.012080 0.021475
4 0.292279 0.277778 0.018382 0.021475
4 0.359769 0.276377 0.021008 0.024276
