6 0.634191 0.523343 0.037290 0.070028
6 0.516019 0.545752 0.034139 0.077498
6 0.561187 0.302988 0.015231 0.038282
0 0.499212 0.178338 0.112920 0.126984
6 0.924895 0.332400 0.072479 0.050420
4 0.417805 0.274977 0.012080 0.021475
6 0.435137 0.257703 0.018382 0.031746
7 0.568277 0.570028 0.018908 0.043884
6 0.540179 0.422969 0.137080 0.059757
4 0.354254 0.431373 0.042542 0.033613
5 0.504989 0.316993 0.015231 0.030812
4 0.558561 0.271242 0.015231 0.032680
1 0.542279 0.259104 0.008929 0.021475
4 0.500788 0.268441 0.008929 0.015873
4 0.511817 0.405696 0.015231 0.038282
2 0.564601 0.561625 0.014706 0.021475
4 0.336134 0.575630 0.024160 0.042017
4 0.458246 0.278711 0.008929 0.015873
4 0.576418 0.292717 0.034139 0.027077
4 0.296744 0.297386 0.018908 0.021475
4 0.453782 0.268441 0.011555 0.015873
4 0.464811 0.253968 0.011555 0.014939
