6 0.614496 0.503735 0.016807 0.038282
4 0.532300 0.426237 0.026786 0.083100
0 0.483981 0.111111 0.088761 0.192344
4 0.190651 0.397759 0.026261 0.024276
4 0.594800 0.769374 0.026786 0.059757
4 0.689076 0.937442 0.046218 0.070962
4 0.826943 0.417367 0.026786 0.024276
10 0.544380 0.550887 0.009979 0.022409
2 0.544643 0.550420 0.008403 0.028945
4 0.504989 0.211485 0.013130 0.010271
4 0.860032 0.303455 0.021534 0.028011
5 0.542542 0.342204 0.009454 0.021475
4 0.410452 0.544818 0.017332 0.034547
4 0.449580 0.398693 0.012605 0.024276
6 0.429622 0.197012 0.014706 0.029879
4 0.504727 0.299253 0.015756 0.017740
4 0.404937 0.432773 0.014706 0.032680
4 0.414653 0.377684 0.014181 0.025210
6 0.492384 0.265640 0.012080 0.025210
4 0.423057 0.336601 0.012080 0.021475
4 0.447742 0.345005 0.012080 0.021475
5 0.467962 0.266573 0.013655 0.032680
6 0.542279 0.216153 0.014181 0.030812
