6 0.672532 0.494865 0.037290 0.070962
6 0.569853 0.301120 0.019958 0.043884
0 0.489758 0.177871 0.094013 0.127918
4 0.424632 0.267974 0.012080 0.020542
6 0.440126 0.254435 0.015756 0.027077
6 0.445641 0.905229 0.051996 0.185808
4 0.448792 0.426704 0.013130 0.024276
5 0.545693 0.447712 0.028361 0.070028
4 0.559611 0.261438 0.015231 0.031746
4 0.518382 0.323996 0.011555 0.020542
1 0.528624 0.304855 0.008929 0.021475
4 0.510242 0.343604 0.012080 0.020542
4 0.454307 0.345938 0.011555 0.021475
4 0.461922 0.271709 0.015231 0.020542
