6 0.650210 0.521942 0.036765 0.070962
6 0.552521 0.626050 0.045168 0.084967
6 0.572742 0.305789 0.015231 0.038282
0 0.501313 0.177871 0.107668 0.126050
4 0.423582 0.278711 0.012080 0.021475
6 0.442489 0.260504 0.018382 0.031746
7 0.600315 0.624183 0.022059 0.047619
6 0.438288 0.423903 0.137080 0.059757
4 0.241071 0.430906 0.042017 0.032680
5 0.516544 0.337535 0.019433 0.038282
4 0.564863 0.273109 0.015231 0.032680
4 0.507090 0.267507 0.008929 0.015873
1 0.548057 0.270308 0.008929 0.021475
4 0.507878 0.286181 0.008403 0.015873
4 0.517069 0.452381 0.015231 0.038282
2 0.596376 0.612045 0.018382 0.028945
4 0.385504 0.507003 0.021008 0.037348
4 0.470326 0.274977 0.008929 0.015873
4 0.637868 0.306723 0.034139 0.027077
4 0.349527 0.296452 0.015231 0.021475
4 0.471901 0.264706 0.011029 0.015873
4 0.476366 0.253968 0.011555 0.014939
