6 0.648897 0.408964 0.020483 0.041083
4 0.543067 0.296452 0.023109 0.056956
0 0.480305 0.101307 0.096113 0.172736
4 0.593750 0.499533 0.023634 0.042951
4 0.612658 0.586368 0.030987 0.042951
4 0.556460 0.319795 0.032038 0.023343
4 0.728729 0.219888 0.018382 0.027077
5 0.563813 0.279645 0.009979 0.019608
4 0.425158 0.697012 0.022584 0.060691
4 0.462447 0.414099 0.015231 0.032680
4 0.518120 0.227358 0.009979 0.017740
4 0.395746 0.504669 0.020483 0.045752
4 0.413340 0.420168 0.015756 0.037348
6 0.502363 0.195612 0.011029 0.017740
4 0.425158 0.346405 0.012080 0.029879
4 0.454569 0.342204 0.012080 0.027077
5 0.481618 0.269374 0.015756 0.036415
6 0.552784 0.169468 0.014181 0.030812
