6 0.614233 0.553688 0.017332 0.039216
4 0.546744 0.614846 0.036765 0.101774
0 0.483981 0.103641 0.088761 0.177404
4 0.842174 0.518207 0.053046 0.044818
4 0.418330 0.894958 0.020483 0.056956
4 0.738445 0.464052 0.029412 0.024276
10 0.586134 0.923436 0.013655 0.037348
2 0.585609 0.922502 0.007353 0.028011
4 0.577994 0.279645 0.014181 0.023343
5 0.545693 0.383754 0.010504 0.016807
4 0.449055 0.394491 0.009454 0.019608
4 0.461397 0.335201 0.009979 0.016807
6 0.437763 0.224090 0.013130 0.028011
4 0.476628 0.323063 0.009979 0.013072
4 0.441702 0.327731 0.009454 0.020542
4 0.494485 0.204015 0.009979 0.014006
4 0.447216 0.295051 0.009979 0.016807
6 0.503414 0.361811 0.012080 0.027077
4 0.454307 0.274977 0.009454 0.017740
4 0.463235 0.310924 0.009454 0.016807
5 0.479517 0.226891 0.010504 0.020542
6 0.544905 0.250700 0.013130 0.030812
