6 0.684611 0.471055 0.037290 0.070028
6 0.565389 0.295518 0.022584 0.042017
0 0.485557 0.155462 0.094013 0.129785
4 0.426208 0.249300 0.012080 0.020542
6 0.437763 0.234827 0.015231 0.032680
5 0.575893 0.341270 0.011029 0.021475
4 0.445116 0.787582 0.024685 0.077498
6 0.496061 0.619981 0.032038 0.141923
4 0.471901 0.342204 0.009979 0.021475
5 0.568277 0.491597 0.030462 0.071895
4 0.557511 0.246965 0.018382 0.032680
1 0.535452 0.317927 0.008929 0.021475
4 0.466387 0.295985 0.011555 0.026144
4 0.516282 0.245565 0.009454 0.020542
4 0.488183 0.260504 0.015231 0.020542
