6 0.644170 0.507937 0.037290 0.070962
6 0.592174 0.703548 0.059349 0.107376
6 0.569328 0.299253 0.014706 0.038282
0 0.502101 0.177871 0.102941 0.126050
4 0.426208 0.274977 0.012080 0.021475
6 0.443803 0.258637 0.017857 0.031746
7 0.621586 0.679739 0.026786 0.050420
6 0.322216 0.410831 0.137080 0.059757
4 0.117647 0.418768 0.042017 0.032680
4 0.365021 0.725490 0.029412 0.065359
5 0.517069 0.356209 0.019433 0.038282
4 0.564338 0.273109 0.015231 0.032680
4 0.506565 0.274043 0.009979 0.015873
1 0.539128 0.274977 0.008929 0.021475
4 0.504202 0.294585 0.008403 0.015873
4 0.517332 0.518674 0.015756 0.038282
2 0.615284 0.668534 0.019433 0.031746
4 0.403624 0.457516 0.018382 0.031746
4 0.476103 0.262838 0.008929 0.015873
4 0.719275 0.318861 0.034139 0.027077
4 0.389443 0.286181 0.015231 0.021475
