4 0.708508 0.424837 0.052521 0.037348
4 0.478466 0.411298 0.051471 0.040149
4 0.305935 0.394024 0.044643 0.042951
4 0.518645 0.476657 0.023634 0.042017
6 0.651523 0.524743 0.036239 0.070962
6 0.537290 0.280579 0.012605 0.025210
6 0.600578 0.286648 0.015231 0.037348
4 0.489233 0.294585 0.011029 0.021475
0 0.537553 0.190943 0.089811 0.129785
6 0.603204 0.265640 0.039391 0.038282
4 0.465599 0.262838 0.013130 0.015873
4 0.452206 0.258637 0.011555 0.018674
4 0.412553 0.271242 0.018382 0.023343
4 0.381040 0.273109 0.021534 0.023343
6 0.473214 0.243231 0.017857 0.030812
6 0.536502 0.343137 0.009979 0.021475
9 0.495798 0.426704 0.031513 0.067227
4 0.826943 0.310924 0.021534 0.028011
4 0.782826 0.304388 0.021534 0.024276
4 0.600053 0.254435 0.015231 0.032680
2 0.534664 0.342670 0.011555 0.016807
4 0.240809 0.274977 0.018382 0.021475
4 0.311187 0.274977 0.024685 0.027077
