6 0.615021 0.564426 0.016807 0.038282
4 0.537027 0.558824 0.030987 0.081232
0 0.483981 0.111578 0.088761 0.193277
4 0.972426 0.563025 0.053046 0.052288
4 0.519958 0.462185 0.026261 0.024276
10 0.567489 0.769841 0.011029 0.038282
2 0.566439 0.770308 0.007878 0.028011
4 0.538078 0.266106 0.014181 0.020542
5 0.544380 0.373950 0.009979 0.019608
4 0.438550 0.444444 0.010504 0.020542
4 0.454832 0.378151 0.009454 0.016807
6 0.434349 0.217087 0.013655 0.028945
4 0.480305 0.339869 0.015231 0.016807
4 0.430672 0.385621 0.009454 0.020542
4 0.434874 0.343604 0.009454 0.022409
6 0.498162 0.339402 0.012080 0.027077
4 0.442489 0.316060 0.009979 0.017740
4 0.456933 0.343604 0.009454 0.016807
5 0.475053 0.255836 0.009979 0.024276
6 0.544905 0.254435 0.013130 0.030812
