6 0.642332 0.416433 0.019958 0.041083
4 0.542279 0.317927 0.019433 0.068161
0 0.481355 0.101307 0.094013 0.172736
4 0.591124 0.519141 0.023634 0.042951
4 0.611345 0.612979 0.033613 0.047619
4 0.580620 0.325397 0.032038 0.023343
4 0.740284 0.229225 0.018382 0.027077
5 0.561712 0.288982 0.009979 0.019608
4 0.417279 0.671802 0.021534 0.056956
4 0.457721 0.406162 0.015231 0.035481
6 0.432511 0.161998 0.012080 0.030812
4 0.518120 0.235761 0.009979 0.017740
4 0.394958 0.492997 0.019958 0.042951
4 0.413078 0.405696 0.015231 0.038282
6 0.502889 0.199346 0.012080 0.025210
4 0.424107 0.345005 0.012080 0.028945
4 0.452994 0.341737 0.012080 0.026144
5 0.480830 0.270308 0.015231 0.036415
6 0.552784 0.176004 0.014181 0.030812
