6 0.632090 0.536881 0.037290 0.070962
6 0.522584 0.389356 0.017857 0.041083
6 0.595851 0.301587 0.017332 0.039216
0 0.533088 0.182540 0.100840 0.127918
6 0.760504 0.316993 0.068277 0.049486
4 0.452994 0.275910 0.012080 0.021475
4 0.497374 0.260971 0.011555 0.019608
4 0.486082 0.265640 0.009979 0.015873
6 0.471376 0.255369 0.018382 0.032680
7 0.541229 0.468721 0.018382 0.026144
4 0.820641 0.463119 0.038340 0.029879
9 0.423582 0.713352 0.064601 0.138189
5 0.540179 0.272642 0.012080 0.026144
4 0.595326 0.272176 0.015231 0.032680
4 0.528361 0.304388 0.014706 0.022409
2 0.538866 0.451914 0.012605 0.026144
4 0.478204 0.311391 0.012080 0.021475
4 0.553834 0.262838 0.011029 0.017740
4 0.145221 0.301120 0.021534 0.021475
4 0.419380 0.286181 0.018382 0.021475
4 0.465074 0.277311 0.015231 0.020542
