6 0.610294 0.526611 0.017857 0.039216
4 0.554097 0.625584 0.048319 0.106443
0 0.484769 0.101307 0.086134 0.172736
4 0.764968 0.476190 0.047794 0.042951
4 0.435662 0.686275 0.017332 0.042951
4 0.912290 0.514006 0.024160 0.028945
4 0.856618 0.449113 0.029412 0.024276
4 0.617647 0.279178 0.013655 0.024276
5 0.546218 0.368814 0.010504 0.016807
4 0.453256 0.348739 0.009454 0.019608
4 0.464548 0.302521 0.009979 0.016807
6 0.439076 0.215686 0.013655 0.028011
4 0.476628 0.301587 0.009979 0.014939
4 0.447479 0.288049 0.009454 0.019608
4 0.496324 0.201214 0.009454 0.014006
4 0.452468 0.262372 0.009979 0.016807
6 0.507616 0.375817 0.011029 0.027077
4 0.460347 0.246032 0.008929 0.015873
4 0.466387 0.281979 0.009454 0.016807
5 0.480830 0.204015 0.008929 0.017740
6 0.544905 0.247899 0.013130 0.030812
