6 0.632090 0.527544 0.037290 0.070962
6 0.524685 0.402428 0.019958 0.048553
6 0.596113 0.299253 0.016807 0.038282
0 0.533351 0.182540 0.100315 0.127918
6 0.783088 0.317460 0.072479 0.050420
4 0.452994 0.273109 0.012080 0.021475
4 0.490809 0.259104 0.009979 0.015873
6 0.471901 0.255369 0.018382 0.032680
7 0.541754 0.472923 0.018382 0.027077
6 0.936712 0.452848 0.124475 0.059757
4 0.754989 0.450047 0.038340 0.029879
9 0.415704 0.745098 0.066702 0.141923
5 0.540704 0.275444 0.016282 0.031746
4 0.595851 0.270308 0.015231 0.032680
4 0.526786 0.307190 0.014706 0.022409
2 0.538078 0.459384 0.012080 0.026144
4 0.480830 0.302988 0.012080 0.021475
4 0.556460 0.265640 0.012080 0.019608
4 0.176733 0.298319 0.021534 0.021475
4 0.434611 0.280579 0.014181 0.017740
4 0.473477 0.273576 0.015231 0.020542
