6 0.676208 0.494865 0.037290 0.070962
6 0.568803 0.304388 0.021008 0.042951
0 0.489758 0.180672 0.094013 0.127918
4 0.422532 0.271709 0.012080 0.020542
6 0.437500 0.254435 0.015756 0.027077
6 0.461922 0.887955 0.051996 0.222222
4 0.453256 0.415500 0.012605 0.024276
5 0.548582 0.454715 0.028887 0.070962
4 0.558036 0.262372 0.015231 0.031746
4 0.519958 0.329599 0.011555 0.020542
1 0.527048 0.310458 0.008929 0.021475
4 0.510767 0.350140 0.012080 0.020542
4 0.455882 0.342204 0.011555 0.021475
4 0.464548 0.272642 0.015231 0.020542
