6 0.632616 0.523343 0.037290 0.070028
6 0.513918 0.542951 0.034139 0.077498
6 0.560137 0.302988 0.015231 0.038282
0 0.499212 0.178338 0.112920 0.126984
6 0.920168 0.332400 0.072479 0.050420
4 0.417279 0.274977 0.012080 0.021475
6 0.435137 0.257703 0.018382 0.031746
7 0.565651 0.567227 0.018908 0.043884
6 0.544380 0.422035 0.137080 0.059757
4 0.360032 0.430439 0.042542 0.033613
5 0.504464 0.316993 0.015231 0.030812
4 0.558036 0.270308 0.015231 0.032680
1 0.541754 0.258170 0.008929 0.021475
4 0.500263 0.267507 0.008929 0.015873
4 0.511292 0.403828 0.015231 0.038282
2 0.561450 0.558824 0.014706 0.021475
4 0.332721 0.579365 0.024685 0.042017
4 0.457195 0.278711 0.008929 0.015873
4 0.573267 0.291783 0.034139 0.027077
4 0.294118 0.297386 0.018908 0.021475
4 0.452731 0.268441 0.011555 0.015873
4 0.463761 0.253968 0.011555 0.014939
