6 0.652048 0.521008 0.037290 0.070962
6 0.531250 0.446312 0.025735 0.070962
6 0.602416 0.298786 0.015756 0.039216
0 0.540179 0.183473 0.094013 0.127918
6 0.871849 0.319328 0.072479 0.050420
4 0.460347 0.273109 0.012080 0.021475
6 0.479779 0.254435 0.018382 0.032680
7 0.562500 0.517274 0.017857 0.031746
6 0.746586 0.427638 0.137080 0.059757
4 0.561712 0.426704 0.038340 0.029879
5 0.544905 0.295518 0.015231 0.034547
4 0.601628 0.268441 0.015231 0.032680
4 0.535189 0.345472 0.014706 0.022409
2 0.560662 0.504669 0.015231 0.021475
4 0.269433 0.704482 0.033613 0.055089
4 0.495536 0.283380 0.008929 0.015873
4 0.581145 0.277311 0.015231 0.020542
4 0.267069 0.290850 0.021534 0.021475
4 0.472164 0.273109 0.011555 0.015873
4 0.498162 0.260971 0.012080 0.015873
