6 0.614496 0.550887 0.017857 0.039216
4 0.548845 0.617180 0.039916 0.102708
0 0.483981 0.102708 0.087710 0.175537
4 0.821166 0.506069 0.053046 0.042951
4 0.424370 0.827731 0.018908 0.049486
4 0.982143 0.556956 0.024160 0.028945
4 0.774685 0.458450 0.029412 0.024276
10 0.588761 0.950047 0.015756 0.036415
2 0.588235 0.948646 0.007353 0.028011
4 0.587710 0.283847 0.013655 0.024276
5 0.546218 0.380952 0.010504 0.016807
4 0.450630 0.381886 0.009454 0.018674
4 0.462447 0.326797 0.009979 0.016807
6 0.438288 0.223156 0.013130 0.028011
4 0.476628 0.317927 0.009979 0.014006
4 0.443277 0.316527 0.009454 0.020542
4 0.495011 0.204015 0.009979 0.014006
4 0.448792 0.286648 0.009979 0.016807
6 0.504727 0.366480 0.011555 0.027077
4 0.455882 0.267507 0.009454 0.017740
4 0.464286 0.303455 0.009454 0.016807
5 0.480042 0.220822 0.010504 0.019608
6 0.544905 0.249767 0.013130 0.030812
