4 0.597952 0.418301 0.046744 0.037348
4 0.365809 0.401494 0.050945 0.044818
4 0.188288 0.391690 0.044643 0.040149
4 0.505515 0.510738 0.025735 0.044818
6 0.648372 0.525677 0.037290 0.070962
6 0.536765 0.288982 0.014706 0.027077
6 0.599790 0.286648 0.018908 0.039216
4 0.495011 0.285247 0.012080 0.023343
0 0.533088 0.182540 0.100840 0.127918
6 0.615021 0.270308 0.049370 0.042017
4 0.474002 0.260971 0.012080 0.021475
4 0.451418 0.259104 0.012080 0.021475
4 0.426471 0.265173 0.019958 0.026144
4 0.399685 0.270308 0.019958 0.025210
6 0.472952 0.246032 0.018382 0.032680
7 0.535977 0.348739 0.015231 0.021475
9 0.483718 0.457049 0.031513 0.068161
4 0.863708 0.313725 0.021534 0.028011
4 0.814863 0.305322 0.021534 0.024276
4 0.599527 0.254435 0.015231 0.032680
2 0.534664 0.342670 0.011555 0.016807
4 0.265494 0.272176 0.018382 0.021475
4 0.332721 0.275910 0.024685 0.027077
