6 0.606092 0.507937 0.017857 0.039216
4 0.573529 0.646125 0.073529 0.123249
0 0.485557 0.099440 0.083508 0.169001
4 0.207195 0.947712 0.044643 0.056022
4 0.705620 0.457516 0.047794 0.042951
4 0.420168 0.792717 0.018908 0.052288
4 0.441702 0.579832 0.015756 0.031746
4 0.841387 0.484594 0.024160 0.028011
4 0.948004 0.446312 0.028361 0.024276
4 0.655200 0.282913 0.014181 0.024276
5 0.543330 0.360411 0.011029 0.016807
4 0.454307 0.320728 0.009454 0.017740
4 0.465074 0.283847 0.009979 0.016807
6 0.439601 0.211951 0.013655 0.028011
4 0.475840 0.289449 0.008403 0.014939
4 0.450893 0.267507 0.008929 0.015873
4 0.496324 0.204949 0.009454 0.014006
4 0.456408 0.242764 0.009454 0.016807
6 0.507616 0.375817 0.011029 0.027077
4 0.464023 0.231092 0.008929 0.015873
4 0.466912 0.266573 0.009454 0.015873
6 0.544905 0.244164 0.013130 0.030812
