6 0.616071 0.564426 0.016807 0.038282
4 0.535714 0.538282 0.027311 0.081232
0 0.483981 0.111578 0.088761 0.193277
4 0.461134 0.453782 0.026261 0.024276
10 0.562763 0.727824 0.011029 0.038282
2 0.561712 0.727358 0.007878 0.028011
4 0.529674 0.260504 0.014181 0.018674
4 0.973477 0.382820 0.020483 0.026144
5 0.544380 0.371148 0.009979 0.019608
4 0.432773 0.466853 0.011555 0.022409
4 0.452731 0.386555 0.010504 0.018674
6 0.433561 0.215219 0.014181 0.028945
4 0.484244 0.336601 0.015756 0.017740
4 0.426208 0.399160 0.009979 0.023343
4 0.431197 0.352474 0.010504 0.023343
6 0.497111 0.327264 0.012080 0.027077
4 0.439076 0.322129 0.010504 0.018674
4 0.455095 0.346872 0.009979 0.017740
5 0.473739 0.260037 0.010504 0.027077
6 0.544380 0.248833 0.013130 0.030812
