6 0.615021 0.483660 0.017857 0.039216
4 0.532300 0.398226 0.026786 0.083100
0 0.483981 0.107843 0.088761 0.185808
4 0.115546 0.380952 0.026261 0.024276
4 0.582983 0.697946 0.026261 0.053221
4 0.656513 0.848739 0.045168 0.065359
4 0.765494 0.394024 0.026786 0.024276
10 0.541229 0.506536 0.011029 0.032680
2 0.540966 0.506536 0.008403 0.028945
4 0.829044 0.284781 0.021534 0.028011
5 0.542279 0.327264 0.008929 0.021475
4 0.409401 0.571429 0.018382 0.039216
4 0.450893 0.400093 0.013130 0.027077
6 0.428571 0.188142 0.014706 0.030812
4 0.506565 0.282446 0.012080 0.017740
4 0.397847 0.440710 0.016282 0.033613
4 0.414128 0.383754 0.014181 0.028011
6 0.492384 0.246965 0.012080 0.025210
4 0.418855 0.339402 0.012080 0.021475
4 0.445116 0.340336 0.012080 0.021475
5 0.466649 0.265640 0.013130 0.032680
6 0.542279 0.205882 0.014181 0.030812
