6 0.615546 0.517740 0.016807 0.038282
4 0.532300 0.447712 0.026786 0.083100
0 0.483981 0.111578 0.088761 0.193277
4 0.240021 0.408964 0.026261 0.024276
4 0.601628 0.821195 0.027836 0.060691
4 0.867647 0.433240 0.027311 0.024276
10 0.548057 0.580299 0.011029 0.038282
2 0.548582 0.580299 0.007878 0.028945
4 0.507353 0.222222 0.012605 0.020542
4 0.881828 0.317927 0.018908 0.025210
5 0.543067 0.352474 0.009454 0.021475
4 0.414653 0.532680 0.017332 0.032680
4 0.448529 0.398226 0.012605 0.023343
6 0.430147 0.203081 0.014706 0.028945
4 0.501576 0.309524 0.016807 0.017740
4 0.409139 0.427171 0.013655 0.030812
4 0.417805 0.374883 0.014181 0.025210
6 0.492910 0.277778 0.012080 0.025210
4 0.426208 0.336601 0.012080 0.021475
4 0.448792 0.346872 0.012080 0.021475
5 0.468750 0.266573 0.013130 0.032680
6 0.542542 0.221755 0.013655 0.030812
