6 0.598739 0.451914 0.017857 0.041083
4 0.642857 0.725957 0.096639 0.140990
0 0.487132 0.086835 0.084559 0.156863
4 0.422269 0.726891 0.016807 0.047619
4 0.332458 0.715686 0.026261 0.045752
4 0.527311 0.390289 0.047269 0.042951
6 0.178571 0.838002 0.150210 0.172736
4 0.445378 0.456116 0.014706 0.028945
4 0.660714 0.403361 0.023109 0.028011
4 0.810662 0.280579 0.014181 0.025210
0 0.226103 0.869281 0.024685 0.042951
5 0.543330 0.330532 0.009979 0.016807
4 0.459034 0.243697 0.008403 0.016807
4 0.468487 0.222222 0.007353 0.013072
6 0.440126 0.190943 0.013655 0.028945
4 0.475315 0.236695 0.009454 0.015873
4 0.461397 0.200747 0.007878 0.014939
4 0.496061 0.208217 0.008929 0.014939
4 0.465599 0.186741 0.007878 0.016807
4 0.487132 0.194211 0.007878 0.014939
6 0.512868 0.400560 0.014181 0.039216
4 0.471376 0.179272 0.007878 0.014939
4 0.470063 0.207750 0.009454 0.015873
6 0.545168 0.233427 0.012605 0.029879
