4 0.238445 0.468721 0.047269 0.037348
4 0.439338 0.762372 0.037290 0.075630
6 0.645483 0.582166 0.036765 0.070028
6 0.532300 0.355275 0.017332 0.038282
6 0.598214 0.314192 0.018908 0.038282
4 0.510504 0.283380 0.008403 0.015873
0 0.533088 0.182540 0.100840 0.127918
6 0.676996 0.312325 0.066176 0.047619
4 0.495536 0.274977 0.012080 0.021475
4 0.452994 0.287115 0.012080 0.021475
4 0.470588 0.288049 0.011555 0.021475
4 0.454569 0.290850 0.012080 0.021475
6 0.472426 0.268441 0.018382 0.032680
7 0.542017 0.422969 0.016807 0.022409
9 0.457983 0.616713 0.048319 0.107376
5 0.543855 0.264706 0.013130 0.021475
4 0.596901 0.285247 0.015231 0.032680
4 0.537553 0.284314 0.012080 0.021475
2 0.542017 0.408497 0.012605 0.019608
4 0.464548 0.358077 0.012080 0.021475
4 0.550158 0.258170 0.009979 0.015873
4 0.353204 0.303922 0.018382 0.021475
4 0.408613 0.297386 0.017857 0.021475
