6 0.615021 0.513072 0.016807 0.038282
4 0.532300 0.440243 0.026786 0.083100
0 0.483981 0.111578 0.088761 0.193277
4 0.223739 0.405229 0.026261 0.024276
4 0.599002 0.802988 0.026786 0.059757
4 0.853992 0.427638 0.027311 0.024276
10 0.546744 0.570495 0.010504 0.028011
2 0.547006 0.570028 0.007878 0.028945
4 0.507616 0.218021 0.013130 0.021475
4 0.874212 0.312792 0.021534 0.028011
5 0.542805 0.348739 0.008929 0.021475
4 0.412553 0.535481 0.017332 0.032680
4 0.449055 0.398226 0.012605 0.023343
6 0.430147 0.201214 0.014706 0.028945
4 0.503151 0.305789 0.016807 0.017740
4 0.407826 0.429038 0.014181 0.030812
4 0.416229 0.375817 0.014181 0.025210
6 0.492384 0.274043 0.012080 0.025210
4 0.425158 0.336601 0.012080 0.021475
4 0.448267 0.345938 0.012080 0.021475
5 0.468487 0.266573 0.013655 0.032680
6 0.542279 0.219888 0.014181 0.030812
