6 0.642595 0.520075 0.037290 0.070962
6 0.529412 0.433240 0.024160 0.063492
6 0.599002 0.299253 0.015231 0.040149
0 0.537553 0.183473 0.094013 0.127918
6 0.837185 0.317460 0.072479 0.050420
4 0.455620 0.271242 0.012080 0.021475
6 0.477679 0.254435 0.018382 0.032680
7 0.553834 0.499066 0.018382 0.027077
6 0.800158 0.431373 0.137080 0.059757
4 0.614758 0.429505 0.038340 0.029879
9 0.404149 0.869281 0.067752 0.179272
5 0.542542 0.286648 0.015756 0.031746
4 0.596901 0.264706 0.015231 0.032680
4 0.529937 0.330532 0.014706 0.022409
2 0.550158 0.479458 0.015231 0.023343
4 0.217174 0.768441 0.043592 0.065359
4 0.490284 0.287582 0.008929 0.016807
4 0.572216 0.272642 0.015231 0.020542
4 0.236607 0.292717 0.021534 0.021475
4 0.461660 0.274977 0.011555 0.015873
4 0.491597 0.261438 0.012605 0.014939
