6 0.642595 0.504202 0.037290 0.070962
6 0.609506 0.735294 0.065651 0.116713
6 0.568803 0.294585 0.014706 0.038282
0 0.501050 0.177871 0.102941 0.126050
4 0.425683 0.273109 0.012080 0.021475
6 0.441964 0.259104 0.017332 0.032680
7 0.636555 0.704015 0.030462 0.052288
6 0.279149 0.403361 0.137080 0.059757
4 0.067752 0.415966 0.042017 0.032680
4 0.386817 0.635387 0.026786 0.053221
5 0.516544 0.364613 0.018382 0.042017
4 0.562763 0.263772 0.015231 0.032680
4 0.506303 0.278711 0.010504 0.015873
1 0.535452 0.277778 0.008929 0.021475
4 0.503676 0.297386 0.008403 0.015873
4 0.516019 0.552754 0.017332 0.042951
2 0.630515 0.695145 0.020483 0.034547
4 0.410714 0.439776 0.016807 0.029879
4 0.478204 0.259104 0.008929 0.015873
4 0.751838 0.320728 0.034139 0.027077
4 0.399947 0.282446 0.015231 0.021475
