6 0.617122 0.548553 0.016807 0.038282
4 0.535714 0.483193 0.027311 0.081232
0 0.483981 0.111578 0.088761 0.193277
4 0.340336 0.434174 0.026261 0.024276
4 0.621061 0.934641 0.030987 0.067227
4 0.949580 0.468254 0.027311 0.025210
10 0.554359 0.647526 0.011029 0.038282
2 0.553309 0.647059 0.007878 0.028011
4 0.516544 0.242297 0.014181 0.019608
4 0.925420 0.350140 0.018908 0.026144
5 0.543592 0.366013 0.009454 0.020542
4 0.422269 0.508870 0.013655 0.028011
4 0.447479 0.398226 0.012605 0.023343
6 0.431723 0.211485 0.014706 0.028945
4 0.493172 0.325397 0.016807 0.017740
4 0.418592 0.416433 0.011555 0.029879
4 0.424632 0.366947 0.013130 0.024276
6 0.494485 0.300654 0.012080 0.026144
4 0.431985 0.332400 0.012080 0.020542
4 0.451155 0.348273 0.011555 0.020542
5 0.470851 0.265173 0.013130 0.031746
6 0.543067 0.233894 0.013655 0.030812
