4 0.146534 0.463119 0.047269 0.037348
4 0.413603 0.831466 0.037290 0.075630
6 0.644170 0.588235 0.037290 0.070962
6 0.529674 0.372082 0.017332 0.038282
6 0.596639 0.319328 0.018908 0.039216
4 0.512605 0.277778 0.008403 0.015873
0 0.533088 0.182540 0.100840 0.127918
6 0.695378 0.324463 0.066176 0.049486
4 0.499737 0.271242 0.012080 0.021475
4 0.451943 0.288982 0.012080 0.021475
4 0.479517 0.283847 0.011555 0.020542
4 0.466124 0.288049 0.012080 0.021475
6 0.472426 0.273109 0.018382 0.032680
7 0.544380 0.444444 0.017332 0.022409
9 0.448792 0.655929 0.048845 0.107376
5 0.542805 0.271709 0.012080 0.022409
4 0.597426 0.287115 0.015231 0.032680
4 0.534401 0.289916 0.012080 0.021475
2 0.544643 0.429972 0.012605 0.021475
4 0.468750 0.344071 0.012080 0.021475
4 0.550683 0.260971 0.009979 0.015873
4 0.034926 0.327264 0.021534 0.021475
4 0.370011 0.302054 0.018382 0.021475
4 0.424370 0.298319 0.017857 0.021475
