6 0.596113 0.466853 0.017857 0.041083
4 0.613445 0.707283 0.078782 0.126050
0 0.485819 0.094771 0.082983 0.161531
4 0.404674 0.888889 0.019433 0.059757
4 0.306985 0.769841 0.034139 0.053221
4 0.569065 0.410831 0.047794 0.042951
6 0.118435 0.903361 0.170693 0.176471
4 0.439863 0.519608 0.016282 0.028945
4 0.697216 0.432306 0.023634 0.028011
4 0.769170 0.286181 0.014181 0.025210
0 0.239233 0.914566 0.018382 0.034547
5 0.540704 0.340336 0.008929 0.015873
4 0.456933 0.262372 0.008403 0.016807
4 0.465861 0.239029 0.006303 0.013072
6 0.438550 0.198880 0.013655 0.028011
4 0.474002 0.252568 0.009979 0.015873
4 0.458771 0.217554 0.008929 0.014939
4 0.493697 0.212885 0.009454 0.014939
4 0.463498 0.200747 0.008929 0.016807
4 0.486082 0.194678 0.007878 0.012138
6 0.510767 0.394958 0.014181 0.039216
4 0.468487 0.194678 0.008403 0.015873
4 0.469013 0.223156 0.009454 0.014939
6 0.545168 0.236228 0.012605 0.029879
