6 0.657826 0.524743 0.037290 0.070962
6 0.532300 0.453782 0.026786 0.074697
6 0.604517 0.298319 0.015756 0.038282
0 0.541754 0.182540 0.094013 0.127918
6 0.892857 0.324930 0.072479 0.050420
4 0.462973 0.274043 0.012080 0.021475
6 0.481355 0.255369 0.018382 0.032680
7 0.570378 0.528945 0.017857 0.032680
6 0.716124 0.425770 0.137080 0.059757
4 0.535452 0.426704 0.038340 0.029879
5 0.547532 0.296452 0.015231 0.032680
4 0.603204 0.269374 0.015231 0.032680
4 0.537553 0.353875 0.014181 0.022409
2 0.567489 0.514939 0.015231 0.021475
4 0.294643 0.676471 0.033613 0.055089
4 0.498162 0.283380 0.008929 0.015873
4 0.589023 0.281979 0.015231 0.020542
4 0.279674 0.292250 0.021534 0.022409
4 0.480042 0.273109 0.011555 0.015873
4 0.501838 0.260037 0.012080 0.015873
