6 0.614496 0.492530 0.016807 0.038282
4 0.532300 0.408497 0.026786 0.083100
0 0.483981 0.109244 0.088761 0.188609
4 0.148634 0.388422 0.026261 0.024276
4 0.588235 0.729692 0.026261 0.053221
4 0.670693 0.887955 0.045168 0.065359
4 0.792805 0.404295 0.026786 0.024276
10 0.542805 0.527077 0.011029 0.032680
2 0.542017 0.526144 0.008403 0.028945
4 0.842700 0.293184 0.021534 0.028011
5 0.542279 0.333800 0.008929 0.021475
4 0.410189 0.559757 0.017857 0.036415
4 0.450368 0.399627 0.013130 0.026144
6 0.429097 0.192344 0.014706 0.029879
4 0.505777 0.289916 0.013655 0.017740
4 0.400735 0.437442 0.015756 0.032680
4 0.414391 0.381419 0.014706 0.027077
6 0.492384 0.255369 0.012080 0.025210
4 0.420956 0.338469 0.012080 0.021475
4 0.446166 0.342204 0.012080 0.021475
5 0.467174 0.265640 0.013130 0.032680
6 0.542279 0.210551 0.014181 0.030812
