6 0.657826 0.394958 0.020483 0.039216
4 0.545956 0.270308 0.021534 0.043884
0 0.476628 0.101307 0.099265 0.172736
4 0.596376 0.451447 0.018382 0.038282
4 0.602153 0.525677 0.030987 0.042951
4 0.500788 0.296919 0.032038 0.024276
4 0.706145 0.202148 0.018382 0.027077
5 0.567227 0.263305 0.010504 0.020542
4 0.433824 0.749767 0.027311 0.070962
4 0.467174 0.415966 0.015231 0.032680
4 0.519170 0.210551 0.009979 0.017740
4 0.391019 0.518207 0.023634 0.046685
4 0.413078 0.424837 0.019433 0.039216
4 0.427258 0.348739 0.012080 0.032680
4 0.458246 0.343604 0.012080 0.028011
5 0.486607 0.267507 0.016282 0.036415
9 0.663340 0.871148 0.068277 0.166200
6 0.553309 0.161064 0.014181 0.030812
