6 0.641544 0.502334 0.037290 0.070962
6 0.628414 0.784781 0.071954 0.127918
6 0.568540 0.295518 0.014181 0.038282
0 0.500525 0.178338 0.102941 0.126984
4 0.425683 0.274043 0.012080 0.021475
6 0.442227 0.259104 0.017857 0.032680
7 0.648372 0.724090 0.033088 0.053221
6 0.243435 0.408030 0.137080 0.059757
4 0.027311 0.419701 0.042017 0.032680
4 0.398897 0.592904 0.023634 0.046685
5 0.516544 0.380486 0.018382 0.058824
4 0.562763 0.264706 0.015231 0.032680
4 0.506040 0.285714 0.012080 0.016807
1 0.532826 0.280579 0.008929 0.021475
4 0.503676 0.302988 0.008403 0.015873
4 0.517332 0.591036 0.018908 0.046685
2 0.642595 0.716153 0.021534 0.037348
4 0.415966 0.425770 0.015756 0.028011
4 0.479779 0.257703 0.008929 0.016807
4 0.777574 0.322596 0.034139 0.027077
4 0.408876 0.281513 0.015231 0.021475
