6 0.661502 0.494865 0.037290 0.070962
6 0.576681 0.297386 0.017857 0.042017
0 0.502363 0.175070 0.094013 0.127918
4 0.432511 0.269374 0.012080 0.021475
6 0.447742 0.253501 0.015231 0.027077
6 0.068540 0.406629 0.136029 0.060691
4 0.438813 0.450514 0.014181 0.025210
5 0.538603 0.433240 0.025735 0.067227
4 0.568015 0.262372 0.015231 0.031746
4 0.520746 0.312325 0.012080 0.021475
1 0.535452 0.298319 0.008929 0.021475
4 0.511817 0.330532 0.012080 0.020542
4 0.452206 0.356209 0.011555 0.021475
4 0.937237 0.332866 0.034139 0.027077
4 0.455095 0.271709 0.015231 0.020542
