4 0.289916 0.460317 0.047269 0.037348
4 0.058298 0.453315 0.050420 0.043884
4 0.450368 0.710551 0.038340 0.063492
6 0.645746 0.571429 0.037290 0.070962
6 0.532826 0.343137 0.017332 0.038282
6 0.599527 0.306723 0.019433 0.038282
4 0.508403 0.281513 0.008403 0.015873
0 0.533088 0.182540 0.100840 0.127918
6 0.666229 0.303922 0.062500 0.045752
4 0.492910 0.270308 0.012080 0.021475
4 0.452468 0.279645 0.012080 0.021475
4 0.465599 0.282446 0.012080 0.021475
4 0.448792 0.284781 0.012080 0.020542
6 0.472426 0.262838 0.018382 0.032680
7 0.540704 0.411765 0.016282 0.022409
9 0.466387 0.586368 0.048319 0.108310
4 0.982931 0.358077 0.021534 0.027077
4 0.936187 0.347339 0.020483 0.024276
4 0.597426 0.279645 0.015231 0.032680
4 0.537553 0.272176 0.012080 0.021475
2 0.540704 0.396825 0.012080 0.018674
4 0.462973 0.355275 0.012080 0.021475
4 0.342700 0.299253 0.018382 0.021475
4 0.397059 0.293651 0.017857 0.021475
