6 0.645221 0.509804 0.037290 0.070962
6 0.584821 0.689542 0.056197 0.103641
6 0.569853 0.301120 0.014706 0.038282
0 0.502363 0.177871 0.102416 0.126050
4 0.426733 0.276844 0.012080 0.021475
6 0.445641 0.259570 0.018382 0.031746
7 0.615021 0.668534 0.025210 0.050420
6 0.341649 0.413632 0.137080 0.059757
4 0.138655 0.421569 0.042017 0.032680
4 0.352153 0.777311 0.033088 0.073763
5 0.517069 0.352474 0.019433 0.038282
4 0.565389 0.274043 0.015231 0.032680
4 0.506828 0.273109 0.009454 0.015873
1 0.540704 0.275910 0.008929 0.021475
4 0.504727 0.293651 0.008403 0.015873
4 0.517857 0.508403 0.015756 0.038282
2 0.608193 0.656396 0.018908 0.029879
4 0.400735 0.465453 0.018908 0.032680
4 0.475578 0.264706 0.008929 0.015873
4 0.704569 0.316993 0.034139 0.027077
4 0.383666 0.288049 0.015231 0.021475
4 0.478729 0.251634 0.011029 0.017740
