6 0.614496 0.551821 0.017857 0.039216
4 0.548057 0.617180 0.039391 0.102708
0 0.483981 0.102708 0.087710 0.175537
4 0.825368 0.509804 0.053046 0.042951
4 0.423057 0.840336 0.019433 0.052288
4 0.988183 0.560691 0.023634 0.028945
4 0.768382 0.460317 0.029412 0.024276
10 0.588761 0.947246 0.015756 0.036415
2 0.588235 0.944911 0.007353 0.028011
4 0.585609 0.282913 0.013655 0.024276
5 0.546218 0.381886 0.010504 0.016807
4 0.450105 0.384220 0.009454 0.017740
4 0.461922 0.328665 0.009979 0.016807
6 0.438288 0.223156 0.013130 0.028011
4 0.476628 0.319328 0.009979 0.013072
4 0.443277 0.319328 0.009454 0.020542
4 0.495011 0.204015 0.009979 0.014006
4 0.448792 0.288515 0.009979 0.016807
6 0.504464 0.365546 0.012080 0.027077
4 0.455882 0.269374 0.009454 0.017740
4 0.463761 0.305322 0.009454 0.016807
5 0.480042 0.222222 0.010504 0.020542
6 0.544905 0.249767 0.013130 0.030812
