6 0.634716 0.522876 0.037290 0.070962
6 0.526523 0.414566 0.021534 0.054155
6 0.596376 0.298319 0.016282 0.038282
0 0.534926 0.182540 0.097164 0.127918
6 0.799895 0.317460 0.072479 0.050420
4 0.455095 0.275910 0.012080 0.021475
6 0.474527 0.257236 0.018382 0.032680
7 0.545168 0.479925 0.017857 0.028011
6 0.888918 0.445378 0.137080 0.059757
4 0.698267 0.439776 0.038340 0.029879
9 0.409139 0.785247 0.067227 0.164332
5 0.540704 0.277311 0.016282 0.029879
4 0.596376 0.267507 0.015231 0.032680
4 0.527836 0.316527 0.014706 0.022409
2 0.541229 0.463119 0.013130 0.026144
4 0.124212 0.904762 0.059349 0.087768
4 0.484506 0.294585 0.012080 0.021475
4 0.560924 0.266573 0.014706 0.019608
4 0.199842 0.297386 0.021534 0.021475
4 0.443803 0.278711 0.011555 0.015873
4 0.479779 0.269374 0.015231 0.019608
