6 0.630515 0.524276 0.037290 0.070028
6 0.507878 0.517740 0.033613 0.077498
6 0.561712 0.300187 0.015231 0.038282
0 0.496849 0.178805 0.113445 0.122316
6 0.900210 0.327731 0.072479 0.050420
4 0.419905 0.274043 0.012080 0.021475
6 0.437237 0.256769 0.018382 0.031746
7 0.557511 0.556489 0.018382 0.042951
6 0.592700 0.424837 0.137080 0.059757
4 0.396796 0.424837 0.042542 0.033613
5 0.504989 0.309524 0.015231 0.030812
4 0.558036 0.269374 0.015231 0.032680
4 0.500525 0.260971 0.009454 0.015873
4 0.509716 0.389823 0.015231 0.038282
2 0.550683 0.546685 0.015231 0.021475
4 0.315389 0.603641 0.024685 0.042017
4 0.456145 0.278711 0.008929 0.015873
4 0.576943 0.291783 0.034139 0.027077
4 0.278887 0.298786 0.021008 0.022409
4 0.451681 0.268441 0.011555 0.015873
4 0.467437 0.255836 0.011555 0.014939
