6 0.615021 0.564426 0.016807 0.038282
4 0.536502 0.554155 0.029937 0.081232
0 0.483981 0.111578 0.088761 0.193277
4 0.978204 0.563959 0.041492 0.052288
4 0.505252 0.459384 0.026261 0.024276
10 0.566439 0.760504 0.011029 0.038282
2 0.565389 0.760037 0.007878 0.028011
4 0.535977 0.264706 0.014181 0.019608
5 0.544380 0.373016 0.009979 0.019608
4 0.437237 0.450047 0.011029 0.020542
4 0.454832 0.381886 0.009454 0.016807
6 0.434086 0.216620 0.014181 0.028011
4 0.480830 0.341737 0.015231 0.016807
4 0.430147 0.390289 0.009454 0.020542
4 0.434349 0.347339 0.009454 0.022409
6 0.498162 0.338469 0.012080 0.027077
4 0.441964 0.318861 0.009979 0.017740
4 0.456933 0.346405 0.009454 0.016807
5 0.475053 0.258170 0.009979 0.025210
6 0.544905 0.254435 0.013130 0.030812
