6 0.615546 0.565359 0.016807 0.038282
4 0.535977 0.549486 0.028887 0.081232
0 0.483981 0.111578 0.088761 0.193277
4 0.983718 0.566760 0.030462 0.052288
4 0.490546 0.457516 0.026261 0.024276
10 0.564863 0.749300 0.011029 0.038282
2 0.563813 0.748833 0.007878 0.028011
4 0.533876 0.263772 0.014181 0.019608
5 0.544380 0.372082 0.009979 0.019608
4 0.435662 0.455649 0.011029 0.020542
4 0.454044 0.383287 0.009979 0.017740
6 0.433824 0.216153 0.013655 0.028945
4 0.481880 0.339869 0.015231 0.016807
4 0.428571 0.392624 0.009454 0.021475
4 0.433036 0.348739 0.009979 0.023343
6 0.497637 0.334734 0.012080 0.027077
4 0.440914 0.319795 0.009979 0.017740
4 0.456145 0.346405 0.009979 0.016807
5 0.474527 0.258637 0.009979 0.026144
6 0.544380 0.252568 0.013130 0.030812
