6 0.641019 0.500467 0.037290 0.070962
6 0.640494 0.813725 0.077206 0.137255
6 0.568277 0.296452 0.014706 0.038282
0 0.500788 0.178338 0.101366 0.126984
4 0.425683 0.273109 0.012080 0.021475
6 0.442227 0.258170 0.017857 0.032680
7 0.659401 0.745098 0.034139 0.056022
6 0.221901 0.406162 0.137080 0.059757
4 0.404674 0.569561 0.021534 0.042951
5 0.517069 0.386555 0.019433 0.059757
4 0.562763 0.265640 0.015231 0.032680
4 0.506565 0.288515 0.012080 0.018674
1 0.532300 0.285247 0.008929 0.021475
4 0.503676 0.305789 0.008403 0.015873
4 0.518908 0.614379 0.019958 0.050420
2 0.654149 0.736695 0.021534 0.037348
4 0.418855 0.417834 0.015231 0.027077
4 0.480305 0.257236 0.008929 0.017740
4 0.791754 0.323529 0.034139 0.027077
4 0.416229 0.281513 0.015231 0.021475
