6 0.642595 0.504202 0.037290 0.070962
6 0.614496 0.748833 0.067227 0.119514
6 0.568803 0.294585 0.014706 0.038282
0 0.500788 0.177871 0.102416 0.126050
4 0.425683 0.274043 0.012080 0.021475
6 0.441964 0.259104 0.017332 0.032680
7 0.639968 0.709617 0.030987 0.052288
6 0.269170 0.403361 0.137080 0.059757
4 0.056723 0.419701 0.042017 0.032680
4 0.389968 0.623249 0.025735 0.051354
5 0.516544 0.368814 0.018382 0.046685
4 0.562763 0.263772 0.015231 0.032680
4 0.506040 0.281046 0.011029 0.016807
1 0.534926 0.278711 0.008929 0.021475
4 0.503676 0.298319 0.008403 0.015873
4 0.516019 0.561625 0.017332 0.042017
2 0.633929 0.701214 0.021008 0.035481
4 0.412027 0.436041 0.016282 0.029879
4 0.478729 0.258637 0.008929 0.016807
4 0.759191 0.321662 0.034139 0.027077
4 0.402048 0.282446 0.015231 0.021475
