4 0.483456 0.416433 0.046744 0.037348
4 0.248162 0.406162 0.050945 0.044818
4 0.069590 0.400093 0.044643 0.040149
4 0.488971 0.557423 0.033613 0.044818
6 0.646271 0.529412 0.037290 0.070962
6 0.536765 0.300654 0.014706 0.029879
6 0.599002 0.285714 0.018382 0.039216
4 0.500000 0.276844 0.012605 0.023343
0 0.533088 0.182540 0.100840 0.127918
6 0.629464 0.275444 0.049895 0.044818
4 0.482405 0.259104 0.012080 0.021475
4 0.451418 0.262838 0.012080 0.021475
4 0.442752 0.266573 0.014706 0.021475
4 0.422006 0.271242 0.015231 0.021475
6 0.472952 0.248833 0.018382 0.032680
7 0.536239 0.372549 0.015756 0.022409
9 0.479517 0.486461 0.035714 0.082166
4 0.904674 0.323063 0.021534 0.028011
4 0.856618 0.313725 0.021008 0.024276
4 0.598477 0.258170 0.015231 0.032680
2 0.535714 0.357610 0.011555 0.016807
4 0.453519 0.349673 0.012080 0.021475
4 0.289653 0.276844 0.018382 0.021475
4 0.356092 0.274977 0.022059 0.025210
