6 0.616071 0.557890 0.016807 0.038282
4 0.536239 0.520542 0.027311 0.081232
0 0.483981 0.111578 0.088761 0.193277
4 0.415704 0.448179 0.026786 0.024276
10 0.559086 0.696078 0.011029 0.038282
2 0.558036 0.695612 0.007878 0.028011
4 0.524422 0.254902 0.014181 0.018674
4 0.954832 0.371148 0.021008 0.027077
5 0.543855 0.368814 0.009979 0.020542
4 0.428834 0.483660 0.012080 0.024276
4 0.450630 0.391223 0.011555 0.020542
6 0.432511 0.213352 0.014181 0.028945
4 0.487658 0.331933 0.016282 0.017740
4 0.422794 0.408497 0.010504 0.027077
4 0.428571 0.358077 0.011555 0.023343
6 0.496061 0.316527 0.012080 0.026144
4 0.436187 0.326331 0.011029 0.019608
4 0.453782 0.347339 0.010504 0.018674
5 0.472689 0.261905 0.011555 0.028945
6 0.543855 0.243231 0.013130 0.030812
