6 0.643645 0.506069 0.037290 0.070962
6 0.599790 0.717087 0.061975 0.112045
6 0.567752 0.296452 0.014706 0.038282
0 0.501576 0.177871 0.102941 0.126050
4 0.425683 0.273109 0.012080 0.021475
6 0.441964 0.258637 0.017332 0.031746
7 0.628151 0.690476 0.028361 0.051354
6 0.302784 0.408030 0.137080 0.059757
4 0.095588 0.414099 0.042017 0.032680
4 0.376313 0.679739 0.026786 0.057890
5 0.516807 0.363212 0.018908 0.052288
4 0.562763 0.269374 0.015231 0.032680
4 0.506565 0.275910 0.009979 0.015873
1 0.537553 0.274977 0.008929 0.021475
4 0.504202 0.296452 0.008403 0.015873
4 0.516544 0.531746 0.016282 0.040149
2 0.621849 0.680205 0.019958 0.032680
4 0.406775 0.449580 0.017332 0.030812
4 0.477153 0.260037 0.008929 0.015873
4 0.733981 0.319795 0.034139 0.027077
4 0.394170 0.284314 0.015231 0.021475
