6 0.666754 0.493931 0.037290 0.070962
6 0.574842 0.299253 0.022584 0.042017
0 0.493435 0.176937 0.094013 0.127918
4 0.428309 0.269374 0.012080 0.021475
6 0.445116 0.253501 0.015231 0.027077
6 0.416754 0.943044 0.051996 0.110177
4 0.442489 0.442110 0.014181 0.025210
5 0.541229 0.438375 0.026786 0.068161
4 0.565389 0.261438 0.015231 0.031746
4 0.519958 0.315593 0.011555 0.020542
1 0.533351 0.300187 0.008929 0.021475
4 0.511292 0.335201 0.012080 0.020542
4 0.453782 0.353408 0.011555 0.021475
4 0.949842 0.333333 0.034139 0.028011
4 0.458246 0.270775 0.015231 0.020542
