6 0.664653 0.493931 0.037290 0.070962
6 0.575630 0.297852 0.017857 0.042951
0 0.495011 0.176937 0.094013 0.127918
4 0.431460 0.269374 0.012080 0.021475
6 0.447742 0.253501 0.015231 0.027077
6 0.406250 0.957049 0.051996 0.082166
6 0.071954 0.406629 0.136555 0.060691
4 0.440651 0.446312 0.014706 0.026144
5 0.539916 0.435574 0.026261 0.068161
4 0.568015 0.261438 0.015231 0.031746
4 0.521008 0.313725 0.011555 0.020542
1 0.534926 0.299253 0.008929 0.021475
4 0.512868 0.333333 0.012080 0.020542
4 0.454307 0.356209 0.011555 0.021475
4 0.943540 0.332866 0.034139 0.027077
4 0.456670 0.271709 0.015231 0.020542
