4 0.544905 0.417367 0.046744 0.037348
4 0.312237 0.401494 0.050945 0.044818
4 0.132616 0.390756 0.044643 0.040149
4 0.499475 0.528478 0.029412 0.044818
6 0.647321 0.525677 0.037290 0.070962
6 0.536765 0.291783 0.014706 0.027077
6 0.597426 0.284314 0.018382 0.040149
4 0.497637 0.281513 0.012080 0.023343
0 0.533088 0.182540 0.100840 0.127918
6 0.621061 0.272642 0.049895 0.044818
4 0.478204 0.259104 0.012080 0.021475
4 0.451418 0.260971 0.012080 0.021475
4 0.435662 0.264239 0.017332 0.020542
4 0.411239 0.269374 0.016807 0.023343
6 0.472952 0.246965 0.018382 0.032680
7 0.535977 0.354342 0.015231 0.021475
9 0.481880 0.469655 0.034139 0.074697
4 0.882090 0.317460 0.021534 0.028011
4 0.833246 0.308123 0.021534 0.024276
4 0.599002 0.256303 0.015231 0.032680
2 0.534664 0.346405 0.011555 0.016807
4 0.275998 0.274043 0.018382 0.021475
4 0.342174 0.274043 0.024685 0.027077
