6 0.648109 0.523343 0.036765 0.070028
6 0.540179 0.591503 0.043592 0.081232
6 0.569590 0.303922 0.015231 0.038282
0 0.500525 0.177871 0.109244 0.126050
4 0.422006 0.279645 0.012080 0.021475
6 0.440914 0.260504 0.018382 0.031746
7 0.589548 0.601774 0.021534 0.045752
6 0.483981 0.425770 0.137080 0.059757
4 0.292805 0.432306 0.042542 0.033613
5 0.513918 0.329132 0.018382 0.036415
4 0.564338 0.272176 0.015231 0.032680
4 0.505515 0.260971 0.008929 0.015873
1 0.546481 0.266573 0.008929 0.021475
4 0.505777 0.277778 0.008403 0.015873
4 0.514968 0.432773 0.015231 0.038282
2 0.585084 0.590103 0.016807 0.026144
4 0.369485 0.535014 0.022584 0.037348
4 0.467174 0.278711 0.008929 0.015873
4 0.612132 0.301120 0.034139 0.027077
4 0.327468 0.296452 0.015231 0.021475
4 0.466387 0.264706 0.011555 0.015873
4 0.473214 0.254902 0.011555 0.014939
