6 0.648897 0.523343 0.037290 0.070028
6 0.543855 0.603641 0.043592 0.081232
6 0.571166 0.304855 0.015231 0.038282
0 0.500788 0.177871 0.108718 0.126050
4 0.422532 0.279645 0.012080 0.021475
6 0.441439 0.260504 0.018382 0.031746
7 0.594275 0.609711 0.021534 0.046685
6 0.468750 0.425770 0.137080 0.059757
4 0.275998 0.432306 0.042542 0.033613
5 0.516544 0.332866 0.019433 0.038282
4 0.564338 0.272176 0.015231 0.032680
4 0.507090 0.262838 0.008929 0.015873
1 0.547006 0.267507 0.008929 0.021475
4 0.506303 0.280579 0.008403 0.015873
4 0.515494 0.439309 0.015231 0.038282
2 0.590074 0.597572 0.017332 0.028011
4 0.375263 0.526611 0.021534 0.037348
4 0.468225 0.276844 0.008929 0.015873
4 0.621061 0.302988 0.034139 0.027077
4 0.334821 0.296452 0.015231 0.021475
4 0.468225 0.264706 0.011029 0.015873
4 0.474265 0.254902 0.011555 0.014939
