6 0.616071 0.528011 0.016807 0.038282
4 0.533876 0.460784 0.026786 0.083100
0 0.483981 0.111578 0.088761 0.193277
4 0.273109 0.416433 0.026261 0.024276
4 0.607405 0.859010 0.029937 0.063492
4 0.894958 0.444911 0.027311 0.025210
10 0.550158 0.602708 0.011029 0.038282
2 0.550158 0.602241 0.007878 0.028011
4 0.509979 0.229225 0.013655 0.021475
4 0.897059 0.328198 0.014706 0.021475
5 0.543067 0.359010 0.009454 0.021475
4 0.418330 0.526144 0.017332 0.032680
4 0.448004 0.397292 0.012605 0.021475
6 0.430672 0.206816 0.014706 0.028945
4 0.498424 0.316060 0.016807 0.017740
4 0.412553 0.423436 0.013130 0.030812
4 0.420431 0.373016 0.014181 0.025210
6 0.493435 0.285714 0.012080 0.026144
4 0.428309 0.336601 0.012080 0.021475
4 0.449317 0.347806 0.012080 0.021475
5 0.469538 0.266573 0.013655 0.032680
6 0.542805 0.225490 0.014181 0.030812
