6 0.664391 0.367414 0.019958 0.040149
4 0.551733 0.226424 0.017332 0.045752
0 0.481880 0.110644 0.108718 0.172736
4 0.565651 0.343604 0.014706 0.028011
4 0.561187 0.385621 0.020483 0.029879
4 0.213498 0.264239 0.032038 0.024276
4 0.594013 0.172736 0.018908 0.028011
5 0.572216 0.266573 0.011029 0.021475
4 0.471376 0.515873 0.017332 0.043884
4 0.287553 0.703548 0.048845 0.071895
4 0.372899 0.537815 0.032563 0.054155
4 0.412815 0.431373 0.018908 0.042951
4 0.469013 0.379085 0.013655 0.035481
5 0.493960 0.331466 0.019433 0.046685
9 0.615284 0.588235 0.048845 0.104575
6 0.557511 0.147993 0.014181 0.030812
