6 0.597689 0.486461 0.017857 0.041083
4 0.596901 0.687208 0.074055 0.123249
0 0.486082 0.095705 0.083508 0.159664
4 0.280725 0.823529 0.034139 0.052288
4 0.612658 0.427638 0.047794 0.042951
6 0.079044 0.937442 0.158088 0.123249
4 0.432773 0.591503 0.015756 0.038282
4 0.737658 0.447246 0.023634 0.028011
4 0.730305 0.286181 0.014181 0.025210
0 0.252101 0.965920 0.018908 0.034547
5 0.540966 0.346872 0.009454 0.015873
4 0.455882 0.281046 0.008403 0.016807
4 0.465336 0.255369 0.007353 0.014006
6 0.438550 0.206349 0.013655 0.028011
4 0.474265 0.266106 0.009454 0.014939
4 0.456145 0.234360 0.008929 0.014939
4 0.494223 0.213819 0.009454 0.014939
4 0.461134 0.216620 0.009454 0.016807
4 0.486607 0.194211 0.006828 0.011204
6 0.509191 0.390289 0.014181 0.039216
4 0.467700 0.207750 0.008929 0.015873
4 0.468487 0.239029 0.009454 0.014939
6 0.545168 0.239029 0.012605 0.029879
