4 0.405725 0.433240 0.046744 0.037348
4 0.170956 0.417367 0.050945 0.044818
4 0.474790 0.610644 0.033613 0.044818
6 0.646271 0.544351 0.037290 0.070962
6 0.536765 0.315126 0.014706 0.036415
6 0.599002 0.291783 0.016282 0.038282
4 0.503676 0.277778 0.009454 0.017740
0 0.533088 0.182540 0.100840 0.127918
6 0.641019 0.286648 0.049895 0.044818
4 0.486607 0.262838 0.012080 0.021475
4 0.451418 0.265640 0.012080 0.021475
4 0.452994 0.272176 0.012080 0.021475
4 0.434086 0.274977 0.015231 0.021475
6 0.472952 0.251634 0.018382 0.032680
7 0.537815 0.387488 0.015756 0.022409
9 0.474002 0.517740 0.039391 0.094304
4 0.935399 0.333333 0.022059 0.028011
4 0.888130 0.323063 0.021008 0.024276
4 0.597952 0.264706 0.015231 0.032680
2 0.537553 0.373016 0.012080 0.017740
4 0.458771 0.350607 0.012080 0.021475
4 0.313288 0.284314 0.018382 0.021475
4 0.375525 0.282446 0.017857 0.021475
