4 0.765231 0.432306 0.052521 0.037348
4 0.534401 0.414566 0.050945 0.041083
4 0.367910 0.397759 0.044643 0.041083
4 0.524422 0.454248 0.023634 0.042017
6 0.653099 0.523810 0.035189 0.070962
6 0.537290 0.279645 0.012605 0.023343
6 0.600578 0.286181 0.015231 0.038282
4 0.485557 0.302988 0.011029 0.021475
0 0.541754 0.197946 0.080357 0.132586
6 0.599002 0.265640 0.030987 0.038282
4 0.461134 0.264239 0.012605 0.013072
4 0.452468 0.258637 0.011029 0.016807
4 0.405725 0.276844 0.018382 0.023343
4 0.370536 0.273109 0.021534 0.023343
6 0.473739 0.241363 0.017857 0.028945
6 0.536502 0.340336 0.009979 0.021475
9 0.500000 0.419234 0.031513 0.067227
4 0.808561 0.309991 0.021534 0.028011
4 0.767069 0.304388 0.021534 0.024276
4 0.600053 0.254435 0.015231 0.032680
2 0.534664 0.342670 0.011555 0.016807
4 0.521534 0.255836 0.009454 0.016807
4 0.225578 0.276844 0.018382 0.021475
4 0.298057 0.275910 0.024685 0.027077
