6 0.649422 0.520075 0.037290 0.070962
6 0.530725 0.443511 0.025735 0.069094
6 0.601891 0.298786 0.015756 0.039216
0 0.539653 0.183473 0.094013 0.127918
6 0.863971 0.317460 0.072479 0.050420
4 0.459296 0.273109 0.012080 0.021475
6 0.479254 0.254435 0.018382 0.032680
7 0.560924 0.511671 0.017857 0.028011
6 0.758666 0.428571 0.137080 0.059757
4 0.572216 0.426704 0.038340 0.029879
5 0.543855 0.294118 0.015231 0.033613
4 0.601103 0.268441 0.015231 0.032680
4 0.533088 0.340803 0.014706 0.022409
2 0.558561 0.502801 0.015231 0.021475
4 0.257353 0.716620 0.033613 0.055089
4 0.493960 0.284314 0.008929 0.015873
4 0.578519 0.277311 0.015231 0.020542
4 0.260767 0.290850 0.021534 0.021475
4 0.469538 0.274043 0.011555 0.015873
4 0.497111 0.261438 0.012080 0.014939
