6 0.662027 0.370215 0.020483 0.040149
4 0.549107 0.242297 0.021534 0.045752
0 0.478992 0.105042 0.103992 0.172736
4 0.581145 0.387021 0.018382 0.038282
4 0.576943 0.443044 0.022584 0.034547
4 0.363708 0.268908 0.032038 0.024276
4 0.654937 0.188609 0.018908 0.028011
5 0.571166 0.257236 0.011029 0.021475
4 0.471113 0.443978 0.015756 0.036415
4 0.353204 0.581699 0.033088 0.054155
4 0.402574 0.460317 0.024685 0.044818
4 0.426733 0.368814 0.013130 0.037348
4 0.466124 0.345472 0.012080 0.031746
5 0.490546 0.295985 0.017857 0.041083
9 0.638918 0.697012 0.062500 0.131653
6 0.555410 0.152661 0.014181 0.030812
