6 0.644170 0.499533 0.037290 0.070962
6 0.568540 0.298786 0.015231 0.039216
0 0.502626 0.178805 0.095588 0.127918
4 0.425683 0.270775 0.012080 0.020542
6 0.442227 0.256303 0.017857 0.032680
7 0.711922 0.842204 0.046744 0.078431
6 0.139968 0.408030 0.137080 0.059757
4 0.422269 0.497199 0.016807 0.030812
5 0.526786 0.407563 0.022059 0.062558
4 0.562763 0.269374 0.015231 0.032680
4 0.509454 0.299253 0.011555 0.021475
1 0.531250 0.289916 0.008929 0.021475
4 0.503151 0.317460 0.008403 0.016807
4 0.522847 0.732960 0.023634 0.063492
2 0.704307 0.824463 0.022059 0.037348
4 0.430935 0.386088 0.013130 0.023343
4 0.853204 0.328198 0.034139 0.027077
4 0.433561 0.278711 0.015231 0.021475
