4 0.045168 0.443511 0.047269 0.037348
4 0.380515 0.888889 0.048845 0.084034
6 0.636292 0.558357 0.037290 0.070962
6 0.525998 0.377684 0.017332 0.038282
6 0.595851 0.306256 0.018382 0.039216
4 0.516807 0.261905 0.008403 0.015873
0 0.533088 0.182540 0.100840 0.127918
6 0.726891 0.316993 0.066176 0.049486
4 0.504989 0.259104 0.012080 0.021475
4 0.452994 0.279645 0.012080 0.021475
4 0.489496 0.271242 0.011555 0.019608
4 0.478204 0.274043 0.011029 0.021475
6 0.471901 0.261905 0.018382 0.032680
7 0.541229 0.453315 0.017332 0.025210
4 0.948267 0.489729 0.038340 0.028945
9 0.433824 0.674136 0.056723 0.119514
5 0.540704 0.268441 0.012080 0.027077
4 0.595851 0.275910 0.015231 0.032680
4 0.529937 0.294585 0.011555 0.021475
2 0.540704 0.440243 0.012080 0.023343
4 0.474002 0.325397 0.012080 0.021475
4 0.551733 0.260971 0.009979 0.015873
4 0.092700 0.310458 0.021534 0.021475
4 0.399947 0.289916 0.018382 0.021475
4 0.447742 0.285714 0.015231 0.020542
