6 0.634716 0.522876 0.037290 0.070962
6 0.526523 0.415966 0.021534 0.055089
6 0.596639 0.298319 0.015756 0.038282
0 0.534926 0.182540 0.097164 0.127918
6 0.801996 0.317460 0.072479 0.050420
4 0.455095 0.274977 0.012080 0.021475
6 0.474527 0.256303 0.018382 0.032680
7 0.546744 0.481326 0.017857 0.027077
6 0.881565 0.444444 0.137080 0.059757
4 0.690914 0.438842 0.038340 0.029879
9 0.408876 0.790850 0.067752 0.171802
5 0.540704 0.277311 0.016282 0.029879
4 0.596376 0.267507 0.015231 0.032680
4 0.527836 0.318394 0.014706 0.022409
2 0.542279 0.463119 0.013130 0.026144
4 0.131828 0.891223 0.056723 0.086835
4 0.484506 0.294585 0.012080 0.021475
4 0.561712 0.267040 0.015231 0.020542
4 0.202468 0.296452 0.021534 0.021475
4 0.444853 0.279645 0.011555 0.015873
4 0.480830 0.268441 0.015231 0.019608
