6 0.661502 0.379085 0.020483 0.039216
4 0.551208 0.250700 0.021534 0.045752
0 0.477679 0.103175 0.101366 0.172736
4 0.589548 0.414099 0.018382 0.038282
4 0.591124 0.485061 0.026786 0.042017
4 0.445116 0.278245 0.032038 0.024276
4 0.684086 0.194678 0.018382 0.027077
5 0.570641 0.252568 0.011029 0.021475
4 0.427521 0.816993 0.031513 0.082166
4 0.470851 0.416900 0.015231 0.032680
4 0.520746 0.196078 0.009979 0.016807
4 0.378151 0.532680 0.026261 0.047619
4 0.412815 0.429038 0.022059 0.042017
4 0.429359 0.350607 0.012080 0.036415
4 0.461922 0.344538 0.012080 0.029879
5 0.488971 0.277778 0.016807 0.038282
9 0.653887 0.780579 0.064076 0.147526
6 0.554359 0.157330 0.014181 0.030812
