6 0.655200 0.401494 0.020483 0.041083
4 0.548319 0.280112 0.022059 0.054155
0 0.477941 0.101307 0.097689 0.172736
4 0.595326 0.469655 0.020483 0.041083
4 0.605830 0.548086 0.030987 0.042951
4 0.518120 0.302521 0.032038 0.024276
4 0.714548 0.208683 0.018382 0.027077
5 0.565914 0.268441 0.009979 0.019608
4 0.431985 0.728758 0.025735 0.068161
4 0.465599 0.415966 0.015231 0.032680
4 0.518120 0.216153 0.009979 0.017740
4 0.395746 0.513072 0.022584 0.045752
4 0.413340 0.422969 0.017857 0.039216
4 0.426733 0.347339 0.012080 0.031746
4 0.457195 0.343137 0.012080 0.027077
5 0.482931 0.269374 0.016282 0.036415
9 0.666492 0.901961 0.068277 0.166200
6 0.552784 0.161998 0.014181 0.030812
