6 0.634191 0.523810 0.037290 0.070962
6 0.526261 0.412698 0.021008 0.054155
6 0.596376 0.298319 0.016282 0.038282
0 0.534664 0.182540 0.097689 0.127918
6 0.797794 0.317460 0.072479 0.050420
4 0.454569 0.274977 0.012080 0.021475
6 0.474002 0.256303 0.018382 0.032680
7 0.543592 0.478992 0.017857 0.028011
6 0.896271 0.447246 0.137080 0.059757
4 0.705620 0.440710 0.038340 0.029879
9 0.409664 0.780579 0.067227 0.156863
5 0.540704 0.276844 0.016282 0.030812
4 0.596376 0.268441 0.015231 0.032680
4 0.527311 0.314659 0.014706 0.022409
2 0.540441 0.464052 0.012605 0.026144
4 0.114233 0.917834 0.061450 0.091503
4 0.484506 0.294585 0.012080 0.021475
4 0.560137 0.266573 0.014181 0.019608
4 0.196691 0.297386 0.021534 0.021475
4 0.443277 0.278711 0.011555 0.015873
4 0.479254 0.270308 0.015231 0.019608
