4 0.415179 0.430439 0.046744 0.037348
4 0.180410 0.417367 0.050945 0.044818
4 0.476366 0.603175 0.033613 0.044818
6 0.646271 0.542484 0.037290 0.070962
6 0.536765 0.313259 0.014706 0.036415
6 0.599002 0.289916 0.016282 0.038282
4 0.503151 0.277311 0.010504 0.018674
0 0.533088 0.182540 0.100840 0.127918
6 0.639968 0.284781 0.049895 0.044818
4 0.486082 0.262838 0.012080 0.021475
4 0.451418 0.264706 0.012080 0.021475
4 0.451943 0.271242 0.012080 0.021475
4 0.431985 0.274977 0.015231 0.021475
6 0.472952 0.250700 0.018382 0.032680
7 0.537553 0.385621 0.016282 0.022409
9 0.474790 0.513539 0.038866 0.091503
4 0.931197 0.331466 0.022059 0.028011
4 0.883929 0.321195 0.021008 0.024276
4 0.597426 0.263772 0.015231 0.032680
2 0.537290 0.371148 0.011555 0.017740
4 0.458246 0.350607 0.012080 0.021475
4 0.310662 0.283380 0.018382 0.021475
4 0.374475 0.281513 0.017857 0.021475
