6 0.684874 0.406162 0.037815 0.070962
6 0.563288 0.233894 0.022584 0.042017
0 0.486607 0.121849 0.102416 0.161531
4 0.428834 0.197946 0.012080 0.020542
6 0.439338 0.183007 0.015231 0.031746
5 0.576418 0.307656 0.011029 0.021475
4 0.154674 0.929505 0.074055 0.103641
4 0.449842 0.675537 0.024685 0.070028
6 0.496061 0.531746 0.033088 0.131653
4 0.472952 0.272176 0.009979 0.021475
5 0.571166 0.448646 0.030987 0.070028
4 0.557511 0.198413 0.017332 0.032680
1 0.537553 0.259104 0.008929 0.021475
4 0.467437 0.249300 0.011555 0.026144
4 0.519433 0.185808 0.009454 0.020542
4 0.491859 0.208683 0.015231 0.019608
