6 0.639443 0.522876 0.037290 0.070962
6 0.520746 0.555556 0.034139 0.078431
6 0.564863 0.302988 0.015231 0.038282
0 0.499737 0.178338 0.111870 0.126984
6 0.937500 0.334267 0.072479 0.050420
4 0.418855 0.276844 0.012080 0.021475
6 0.436712 0.258637 0.018382 0.031746
7 0.575368 0.578431 0.021534 0.043884
6 0.526523 0.424837 0.137080 0.059757
4 0.337447 0.432306 0.042542 0.033613
5 0.507090 0.319328 0.015231 0.031746
4 0.560137 0.272176 0.015231 0.032680
4 0.501313 0.253501 0.008929 0.015873
1 0.544905 0.260037 0.008929 0.021475
4 0.501838 0.271242 0.008929 0.015873
4 0.512342 0.412232 0.015231 0.038282
2 0.569853 0.568161 0.014706 0.021475
4 0.345851 0.563492 0.023634 0.042017
4 0.460347 0.278711 0.008929 0.015873
4 0.585872 0.295518 0.034139 0.027077
4 0.304359 0.296919 0.017332 0.022409
4 0.457983 0.268441 0.011555 0.015873
4 0.467437 0.254902 0.011555 0.014939
