6 0.667542 0.525677 0.036765 0.070962
6 0.537553 0.485061 0.029937 0.077498
6 0.606880 0.302054 0.015231 0.038282
0 0.545431 0.182540 0.094013 0.127918
6 0.924370 0.329599 0.072479 0.050420
4 0.467700 0.274043 0.012080 0.021475
6 0.483981 0.257236 0.018382 0.032680
7 0.583508 0.541083 0.017857 0.032680
6 0.658351 0.427638 0.137080 0.059757
4 0.481355 0.424837 0.038340 0.029879
5 0.551208 0.301120 0.015231 0.032680
4 0.603729 0.270308 0.015231 0.032680
4 0.550683 0.259104 0.008929 0.015873
4 0.544380 0.378618 0.015231 0.038282
2 0.576943 0.532680 0.015231 0.021475
4 0.328256 0.629785 0.031513 0.053221
4 0.503414 0.283380 0.008929 0.015873
4 0.596639 0.284781 0.026261 0.024276
4 0.302784 0.295051 0.021534 0.022409
4 0.488971 0.273109 0.011555 0.015873
4 0.508141 0.259570 0.012080 0.014939
