6 0.643120 0.500467 0.037290 0.070962
6 0.688025 0.911765 0.094538 0.170868
6 0.568015 0.298786 0.014181 0.039216
0 0.502101 0.178338 0.096639 0.126984
4 0.425683 0.271242 0.012080 0.021475
6 0.442227 0.257236 0.017857 0.032680
7 0.693277 0.809991 0.036765 0.064426
6 0.159401 0.408964 0.137080 0.059757
4 0.418855 0.514006 0.019433 0.034547
5 0.524422 0.401961 0.021534 0.062558
4 0.562763 0.268441 0.015231 0.032680
4 0.508929 0.297386 0.011555 0.021475
1 0.531775 0.288049 0.008929 0.021475
4 0.503151 0.315126 0.008403 0.015873
4 0.521534 0.698880 0.023109 0.058824
2 0.689601 0.800187 0.022059 0.037348
4 0.428046 0.394024 0.013655 0.024276
4 0.837447 0.327264 0.034139 0.027077
4 0.429884 0.280579 0.015231 0.021475
