6 0.654149 0.522876 0.037290 0.070962
6 0.531513 0.449113 0.026261 0.072829
6 0.603204 0.298319 0.016282 0.038282
0 0.540704 0.183473 0.094013 0.127918
6 0.880252 0.321195 0.072479 0.050420
4 0.461397 0.274043 0.012080 0.021475
6 0.480305 0.254435 0.018382 0.032680
7 0.565126 0.522409 0.017857 0.032680
6 0.734506 0.426704 0.137080 0.059757
4 0.551208 0.426704 0.038340 0.029879
5 0.545956 0.295985 0.015231 0.033613
4 0.602153 0.268441 0.015231 0.032680
4 0.536239 0.349206 0.014706 0.022409
2 0.563288 0.508403 0.015231 0.021475
4 0.279412 0.693277 0.033613 0.055089
4 0.496586 0.283380 0.008929 0.015873
4 0.583771 0.278245 0.015231 0.020542
4 0.272321 0.291317 0.021534 0.022409
4 0.476366 0.272176 0.011555 0.015873
4 0.499212 0.260971 0.012080 0.015873
