6 0.607143 0.513539 0.017857 0.039216
4 0.568277 0.639122 0.069328 0.120448
0 0.485032 0.100373 0.084559 0.170868
4 0.188813 0.974323 0.044643 0.051354
4 0.724527 0.464052 0.047794 0.042951
4 0.416229 0.854809 0.019433 0.058824
4 0.439601 0.611578 0.015756 0.031746
4 0.863971 0.492063 0.024160 0.028011
4 0.918067 0.446312 0.029412 0.024276
4 0.641282 0.282913 0.013655 0.024276
5 0.544380 0.363212 0.011029 0.016807
4 0.454307 0.330065 0.009454 0.017740
4 0.465074 0.289449 0.009979 0.016807
6 0.439601 0.212885 0.013655 0.028011
4 0.476366 0.293184 0.009454 0.014939
4 0.449842 0.274043 0.008929 0.017740
4 0.496324 0.204015 0.009454 0.014006
4 0.455095 0.249300 0.009979 0.016807
6 0.507616 0.375817 0.011029 0.027077
4 0.462973 0.235761 0.008929 0.015873
4 0.466912 0.271709 0.009454 0.016807
5 0.481355 0.192344 0.007878 0.014939
6 0.544905 0.246032 0.013130 0.030812
