6 0.666492 0.370215 0.019958 0.042017
4 0.554359 0.226424 0.021534 0.045752
0 0.482668 0.111578 0.110294 0.172736
4 0.561450 0.328665 0.014706 0.028011
4 0.555935 0.376751 0.020483 0.028945
4 0.162553 0.269841 0.032038 0.024276
4 0.594013 0.172736 0.018908 0.028011
5 0.572742 0.269374 0.011029 0.021475
4 0.471113 0.547152 0.017857 0.046685
4 0.257353 0.752101 0.055672 0.079365
4 0.359769 0.569561 0.036765 0.057890
4 0.406513 0.455182 0.021008 0.045752
4 0.469013 0.394958 0.014706 0.037348
5 0.495011 0.342204 0.020483 0.047619
9 0.611345 0.570028 0.046218 0.101774
6 0.557511 0.149860 0.014181 0.030812
