6 0.596113 0.453782 0.017857 0.041083
4 0.626838 0.712418 0.090861 0.136321
0 0.486082 0.088235 0.083508 0.157796
4 0.412553 0.789449 0.016282 0.056956
4 0.319590 0.731559 0.028887 0.047619
4 0.547794 0.400560 0.047269 0.042951
6 0.149422 0.854342 0.162290 0.171802
4 0.441439 0.479925 0.015231 0.029879
4 0.678309 0.408964 0.023634 0.028011
4 0.790179 0.282446 0.014181 0.025210
0 0.232931 0.889356 0.021534 0.038282
5 0.542017 0.335668 0.009454 0.015873
4 0.457458 0.249300 0.008403 0.016807
4 0.467174 0.225957 0.006828 0.013072
6 0.438550 0.190943 0.013655 0.028945
4 0.474527 0.240430 0.008929 0.015873
4 0.459296 0.205415 0.007878 0.014939
4 0.495273 0.205415 0.009454 0.014939
4 0.464286 0.189542 0.008403 0.016807
4 0.486607 0.189542 0.007878 0.013072
6 0.511817 0.397759 0.014181 0.039216
4 0.469800 0.181606 0.007878 0.015873
4 0.469013 0.211018 0.009454 0.014939
6 0.545168 0.234827 0.012605 0.030812
