6 0.683561 0.494865 0.037290 0.070962
6 0.567489 0.310458 0.022584 0.043884
0 0.487132 0.180672 0.094013 0.127918
4 0.421481 0.273576 0.012080 0.020542
6 0.434349 0.255369 0.015756 0.027077
6 0.495536 0.788049 0.051996 0.220355
4 0.462710 0.391223 0.011555 0.022409
5 0.560662 0.478525 0.029937 0.071895
4 0.556723 0.267507 0.017857 0.032680
4 0.525210 0.345472 0.011555 0.020542
1 0.529674 0.322596 0.008929 0.021475
4 0.458771 0.332866 0.012080 0.025210
4 0.504202 0.256303 0.009454 0.021475
4 0.475053 0.275444 0.015231 0.020542
