6 0.662553 0.369748 0.020483 0.039216
4 0.549107 0.242297 0.021534 0.045752
0 0.479254 0.105976 0.104517 0.172736
4 0.577994 0.380486 0.018382 0.038282
4 0.573792 0.432306 0.020483 0.029879
4 0.340599 0.267974 0.032038 0.024276
4 0.645483 0.187208 0.018908 0.027077
5 0.571166 0.259104 0.011029 0.021475
4 0.471113 0.452848 0.016807 0.037348
4 0.345588 0.598039 0.034664 0.056956
4 0.398897 0.470121 0.025735 0.045752
4 0.425158 0.378151 0.014181 0.037348
4 0.467700 0.345938 0.012080 0.032680
5 0.491334 0.302054 0.018382 0.042017
9 0.634191 0.678338 0.050945 0.118581
6 0.555935 0.151727 0.014181 0.030812
