4 0.365809 0.438842 0.046744 0.037348
4 0.133666 0.428571 0.050945 0.044818
4 0.467174 0.639589 0.036239 0.054155
6 0.645746 0.552754 0.037290 0.070962
6 0.536502 0.324463 0.016282 0.038282
6 0.597952 0.297386 0.015231 0.038282
4 0.505252 0.278711 0.008403 0.015873
0 0.533088 0.182540 0.100840 0.127918
6 0.647321 0.293184 0.049895 0.044818
4 0.488708 0.264706 0.012080 0.021475
4 0.451418 0.270308 0.012080 0.021475
4 0.457721 0.274977 0.012080 0.021475
4 0.439338 0.278245 0.014181 0.020542
6 0.472426 0.255369 0.018382 0.032680
7 0.538603 0.395892 0.016282 0.022409
9 0.472689 0.535481 0.044118 0.101774
4 0.951155 0.341270 0.022059 0.027077
4 0.903887 0.330532 0.021008 0.024276
4 0.598477 0.267507 0.015231 0.032680
4 0.539653 0.260971 0.012080 0.021475
2 0.538603 0.380952 0.012080 0.018674
4 0.460872 0.351541 0.012080 0.021475
4 0.323792 0.288049 0.018382 0.021475
4 0.380252 0.286181 0.017857 0.021475
