6 0.678309 0.495798 0.037290 0.070962
6 0.568540 0.305322 0.021534 0.042951
0 0.488708 0.180672 0.094013 0.127918
4 0.422532 0.271709 0.012080 0.020542
6 0.435924 0.254435 0.015756 0.027077
6 0.474527 0.874416 0.051996 0.249300
4 0.455620 0.408497 0.012080 0.023343
5 0.550683 0.458917 0.029937 0.071895
4 0.556985 0.264239 0.015231 0.031746
4 0.521008 0.333333 0.011555 0.020542
1 0.527574 0.314192 0.008929 0.021475
4 0.511817 0.353875 0.012080 0.020542
4 0.456933 0.339402 0.011555 0.021475
4 0.466649 0.273576 0.015231 0.020542
