6 0.642595 0.504202 0.037290 0.070962
6 0.611870 0.741830 0.066176 0.118581
6 0.568803 0.294585 0.014706 0.038282
0 0.501050 0.177871 0.102941 0.126050
4 0.425683 0.274043 0.012080 0.021475
6 0.441964 0.259104 0.017332 0.032680
7 0.638130 0.706816 0.030462 0.052288
6 0.274422 0.403361 0.137080 0.059757
4 0.061975 0.417834 0.042017 0.032680
4 0.388130 0.629318 0.026261 0.052288
5 0.516544 0.366480 0.018382 0.043884
4 0.562763 0.263772 0.015231 0.032680
4 0.506040 0.279645 0.011029 0.015873
1 0.535452 0.277778 0.008929 0.021475
4 0.503676 0.298319 0.008403 0.015873
4 0.516019 0.556956 0.017332 0.042017
2 0.632090 0.697946 0.020483 0.034547
4 0.411239 0.437908 0.016807 0.029879
4 0.478204 0.258637 0.008929 0.016807
4 0.755515 0.321662 0.034139 0.027077
4 0.400998 0.282446 0.015231 0.021475
