4 0.586922 0.417367 0.046744 0.037348
4 0.354779 0.400560 0.050945 0.044818
4 0.176733 0.390756 0.044643 0.040149
4 0.504464 0.513539 0.025735 0.044818
6 0.648372 0.525677 0.037290 0.070962
6 0.536765 0.289916 0.014706 0.027077
6 0.598739 0.287582 0.018908 0.039216
4 0.495536 0.284314 0.012080 0.023343
0 0.533088 0.182540 0.100840 0.127918
6 0.616071 0.270775 0.049370 0.042951
4 0.474527 0.260037 0.012080 0.021475
4 0.451418 0.259104 0.012080 0.021475
4 0.428309 0.264706 0.019433 0.025210
4 0.402048 0.270308 0.019433 0.025210
6 0.472952 0.246032 0.018382 0.032680
7 0.535977 0.348739 0.015231 0.021475
9 0.482668 0.459851 0.031513 0.068161
4 0.867384 0.313725 0.021534 0.028011
4 0.818015 0.305322 0.021534 0.024276
4 0.599527 0.255369 0.015231 0.032680
2 0.534664 0.342670 0.011555 0.016807
4 0.267595 0.272176 0.018382 0.021475
4 0.334821 0.275910 0.024685 0.027077
