6 0.602416 0.497666 0.017857 0.041083
4 0.581933 0.661064 0.073529 0.123249
0 0.485819 0.098506 0.082983 0.165266
4 0.241334 0.891690 0.044643 0.056022
4 0.667279 0.447246 0.047794 0.042951
4 0.425683 0.697479 0.017332 0.046685
4 0.444065 0.523810 0.015231 0.031746
4 0.794380 0.467787 0.023634 0.028011
4 0.684611 0.283380 0.014181 0.025210
5 0.542017 0.354809 0.010504 0.016807
4 0.454832 0.303455 0.009454 0.016807
4 0.465336 0.271242 0.009454 0.015873
6 0.439601 0.210084 0.013655 0.028011
4 0.475315 0.279178 0.008403 0.014939
4 0.452994 0.253035 0.008929 0.014939
4 0.495798 0.208683 0.009454 0.014006
4 0.458508 0.231559 0.009454 0.016807
6 0.507616 0.376751 0.011029 0.027077
4 0.466124 0.219888 0.008929 0.015873
4 0.467437 0.254435 0.009454 0.015873
6 0.544905 0.242297 0.013130 0.030812
