6 0.642069 0.500467 0.037290 0.070962
6 0.670168 0.877218 0.088235 0.157796
6 0.568015 0.298319 0.014181 0.038282
0 0.502101 0.178338 0.097689 0.126984
4 0.425683 0.271709 0.012080 0.020542
6 0.442227 0.257236 0.017857 0.032680
7 0.682248 0.788515 0.035714 0.062558
6 0.179884 0.412698 0.137080 0.059757
4 0.414128 0.530812 0.019433 0.036415
5 0.521796 0.396825 0.020483 0.061625
4 0.562763 0.267507 0.015231 0.032680
4 0.507878 0.293651 0.011555 0.021475
1 0.532300 0.288049 0.008929 0.021475
4 0.503676 0.313259 0.008403 0.015873
4 0.520221 0.668067 0.021534 0.055089
2 0.678046 0.779645 0.022059 0.037348
4 0.424895 0.401961 0.014706 0.025210
4 0.480830 0.253501 0.008929 0.017740
4 0.821691 0.325397 0.034139 0.027077
4 0.425683 0.281513 0.015231 0.021475
