4 0.663340 0.422035 0.049370 0.037348
4 0.432511 0.405696 0.050945 0.042017
4 0.257616 0.393557 0.044643 0.042017
4 0.512868 0.490663 0.024685 0.043884
6 0.649947 0.524743 0.037290 0.070962
6 0.537027 0.284781 0.014181 0.026144
6 0.601103 0.285714 0.018382 0.039216
4 0.491597 0.289916 0.011555 0.023343
0 0.534401 0.184874 0.097164 0.128852
6 0.608193 0.267507 0.046218 0.038282
4 0.468487 0.261905 0.012605 0.019608
4 0.451943 0.258637 0.012080 0.020542
4 0.417542 0.267040 0.018908 0.024276
4 0.387605 0.271242 0.021008 0.025210
6 0.472952 0.244631 0.018382 0.031746
6 0.536239 0.345938 0.012605 0.021475
9 0.490546 0.437908 0.031513 0.067227
4 0.841649 0.311858 0.021534 0.028011
4 0.795956 0.305322 0.021534 0.024276
4 0.600053 0.254435 0.015231 0.032680
2 0.534664 0.342670 0.011555 0.016807
4 0.251838 0.272176 0.018382 0.021475
4 0.319590 0.274977 0.024685 0.027077
