6 0.650473 0.497666 0.037290 0.070962
6 0.572479 0.297852 0.016807 0.041083
0 0.503414 0.179739 0.094013 0.127918
4 0.428309 0.269841 0.012080 0.020542
6 0.444853 0.251167 0.017857 0.031746
7 0.761817 0.917834 0.046744 0.078431
6 0.092700 0.407096 0.137080 0.059757
4 0.431723 0.468721 0.015756 0.026144
5 0.533876 0.422502 0.024685 0.066293
4 0.562237 0.263772 0.015231 0.032680
4 0.514706 0.306723 0.011555 0.021475
1 0.530200 0.296452 0.008929 0.021475
4 0.505515 0.324930 0.012080 0.020542
4 0.538866 0.859010 0.026261 0.074697
2 0.752363 0.900093 0.022584 0.037348
4 0.441964 0.364613 0.012080 0.021475
4 0.894695 0.330065 0.034139 0.027077
4 0.447216 0.274510 0.015231 0.020542
