6 0.642595 0.500467 0.037290 0.070962
6 0.674632 0.885621 0.089811 0.161531
6 0.568015 0.298319 0.014181 0.038282
0 0.501838 0.178338 0.097164 0.126984
4 0.425683 0.271709 0.012080 0.020542
6 0.442227 0.257236 0.017857 0.032680
7 0.684874 0.794118 0.035714 0.062558
6 0.174632 0.411765 0.137080 0.059757
4 0.415179 0.526144 0.019433 0.036415
5 0.522584 0.398226 0.021008 0.062558
4 0.562763 0.267507 0.015231 0.032680
4 0.508403 0.294585 0.011555 0.021475
1 0.532300 0.288049 0.008929 0.021475
4 0.503151 0.313259 0.008403 0.015873
4 0.520483 0.676004 0.022059 0.056022
2 0.680672 0.784314 0.022059 0.037348
4 0.425683 0.400093 0.014181 0.025210
4 0.480830 0.253501 0.008929 0.017740
4 0.825893 0.326331 0.034139 0.027077
4 0.426733 0.281513 0.015231 0.021475
