6 0.645221 0.520075 0.037290 0.070962
6 0.529674 0.437442 0.024685 0.066293
6 0.600053 0.299253 0.015231 0.040149
0 0.538603 0.183473 0.094013 0.127918
6 0.848739 0.317460 0.072479 0.050420
4 0.457195 0.271242 0.012080 0.021475
6 0.478204 0.254435 0.018382 0.032680
7 0.557248 0.505602 0.017857 0.027077
6 0.782300 0.430439 0.137080 0.059757
4 0.596376 0.427638 0.038340 0.029879
9 0.403361 0.894491 0.068277 0.179272
5 0.543067 0.289916 0.015756 0.032680
4 0.597952 0.265640 0.015231 0.032680
4 0.530987 0.332400 0.014706 0.022409
2 0.553834 0.488796 0.015231 0.021475
4 0.233718 0.742764 0.033613 0.055089
4 0.491859 0.286181 0.008929 0.015873
4 0.573267 0.273576 0.015231 0.020542
4 0.246061 0.290850 0.021534 0.021475
4 0.465336 0.274043 0.011555 0.015873
4 0.493960 0.261438 0.012080 0.014939
