6 0.645221 0.499533 0.037290 0.070962
6 0.568803 0.298319 0.015756 0.040149
0 0.502889 0.178805 0.095063 0.127918
4 0.425683 0.269841 0.012080 0.020542
6 0.442227 0.256303 0.017857 0.032680
7 0.725578 0.862745 0.046744 0.078431
6 0.125788 0.408030 0.137080 0.059757
4 0.425683 0.485528 0.016282 0.028011
5 0.528887 0.411298 0.023109 0.064426
4 0.562763 0.269374 0.015231 0.032680
4 0.509979 0.301120 0.011555 0.021475
1 0.530725 0.291783 0.008929 0.021475
4 0.502889 0.320261 0.009979 0.018674
4 0.524160 0.765173 0.024160 0.066293
2 0.717437 0.845005 0.022059 0.037348
4 0.433298 0.380486 0.012605 0.023343
4 0.865284 0.329132 0.034139 0.027077
4 0.436712 0.277778 0.015231 0.021475
