6 0.631565 0.531279 0.037290 0.070962
6 0.523634 0.396825 0.018908 0.044818
6 0.595851 0.300187 0.017332 0.038282
0 0.533088 0.182540 0.100840 0.127918
6 0.772847 0.316993 0.070903 0.049486
4 0.452994 0.274043 0.012080 0.021475
4 0.488708 0.261905 0.009979 0.015873
6 0.471376 0.255369 0.018382 0.032680
7 0.541229 0.470588 0.018382 0.026144
6 0.953519 0.453782 0.090861 0.059757
4 0.782826 0.456583 0.038340 0.029879
9 0.419380 0.731092 0.066702 0.141923
5 0.539653 0.275910 0.011029 0.025210
4 0.595851 0.271242 0.015231 0.032680
4 0.527836 0.306256 0.014706 0.022409
2 0.537553 0.455649 0.012080 0.026144
4 0.479254 0.306723 0.012080 0.021475
4 0.555410 0.264706 0.012080 0.019608
4 0.162553 0.298319 0.021534 0.021475
4 0.427784 0.283380 0.016282 0.019608
4 0.470326 0.275444 0.015231 0.020542
