6 0.684349 0.439309 0.036765 0.070028
6 0.564338 0.265640 0.022584 0.042017
0 0.487132 0.121849 0.094013 0.129785
4 0.427784 0.219421 0.012080 0.020542
6 0.438813 0.206349 0.015231 0.031746
5 0.576943 0.314192 0.011029 0.021475
4 0.447479 0.740896 0.025210 0.070028
6 0.495011 0.577031 0.032038 0.141923
4 0.471901 0.305789 0.009979 0.021475
5 0.570116 0.470588 0.030987 0.070962
4 0.556460 0.216153 0.018382 0.032680
1 0.535977 0.287115 0.008929 0.021475
4 0.467437 0.261438 0.011555 0.026144
4 0.518908 0.210084 0.009454 0.020542
4 0.489758 0.228758 0.015231 0.020542
