6 0.641544 0.500467 0.037290 0.070962
6 0.656775 0.851074 0.083508 0.148459
6 0.568015 0.297386 0.014181 0.038282
0 0.501576 0.178338 0.098739 0.126984
4 0.425683 0.272176 0.012080 0.021475
6 0.442227 0.258170 0.017857 0.032680
7 0.673582 0.772176 0.035189 0.059757
6 0.195116 0.409897 0.137080 0.059757
4 0.410452 0.542951 0.019433 0.038282
5 0.519958 0.392624 0.019958 0.060691
4 0.562763 0.266573 0.015231 0.032680
4 0.507353 0.292250 0.011555 0.020542
1 0.532300 0.288049 0.008929 0.021475
4 0.503676 0.309524 0.008403 0.015873
4 0.520221 0.645658 0.021534 0.055089
2 0.669118 0.763772 0.022059 0.037348
4 0.422794 0.408030 0.014706 0.026144
4 0.480830 0.255369 0.008929 0.017740
4 0.810137 0.325397 0.034139 0.027077
4 0.422532 0.281513 0.015231 0.021475
