6 0.614496 0.548086 0.017857 0.039216
4 0.549370 0.618581 0.040966 0.103641
0 0.484244 0.102241 0.087185 0.174603
4 0.812763 0.498599 0.053046 0.042951
4 0.426471 0.801587 0.017857 0.047619
4 0.970588 0.549486 0.024160 0.028945
4 0.788340 0.455649 0.029412 0.024276
10 0.589548 0.957516 0.015231 0.036415
2 0.588761 0.956116 0.007353 0.028011
4 0.593225 0.277778 0.014181 0.023343
5 0.546218 0.379085 0.010504 0.016807
4 0.451155 0.376751 0.009454 0.017740
4 0.462447 0.323063 0.009979 0.016807
6 0.438288 0.222222 0.013130 0.028011
4 0.476628 0.315126 0.009979 0.014006
4 0.443803 0.312325 0.009454 0.019608
4 0.495273 0.203081 0.009454 0.014006
4 0.449317 0.282913 0.009979 0.016807
6 0.505777 0.369281 0.011555 0.027077
4 0.456670 0.264239 0.008929 0.016807
4 0.464286 0.300654 0.009454 0.016807
5 0.480305 0.218021 0.009979 0.019608
6 0.544905 0.248833 0.013130 0.030812
