6 0.615284 0.479458 0.018382 0.040149
4 0.532300 0.395425 0.026786 0.083100
0 0.483981 0.106909 0.088761 0.183940
4 0.098739 0.377218 0.026261 0.024276
4 0.580882 0.683007 0.026261 0.053221
4 0.650210 0.829132 0.045168 0.065359
4 0.751313 0.388422 0.026786 0.024276
10 0.540704 0.497199 0.011029 0.032680
2 0.540441 0.497199 0.008403 0.028945
4 0.822216 0.280112 0.021534 0.028011
5 0.542279 0.324463 0.008929 0.021475
4 0.409401 0.577498 0.018382 0.040149
4 0.451418 0.400093 0.013130 0.027077
6 0.428571 0.186275 0.014706 0.030812
4 0.506828 0.278711 0.011555 0.017740
4 0.396008 0.442577 0.016807 0.033613
4 0.413866 0.385154 0.014706 0.028945
6 0.492384 0.243231 0.012080 0.025210
4 0.418855 0.340336 0.012080 0.021475
4 0.444590 0.339402 0.012080 0.021475
5 0.466387 0.265640 0.013655 0.032680
6 0.542279 0.204015 0.014181 0.030812
