6 0.671481 0.494865 0.037290 0.070962
6 0.570378 0.300187 0.019958 0.043884
0 0.490284 0.177871 0.094013 0.127918
4 0.424632 0.267974 0.012080 0.020542
6 0.440651 0.253501 0.015756 0.027077
6 0.441964 0.910364 0.051996 0.175537
4 0.447742 0.428571 0.013130 0.024276
5 0.544905 0.446779 0.027836 0.070028
4 0.560137 0.261438 0.015231 0.031746
4 0.518382 0.323063 0.011555 0.020542
1 0.529149 0.303922 0.008929 0.021475
4 0.509716 0.341737 0.012080 0.020542
4 0.453782 0.346872 0.011555 0.021475
4 0.461397 0.271709 0.015231 0.020542
