6 0.643645 0.520075 0.037290 0.070962
6 0.529412 0.434641 0.024160 0.064426
6 0.599527 0.300187 0.015231 0.040149
0 0.538078 0.183473 0.094013 0.127918
6 0.841387 0.317460 0.072479 0.050420
4 0.456145 0.271242 0.012080 0.021475
6 0.477679 0.254435 0.018382 0.032680
7 0.555147 0.501867 0.017857 0.027077
6 0.794380 0.431373 0.137080 0.059757
4 0.608981 0.428571 0.038340 0.029879
9 0.403887 0.877684 0.068277 0.179272
5 0.542542 0.287582 0.015756 0.031746
4 0.596901 0.264706 0.015231 0.032680
4 0.529937 0.330532 0.014706 0.022409
2 0.551208 0.481793 0.015231 0.022409
4 0.222689 0.760037 0.039916 0.061625
4 0.490809 0.287115 0.008929 0.015873
4 0.572216 0.272642 0.015231 0.020542
4 0.239758 0.291783 0.021534 0.021475
4 0.462710 0.274977 0.011555 0.015873
4 0.492910 0.261438 0.012080 0.014939
