6 0.632616 0.526611 0.037290 0.070962
6 0.525210 0.405696 0.019958 0.049486
6 0.596113 0.298786 0.016807 0.039216
0 0.533613 0.182540 0.099790 0.127918
6 0.787290 0.317460 0.072479 0.050420
4 0.453519 0.273109 0.012080 0.021475
4 0.491859 0.257236 0.009979 0.015873
6 0.472426 0.255369 0.018382 0.032680
7 0.542017 0.474790 0.017857 0.027077
6 0.926996 0.452848 0.133403 0.059757
4 0.741334 0.446312 0.038340 0.029879
9 0.413603 0.752568 0.066702 0.141923
5 0.540704 0.275444 0.016282 0.031746
4 0.596376 0.269374 0.015231 0.032680
4 0.526786 0.308123 0.014706 0.022409
2 0.538603 0.461251 0.012080 0.026144
4 0.062763 0.971055 0.065651 0.050420
4 0.484506 0.294585 0.012080 0.021475
4 0.557511 0.265640 0.012080 0.019608
4 0.182511 0.299253 0.021534 0.021475
4 0.438025 0.279178 0.012605 0.016807
4 0.475053 0.273109 0.015231 0.019608
