4 0.464023 0.419234 0.046744 0.037348
4 0.228204 0.410831 0.050945 0.044818
4 0.050945 0.405696 0.044118 0.040149
4 0.484769 0.568627 0.033613 0.044818
6 0.646271 0.533147 0.037290 0.070962
6 0.536765 0.304388 0.014706 0.031746
6 0.600053 0.286648 0.018382 0.039216
4 0.500525 0.275910 0.012605 0.023343
0 0.533088 0.182540 0.100840 0.127918
6 0.632616 0.277311 0.049895 0.044818
4 0.483456 0.260037 0.012080 0.021475
4 0.451418 0.262838 0.012080 0.021475
4 0.445641 0.267507 0.012080 0.021475
4 0.424107 0.272176 0.015231 0.021475
6 0.472952 0.249767 0.018382 0.032680
7 0.536239 0.376284 0.015756 0.022409
9 0.477941 0.493464 0.035714 0.081232
4 0.912290 0.324930 0.022059 0.028011
4 0.864496 0.315593 0.021008 0.024276
4 0.598477 0.258170 0.015231 0.032680
2 0.535977 0.361345 0.012080 0.016807
4 0.455095 0.348739 0.012080 0.021475
4 0.295431 0.278711 0.018382 0.021475
4 0.363445 0.276844 0.019958 0.023343
