6 0.684349 0.478058 0.036765 0.069094
6 0.562237 0.307656 0.022584 0.043884
0 0.482931 0.182540 0.094013 0.127918
4 0.418855 0.276377 0.012080 0.020542
6 0.431985 0.263772 0.015231 0.032680
5 0.555935 0.377218 0.011029 0.018674
0 0.530725 0.352941 0.017332 0.026144
4 0.445116 0.939309 0.026786 0.097106
6 0.504989 0.723156 0.045693 0.189542
4 0.467962 0.377684 0.010504 0.021475
5 0.564338 0.490663 0.029937 0.071895
4 0.552784 0.260037 0.018382 0.032680
4 0.525998 0.348739 0.011029 0.019608
1 0.529149 0.324463 0.008929 0.021475
4 0.459296 0.331466 0.012080 0.026144
4 0.504727 0.260504 0.009454 0.020542
4 0.475578 0.279178 0.015231 0.020542
