6 0.605567 0.506069 0.017857 0.039216
4 0.575105 0.649860 0.073529 0.123249
0 0.485557 0.099440 0.083508 0.169001
4 0.214548 0.936508 0.044643 0.056022
4 0.697742 0.455649 0.047794 0.042951
4 0.421218 0.771242 0.018908 0.052288
4 0.442227 0.567694 0.015756 0.031746
4 0.831408 0.480859 0.024160 0.028011
4 0.959559 0.446312 0.028361 0.024276
4 0.660452 0.282913 0.014181 0.024276
5 0.542805 0.359477 0.011029 0.016807
4 0.454307 0.316993 0.009454 0.017740
4 0.465074 0.281046 0.009979 0.016807
6 0.439601 0.211951 0.013655 0.028011
4 0.475840 0.287582 0.008403 0.014939
4 0.451418 0.264706 0.008929 0.015873
4 0.495798 0.205882 0.009454 0.014006
4 0.456933 0.239963 0.009454 0.016807
6 0.507616 0.375817 0.011029 0.027077
4 0.464548 0.229225 0.008929 0.015873
4 0.466912 0.264706 0.009454 0.015873
6 0.544905 0.244164 0.013130 0.030812
