6 0.641019 0.500467 0.037290 0.070962
6 0.637605 0.806723 0.075630 0.134454
6 0.568540 0.296452 0.014181 0.038282
0 0.500788 0.178338 0.101366 0.126984
4 0.425683 0.273109 0.012080 0.021475
6 0.442227 0.258170 0.017857 0.032680
7 0.656513 0.739963 0.033613 0.055089
6 0.227153 0.407096 0.137080 0.059757
4 0.403361 0.575163 0.022059 0.044818
5 0.516282 0.385154 0.018908 0.060691
4 0.562763 0.265640 0.015231 0.032680
4 0.506565 0.288049 0.012080 0.017740
1 0.532300 0.283380 0.008929 0.021475
4 0.503676 0.304855 0.008403 0.015873
4 0.518645 0.608310 0.019433 0.049486
2 0.651261 0.732026 0.022059 0.037348
4 0.418067 0.420168 0.015756 0.028011
4 0.480305 0.257236 0.008929 0.017740
4 0.788078 0.323529 0.034139 0.027077
4 0.414128 0.281513 0.015231 0.021475
