6 0.659401 0.524743 0.037290 0.070962
6 0.532563 0.455182 0.027311 0.075630
6 0.605042 0.298319 0.015756 0.038282
0 0.542279 0.182540 0.094013 0.127918
6 0.897059 0.325864 0.072479 0.050420
4 0.463498 0.274043 0.012080 0.021475
6 0.481355 0.255369 0.018382 0.032680
7 0.572479 0.531746 0.017857 0.032680
6 0.709821 0.425770 0.137080 0.059757
4 0.530200 0.426704 0.038340 0.029879
5 0.548057 0.296452 0.015231 0.032680
4 0.603729 0.269374 0.015231 0.032680
4 0.538078 0.355742 0.014181 0.022409
2 0.569065 0.517740 0.015231 0.021475
4 0.300420 0.670868 0.033613 0.055089
4 0.498687 0.283380 0.008929 0.015873
4 0.591124 0.283847 0.015231 0.020542
4 0.282300 0.292717 0.021534 0.021475
4 0.480567 0.273109 0.011555 0.015873
4 0.502363 0.260037 0.012080 0.015873
