6 0.650210 0.525210 0.036765 0.070028
6 0.525210 0.501867 0.033613 0.077498
6 0.587185 0.300654 0.015756 0.039216
0 0.519170 0.181606 0.094013 0.127918
6 0.912815 0.327731 0.072479 0.050420
4 0.442489 0.275910 0.012080 0.021475
6 0.462973 0.258170 0.018382 0.032680
7 0.569853 0.550887 0.017857 0.042951
6 0.627889 0.426704 0.137080 0.059757
4 0.443540 0.425303 0.037290 0.030812
5 0.530200 0.308590 0.015231 0.030812
4 0.581670 0.270308 0.015231 0.032680
4 0.525998 0.260971 0.008929 0.015873
4 0.523897 0.380486 0.015231 0.038282
2 0.563288 0.537348 0.015231 0.021475
4 0.327206 0.614846 0.027311 0.047619
4 0.481880 0.280579 0.008929 0.015873
4 0.586397 0.288982 0.034139 0.027077
4 0.292542 0.297852 0.021008 0.022409
4 0.472164 0.271242 0.011555 0.015873
4 0.487132 0.257703 0.012080 0.014939
