6 0.641019 0.500467 0.037290 0.070962
6 0.643382 0.821195 0.078782 0.139122
6 0.568277 0.296452 0.014706 0.038282
0 0.501050 0.178338 0.100840 0.126984
4 0.425683 0.273109 0.012080 0.021475
6 0.442227 0.258170 0.017857 0.032680
7 0.662290 0.750233 0.034664 0.056956
6 0.216124 0.405229 0.137080 0.059757
4 0.405987 0.564426 0.021008 0.042017
5 0.517595 0.387488 0.019433 0.059757
4 0.562763 0.265640 0.015231 0.032680
4 0.506828 0.289449 0.011555 0.018674
1 0.532300 0.286181 0.008929 0.021475
4 0.503676 0.305789 0.008403 0.015873
4 0.519170 0.620448 0.020483 0.051354
2 0.657300 0.742297 0.021534 0.037348
4 0.419380 0.415966 0.015231 0.027077
4 0.480830 0.257236 0.008929 0.017740
4 0.795431 0.323529 0.034139 0.027077
4 0.417279 0.281513 0.015231 0.021475
