4 0.742647 0.429505 0.052521 0.037348
4 0.512342 0.414566 0.050945 0.041083
4 0.343750 0.395892 0.044643 0.041083
4 0.522321 0.467320 0.023634 0.042017
6 0.652311 0.523810 0.035714 0.070962
6 0.537290 0.279178 0.012605 0.024276
6 0.600315 0.286648 0.014706 0.037348
4 0.486082 0.300187 0.011029 0.021475
0 0.540179 0.195612 0.084559 0.131653
6 0.600315 0.265640 0.033613 0.038282
4 0.463498 0.263772 0.013130 0.012138
4 0.452206 0.259104 0.011555 0.017740
4 0.408876 0.274977 0.018382 0.023343
4 0.374737 0.273109 0.021534 0.023343
6 0.473739 0.242297 0.017857 0.028945
6 0.536502 0.341270 0.009979 0.021475
9 0.498424 0.422035 0.031513 0.067227
4 0.815914 0.309991 0.021534 0.028011
4 0.773372 0.304388 0.021534 0.024276
4 0.600053 0.254435 0.015231 0.032680
2 0.534664 0.342670 0.011555 0.016807
4 0.521534 0.254902 0.009454 0.016807
4 0.232931 0.277778 0.018382 0.021475
4 0.303309 0.274977 0.024685 0.027077
