4 0.120908 0.934193 0.076637 0.128968
4 0.215588 0.906085 0.076265 0.132275
4 0.287388 0.857474 0.077753 0.114418
4 0.357515 0.832341 0.074405 0.109127
4 0.401228 0.765873 0.071801 0.097884
4 0.350446 0.965278 0.089286 0.066799
6 0.461310 0.957011 0.114583 0.083333
5 0.500744 0.901455 0.098958 0.134921
4 0.289435 0.596892 0.033482 0.061508
4 0.732143 0.523479 0.069940 0.052249
4 0.642671 0.529101 0.079241 0.059524
4 0.160528 0.397487 0.046503 0.033069
5 0.785342 0.455688 0.069940 0.059524
4 0.536086 0.475198 0.061012 0.045635
4 0.603981 0.455026 0.059896 0.043651
4 0.065476 0.464947 0.066964 0.041005
4 0.388207 0.483135 0.059152 0.042989
4 0.437872 0.463294 0.057292 0.042989
4 0.217076 0.491071 0.064360 0.042989
4 0.227307 0.470569 0.061012 0.040344
4 0.021577 0.449405 0.040179 0.040344
4 0.235119 0.423611 0.048363 0.045635
4 0.094866 0.509259 0.075893 0.050265
4 0.075893 0.482474 0.063988 0.044312
4 0.114583 0.379630 0.024554 0.034392
9 0.150856 0.429894 0.136533 0.075397
4 0.457403 0.418981 0.056920 0.037698
4 0.530692 0.414352 0.050223 0.035053
9 0.454799 0.429894 0.126860 0.091270
4 0.282180 0.438161 0.047991 0.037698
4 0.339472 0.423280 0.052455 0.039683
4 0.595982 0.410384 0.054315 0.040344
4 0.685826 0.399471 0.059152 0.039683
4 0.634115 0.433201 0.059896 0.038360
4 0.758557 0.382937 0.052083 0.034392
4 0.762091 0.403770 0.053199 0.035053
4 0.810082 0.376323 0.045015 0.038360
0 0.075149 0.266204 0.150298 0.248016
0 0.476376 0.621693 0.349330 0.255291
1 0.071057 0.681217 0.019345 0.060847
1 0.018229 0.704365 0.019345 0.054233
3 0.262463 0.644841 0.028646 0.030423
2 0.259859 0.633929 0.015253 0.050926
0 0.150484 0.707672 0.300967 0.170635
0 0.251488 0.543651 0.107887 0.097884
3 0.144531 0.537368 0.025670 0.029762
2 0.141369 0.526786 0.012649 0.040344
1 0.151228 0.575728 0.014509 0.040344
3 0.631510 0.681878 0.023438 0.054233
2 0.632254 0.670966 0.014509 0.057540
10 0.705729 0.819114 0.030506 0.058862
1 0.764695 0.762897 0.017485 0.077381
1 0.788132 0.800265 0.018229 0.070106
1 0.743862 0.879630 0.021205 0.070106
1 0.806920 0.748347 0.015625 0.068122
1 0.820499 0.736442 0.017485 0.078704
7 0.780878 0.898810 0.049107 0.054233
3 0.831659 0.921296 0.029390 0.066138
10 0.855841 0.941468 0.026414 0.098545
1 0.954985 0.873677 0.029018 0.075397
1 0.936012 0.811508 0.026786 0.066138
2 0.965588 0.806217 0.021205 0.047619
2 0.952753 0.792328 0.019345 0.039683
3 0.587984 0.753307 0.026414 0.054233
2 0.589286 0.737765 0.018601 0.064153
1 0.779204 0.602513 0.015253 0.056878
1 0.768229 0.601190 0.011905 0.056878
0 0.334263 0.353505 0.300967 0.087963
1 0.720052 0.639881 0.013021 0.053571
1 0.850260 0.760913 0.018229 0.068122
1 0.769159 0.690807 0.014509 0.061508
1 0.775856 0.689484 0.014509 0.064153
1 0.756882 0.552579 0.016741 0.049603
1 0.667411 0.554894 0.011161 0.048942
1 0.842448 0.641865 0.015997 0.068122
3 0.582031 0.891865 0.044271 0.053571
3 0.733073 0.855489 0.028646 0.054894
3 0.749442 0.868717 0.030134 0.042989
