4 0.383743 0.716931 0.044271 0.075397
4 0.442894 0.715278 0.047247 0.073413
4 0.490699 0.702381 0.046875 0.072751
4 0.540737 0.699405 0.048735 0.073413
4 0.578311 0.671627 0.051711 0.065476
4 0.413318 0.815146 0.055804 0.106481
4 0.474144 0.800595 0.056176 0.099868
4 0.528646 0.795635 0.062500 0.096561
6 0.605283 0.818122 0.078125 0.126984
5 0.640625 0.766204 0.068452 0.089286
4 0.447731 0.960317 0.067336 0.075397
4 0.520461 0.943452 0.063244 0.102513
4 0.584449 0.928241 0.069196 0.106481
4 0.662574 0.944444 0.081101 0.107143
4 0.717448 0.913029 0.088170 0.117063
4 0.511161 0.558201 0.030506 0.043651
4 0.902158 0.563492 0.072917 0.044974
4 0.812128 0.550265 0.063988 0.043651
4 0.647321 0.493056 0.052083 0.037698
4 0.770275 0.502315 0.053943 0.040344
4 0.849702 0.494048 0.052083 0.034392
4 0.708147 0.479497 0.047991 0.034392
4 0.529018 0.478175 0.051339 0.037037
4 0.540179 0.461310 0.051339 0.032407
4 0.493490 0.446759 0.046503 0.032407
4 0.432106 0.429563 0.044271 0.029762
4 0.513207 0.424603 0.047247 0.027778
4 0.445685 0.452381 0.043155 0.033069
5 0.414435 0.456349 0.053571 0.041005
4 0.331845 0.450728 0.048363 0.035053
4 0.359747 0.441468 0.045387 0.031085
4 0.561012 0.454365 0.042411 0.033069
4 0.646577 0.459656 0.046131 0.033069
4 0.243862 0.446759 0.042039 0.032407
4 0.526972 0.435516 0.043527 0.031085
4 0.565662 0.426918 0.039062 0.031085
4 0.251860 0.434193 0.044643 0.036376
4 0.281622 0.421958 0.044643 0.037037
4 0.310082 0.414683 0.038318 0.033069
4 0.375186 0.429894 0.039062 0.029101
4 0.432664 0.411045 0.037202 0.025794
4 0.689546 0.442791 0.038318 0.035053
4 0.162760 0.409722 0.043527 0.031085
4 0.234933 0.414683 0.029390 0.027778
0 0.263021 0.273479 0.337054 0.242725
0 0.643415 0.591601 0.216890 0.221561
0 0.053385 0.323082 0.079241 0.154101
1 0.050595 0.728505 0.011905 0.050926
11 0.048177 0.692130 0.020461 0.056217
1 0.034784 0.635251 0.011533 0.050926
1 0.057478 0.652116 0.013021 0.041005
1 0.035156 0.648148 0.017485 0.041005
1 0.142485 0.602513 0.017113 0.046296
1 0.093564 0.645172 0.013021 0.044312
1 0.095796 0.633929 0.013021 0.046958
1 0.124628 0.656085 0.014881 0.044974
1 0.195685 0.595569 0.014137 0.040344
1 0.161458 0.647156 0.011161 0.044312
1 0.191592 0.640212 0.014881 0.042328
1 0.184152 0.626653 0.015625 0.048280
3 0.273996 0.587302 0.025670 0.023810
2 0.272879 0.575066 0.011533 0.040344
0 0.373698 0.612103 0.323289 0.095899
0 0.380580 0.498677 0.343750 0.097884
0 0.877232 0.770172 0.244792 0.458333
0 0.597842 0.372685 0.180804 0.087963
