4 0.172247 0.932870 0.072173 0.130291
4 0.264137 0.908399 0.072173 0.128968
4 0.332961 0.866071 0.073661 0.114418
4 0.401600 0.841601 0.071801 0.109127
4 0.445871 0.778770 0.071801 0.099868
5 0.546131 0.921627 0.098958 0.138228
4 0.340774 0.606481 0.033482 0.060847
4 0.783110 0.544643 0.069940 0.052249
4 0.692708 0.549603 0.078869 0.059524
4 0.221540 0.405754 0.046503 0.032407
4 0.830543 0.467923 0.059896 0.042989
5 0.730097 0.482143 0.070312 0.059524
4 0.494792 0.497024 0.061012 0.045635
4 0.553013 0.477513 0.058408 0.044974
4 0.071801 0.461971 0.061012 0.036376
4 0.186756 0.460979 0.058036 0.038360
4 0.351749 0.496032 0.056176 0.043651
4 0.232515 0.424603 0.046131 0.038360
4 0.379836 0.475198 0.057292 0.041667
4 0.207031 0.493717 0.064360 0.042989
4 0.212984 0.475529 0.059152 0.037037
4 0.126860 0.449074 0.051339 0.039683
4 0.312872 0.428241 0.049107 0.040344
4 0.083519 0.510913 0.077009 0.042989
4 0.074591 0.484458 0.058408 0.040344
4 0.176339 0.388889 0.024554 0.034392
9 0.263579 0.427910 0.123884 0.076720
4 0.516927 0.427910 0.056920 0.038360
4 0.610305 0.424272 0.050223 0.035053
9 0.550409 0.437169 0.126860 0.091270
4 0.005022 0.509921 0.010045 0.038360
4 0.397135 0.444444 0.047991 0.038360
4 0.419085 0.427910 0.046503 0.038360
4 0.675223 0.424934 0.054315 0.040344
4 0.743862 0.421627 0.056920 0.040344
4 0.729725 0.447090 0.059896 0.041005
4 0.812872 0.401455 0.052083 0.034392
4 0.827195 0.420304 0.053199 0.035053
4 0.869606 0.396825 0.045015 0.038360
0 0.112537 0.270833 0.225074 0.248016
0 0.548177 0.628307 0.391741 0.255291
1 0.086310 0.697090 0.019345 0.060847
1 0.052827 0.709656 0.019345 0.054233
3 0.276600 0.664683 0.028646 0.030423
2 0.273624 0.649802 0.015253 0.050926
0 0.174107 0.697090 0.348214 0.170635
0 0.290551 0.551587 0.128720 0.097884
3 0.197731 0.557540 0.026414 0.027778
2 0.194754 0.540344 0.015253 0.033069
3 0.137091 0.541997 0.025670 0.029762
2 0.134673 0.527447 0.013393 0.029762
1 0.177269 0.578042 0.014509 0.039683
3 0.696615 0.721561 0.023438 0.054233
2 0.699591 0.709987 0.014509 0.057540
10 0.760045 0.843585 0.030506 0.058862
1 0.813058 0.793981 0.017485 0.077381
1 0.840588 0.836640 0.024182 0.071429
1 0.811012 0.904101 0.021577 0.070106
1 0.877604 0.809193 0.016369 0.077381
1 0.891183 0.796627 0.022693 0.078704
7 0.835938 0.936508 0.049107 0.054233
3 0.885975 0.964616 0.029390 0.065476
3 0.663504 0.807540 0.026414 0.054233
2 0.665551 0.791667 0.018601 0.064815
1 0.832589 0.632275 0.014881 0.056878
1 0.822917 0.628968 0.011905 0.056878
0 0.401972 0.365410 0.300967 0.087963
1 0.907924 0.800595 0.019717 0.068122
1 0.817522 0.701389 0.014509 0.061508
1 0.826079 0.700728 0.014509 0.064153
1 0.784412 0.575728 0.016741 0.049603
1 0.892671 0.669643 0.015997 0.068122
3 0.628162 0.918981 0.044271 0.053571
3 0.782552 0.887897 0.033854 0.061508
3 0.803385 0.904431 0.033854 0.056217
