4 0.095982 0.934854 0.078869 0.127646
4 0.193266 0.905423 0.078497 0.133598
4 0.265997 0.853505 0.078869 0.114418
4 0.336682 0.827381 0.075149 0.108466
4 0.380394 0.760251 0.072545 0.095899
4 0.332589 0.962632 0.093006 0.072090
6 0.444568 0.953042 0.118304 0.091270
5 0.482515 0.893188 0.100446 0.132937
4 0.268415 0.593915 0.038318 0.060847
4 0.710938 0.512235 0.069940 0.052249
4 0.623698 0.517857 0.079241 0.059524
4 0.130766 0.394841 0.046503 0.033069
4 0.563244 0.463955 0.061012 0.045635
4 0.635789 0.445767 0.060268 0.043651
4 0.022507 0.464947 0.042039 0.043651
4 0.409412 0.477183 0.059152 0.042989
4 0.468006 0.456680 0.057292 0.042989
4 0.236421 0.485119 0.064360 0.042989
4 0.245722 0.468585 0.061384 0.040344
4 0.199033 0.419312 0.052083 0.044974
4 0.107515 0.505291 0.075893 0.050265
4 0.083891 0.480489 0.065848 0.049603
4 0.087798 0.373677 0.024554 0.034392
9 0.099330 0.428571 0.137649 0.075397
4 0.426153 0.411045 0.056920 0.037698
4 0.497024 0.410384 0.051339 0.035053
9 0.411272 0.424603 0.126860 0.091270
4 0.231027 0.436839 0.049107 0.037698
4 0.305246 0.417989 0.052455 0.039683
4 0.559896 0.403439 0.054315 0.039683
4 0.658668 0.394841 0.059152 0.039683
4 0.588728 0.426587 0.055432 0.038360
4 0.735491 0.374339 0.052083 0.034392
4 0.730283 0.395172 0.049107 0.035053
4 0.789993 0.369709 0.045015 0.034392
0 0.060082 0.259590 0.120164 0.248016
0 0.448289 0.617725 0.344494 0.253968
1 0.066220 0.672619 0.019345 0.060847
1 0.010045 0.699074 0.019345 0.054233
0 0.172247 0.709656 0.209821 0.169312
0 0.228795 0.540344 0.107887 0.097884
3 0.154204 0.532738 0.025670 0.029762
2 0.149926 0.520172 0.012649 0.040344
1 0.143787 0.573082 0.013021 0.040344
3 0.602493 0.664021 0.023438 0.054233
2 0.603237 0.654431 0.014509 0.057540
10 0.687128 0.806548 0.030506 0.058862
1 0.749070 0.745040 0.017485 0.077381
1 0.766555 0.786376 0.018229 0.070106
1 0.723772 0.869048 0.021205 0.070106
1 0.779018 0.724537 0.015625 0.068122
1 0.794085 0.717923 0.017485 0.078704
7 0.767113 0.885582 0.049107 0.054233
3 0.811942 0.908069 0.029390 0.066138
10 0.836124 0.921958 0.026414 0.097884
1 0.916481 0.843585 0.029390 0.074735
1 0.910528 0.793981 0.027158 0.066799
2 0.945312 0.786045 0.021577 0.046958
2 0.928199 0.777447 0.019345 0.040344
10 0.866629 0.942460 0.047247 0.096561
3 0.560082 0.728175 0.026414 0.054233
2 0.559710 0.713294 0.018229 0.064153
1 0.756882 0.591270 0.015253 0.056878
1 0.748140 0.589286 0.011905 0.056878
0 0.312314 0.352183 0.300967 0.087963
1 0.715402 0.635251 0.011905 0.053571
1 0.828125 0.742063 0.016369 0.066138
1 0.749442 0.687500 0.014509 0.061508
1 0.758743 0.683532 0.014509 0.064153
1 0.745908 0.540675 0.016369 0.049603
1 0.648624 0.547619 0.011533 0.048942
1 0.820871 0.627976 0.015997 0.068122
3 0.563058 0.881944 0.044271 0.053571
3 0.712984 0.840939 0.028646 0.054894
3 0.728237 0.853505 0.030134 0.042989
