4 0.134487 0.934193 0.075521 0.128968
4 0.228423 0.906746 0.075149 0.130952
4 0.299293 0.860119 0.076265 0.114418
4 0.369048 0.834987 0.073661 0.109127
4 0.412760 0.769511 0.071801 0.098545
6 0.471540 0.959656 0.112723 0.078042
5 0.511719 0.906415 0.098586 0.135582
4 0.300595 0.600198 0.033482 0.061508
4 0.742560 0.530093 0.069940 0.052249
4 0.656436 0.534392 0.079241 0.059524
4 0.174665 0.402116 0.046503 0.033069
5 0.767113 0.462963 0.069940 0.059524
4 0.521949 0.481151 0.061012 0.045635
4 0.585379 0.461971 0.059152 0.044312
4 0.097842 0.464286 0.065476 0.038360
4 0.375000 0.487434 0.058036 0.043651
4 0.421131 0.466931 0.057292 0.042328
4 0.211868 0.492394 0.064360 0.042989
4 0.221540 0.471561 0.060640 0.039683
4 0.042783 0.450066 0.060268 0.040344
4 0.252790 0.424272 0.048735 0.044312
4 0.087798 0.510582 0.075893 0.050265
4 0.071429 0.483796 0.063244 0.041667
4 0.128348 0.382937 0.024554 0.034392
9 0.179688 0.429894 0.134673 0.075397
4 0.473400 0.422950 0.056920 0.037698
4 0.548549 0.416336 0.050223 0.035053
9 0.478981 0.433201 0.126860 0.091270
4 0.310826 0.439484 0.047991 0.037698
4 0.359189 0.423611 0.049479 0.039021
4 0.615699 0.413690 0.054315 0.040344
4 0.700335 0.406415 0.059152 0.040344
4 0.658668 0.437169 0.059896 0.038360
4 0.771577 0.388228 0.052083 0.034392
4 0.777716 0.409061 0.053199 0.035053
4 0.824591 0.381614 0.045015 0.038360
0 0.088356 0.268849 0.176711 0.248016
0 0.508371 0.622685 0.389509 0.255952
1 0.071429 0.687169 0.019345 0.060847
1 0.024554 0.708333 0.019345 0.054233
3 0.263207 0.652116 0.028646 0.030423
2 0.260975 0.637897 0.015253 0.050926
0 0.155320 0.701058 0.310640 0.170635
0 0.264137 0.545635 0.107887 0.097884
3 0.196987 0.552249 0.026414 0.027778
2 0.195499 0.534722 0.015253 0.032407
3 0.138951 0.539352 0.025670 0.029762
2 0.135789 0.530093 0.012649 0.040344
1 0.154948 0.578042 0.014509 0.039683
3 0.647507 0.691799 0.023438 0.054233
2 0.648251 0.679563 0.014509 0.057540
10 0.717634 0.823082 0.030506 0.058862
1 0.772879 0.773479 0.017485 0.077381
1 0.798549 0.810185 0.018229 0.070106
1 0.758371 0.883598 0.021205 0.070106
1 0.821429 0.761574 0.015625 0.068122
1 0.835379 0.752315 0.017485 0.078704
7 0.793899 0.909061 0.049107 0.053571
3 0.842076 0.931878 0.029390 0.066138
3 0.602865 0.763889 0.026414 0.054233
2 0.604725 0.750992 0.018229 0.064153
1 0.791481 0.609458 0.015253 0.057540
1 0.779762 0.607143 0.011905 0.056878
0 0.349516 0.354167 0.300967 0.087963
1 0.721168 0.643188 0.015997 0.053571
1 0.861979 0.770833 0.019345 0.068122
1 0.779204 0.692791 0.014509 0.061508
1 0.785900 0.690807 0.014509 0.064153
1 0.760231 0.559854 0.016741 0.049603
1 0.854725 0.649140 0.015997 0.068122
3 0.593192 0.899140 0.044271 0.053571
3 0.743862 0.864749 0.028646 0.054894
3 0.760975 0.877315 0.030134 0.042989
