4 0.065290 0.935847 0.081473 0.125661
4 0.166853 0.906085 0.079985 0.133598
4 0.239211 0.851190 0.078869 0.113757
4 0.311012 0.822090 0.075149 0.108466
4 0.355655 0.754960 0.074405 0.095899
4 0.311012 0.959325 0.097470 0.078704
6 0.424107 0.948082 0.122768 0.101190
5 0.460565 0.882937 0.101935 0.130952
4 0.242560 0.592262 0.039435 0.061508
4 0.683408 0.501653 0.063988 0.050926
4 0.597098 0.508598 0.078869 0.059524
4 0.085007 0.391534 0.046503 0.033069
4 0.593750 0.451058 0.061012 0.044974
4 0.671131 0.431217 0.060268 0.043651
4 0.433222 0.469577 0.059152 0.043651
4 0.503906 0.445437 0.056920 0.042989
4 0.270461 0.478505 0.063988 0.042989
4 0.272879 0.461971 0.061384 0.040344
4 0.157738 0.418320 0.055060 0.045635
4 0.127232 0.500661 0.075893 0.050265
4 0.095982 0.478505 0.066964 0.052249
4 0.050781 0.369048 0.027902 0.034392
9 0.051153 0.423942 0.102307 0.075397
4 0.379464 0.405754 0.057292 0.037698
4 0.454427 0.404101 0.053199 0.034392
9 0.359375 0.419312 0.127232 0.091270
4 0.015253 0.506614 0.030506 0.041005
4 0.166853 0.437169 0.054688 0.038360
4 0.261905 0.415344 0.052083 0.039683
4 0.519345 0.397487 0.046875 0.039683
4 0.619234 0.391534 0.059152 0.039683
4 0.535528 0.420304 0.049479 0.037698
4 0.712426 0.362434 0.052083 0.034392
4 0.692522 0.384921 0.047247 0.034392
4 0.760975 0.358796 0.045015 0.032407
0 0.042783 0.252976 0.085565 0.248016
0 0.418341 0.613757 0.355283 0.252646
1 0.062128 0.666005 0.019345 0.060847
0 0.126488 0.658730 0.055804 0.101852
0 0.222470 0.539021 0.107887 0.097884
1 0.132254 0.567791 0.012277 0.040344
3 0.689546 0.937831 0.047247 0.070106
1 0.688616 0.924934 0.025298 0.081349
10 0.717448 0.934193 0.047991 0.073413
2 0.716704 0.915344 0.022693 0.072751
10 0.664435 0.790675 0.030506 0.058862
1 0.727865 0.723214 0.016741 0.064153
1 0.739769 0.769180 0.018229 0.070106
1 0.699591 0.856151 0.021205 0.069444
1 0.748140 0.698082 0.015625 0.068122
1 0.760603 0.688823 0.017485 0.078704
7 0.735491 0.867063 0.049107 0.054233
3 0.784784 0.884921 0.029390 0.066138
10 0.807478 0.903439 0.026414 0.097884
1 0.862165 0.806217 0.029390 0.075397
1 0.881510 0.770172 0.027158 0.066799
2 0.908296 0.768188 0.021205 0.046958
2 0.895833 0.756283 0.019345 0.040344
10 0.840216 0.918981 0.047247 0.095899
3 0.919271 0.876653 0.046131 0.066799
2 0.923177 0.861111 0.030134 0.071429
3 0.529204 0.708995 0.026414 0.054233
2 0.528460 0.692791 0.018229 0.064153
1 0.726562 0.576720 0.011905 0.056878
1 0.720238 0.578042 0.011905 0.056878
0 0.295015 0.348545 0.318452 0.087302
1 0.707961 0.630622 0.012649 0.056217
1 0.800037 0.719907 0.014509 0.061508
1 0.727865 0.686839 0.014509 0.061508
1 0.734561 0.682870 0.014509 0.064153
1 0.728981 0.524802 0.012277 0.049603
1 0.625930 0.539352 0.011533 0.049603
1 0.793713 0.614749 0.015997 0.068122
3 0.540737 0.870701 0.044271 0.053571
3 0.688430 0.826389 0.028646 0.054894
3 0.703311 0.837632 0.030134 0.042989
