4 0.193824 0.932209 0.070685 0.131614
4 0.284598 0.909722 0.070685 0.128968
4 0.352865 0.868056 0.072545 0.114418
4 0.420945 0.844907 0.071801 0.109127
4 0.465588 0.782738 0.071801 0.099868
5 0.566220 0.928571 0.098958 0.137566
4 0.361979 0.607804 0.033482 0.060847
4 0.805060 0.553241 0.069940 0.052249
4 0.715030 0.554894 0.078869 0.059524
4 0.023810 0.465939 0.047619 0.041667
4 0.248326 0.407077 0.046503 0.032407
4 0.816220 0.477513 0.060268 0.043651
5 0.717448 0.490079 0.070312 0.059524
4 0.488839 0.502315 0.061012 0.045635
4 0.542225 0.481481 0.058408 0.044974
4 0.116443 0.462302 0.059524 0.035714
4 0.230283 0.461640 0.057292 0.038360
4 0.346912 0.498677 0.056176 0.043651
4 0.023065 0.448082 0.046131 0.037698
4 0.260045 0.427249 0.046131 0.038360
4 0.373512 0.477183 0.057292 0.041667
4 0.204799 0.494378 0.064360 0.042989
4 0.208891 0.477183 0.058408 0.036376
4 0.169271 0.448413 0.051339 0.039683
4 0.341890 0.434854 0.049107 0.040344
4 0.085751 0.509921 0.074777 0.043651
4 0.080915 0.482474 0.058408 0.040344
4 0.202009 0.390873 0.024554 0.034392
9 0.306362 0.431217 0.123884 0.076720
4 0.549293 0.430225 0.056920 0.037698
4 0.638579 0.430886 0.050223 0.035053
9 0.586124 0.445106 0.129092 0.091270
4 0.008743 0.509921 0.017485 0.038360
4 0.439918 0.446429 0.047991 0.038360
4 0.449219 0.431217 0.046503 0.038360
4 0.701637 0.432209 0.054315 0.040344
4 0.772135 0.424934 0.059152 0.040344
4 0.762463 0.453373 0.059896 0.041667
4 0.839100 0.408069 0.057664 0.034392
4 0.857329 0.426918 0.053199 0.035053
4 0.895089 0.405423 0.045387 0.038360
0 0.116815 0.270833 0.233631 0.248016
0 0.574591 0.629630 0.391741 0.255291
1 0.094122 0.702050 0.019345 0.061508
1 0.068080 0.705688 0.019345 0.054233
3 0.285900 0.668651 0.028646 0.030423
2 0.280506 0.654431 0.014881 0.050926
0 0.188802 0.699735 0.377604 0.170635
0 0.307292 0.549603 0.140625 0.093915
3 0.202567 0.561839 0.026414 0.027116
2 0.198289 0.541005 0.015625 0.033069
3 0.142671 0.541997 0.025670 0.029762
2 0.140253 0.526786 0.013393 0.029762
1 0.190290 0.583995 0.014509 0.039683
3 0.724888 0.737434 0.023438 0.054233
2 0.729353 0.725860 0.014509 0.057540
10 0.781622 0.856812 0.030506 0.058862
1 0.835379 0.809854 0.017485 0.077381
1 0.863653 0.851852 0.024182 0.071429
1 0.837426 0.917328 0.021577 0.070106
1 0.909598 0.827712 0.016369 0.077381
1 0.922247 0.820437 0.022321 0.078704
3 0.696057 0.835648 0.026786 0.054894
2 0.697359 0.819444 0.018973 0.064815
1 0.858259 0.642526 0.014881 0.053571
1 0.845610 0.640873 0.011905 0.056878
0 0.423921 0.365410 0.300967 0.087963
1 0.934710 0.819444 0.019717 0.067460
1 0.839100 0.709325 0.014509 0.061508
1 0.849144 0.705357 0.014509 0.064153
1 0.798549 0.588294 0.016741 0.049603
1 0.914621 0.678241 0.015997 0.068122
3 0.647879 0.928902 0.044271 0.054894
3 0.804874 0.903770 0.033854 0.061508
3 0.826823 0.922288 0.033854 0.056217
