4 0.389137 0.762566 0.046875 0.087302
4 0.453869 0.759259 0.052083 0.084656
4 0.504836 0.744378 0.051339 0.081349
4 0.558594 0.742063 0.053943 0.075397
4 0.598400 0.708003 0.054688 0.070767
4 0.418527 0.875661 0.059524 0.121693
4 0.485863 0.859458 0.061756 0.115741
4 0.545945 0.853175 0.067336 0.113757
6 0.628162 0.879299 0.086682 0.143519
5 0.668527 0.819775 0.076637 0.101190
4 0.603795 0.975198 0.069196 0.045635
4 0.756510 0.962302 0.097842 0.072751
4 0.524368 0.576720 0.030134 0.046296
4 0.947173 0.589616 0.072173 0.048280
4 0.848028 0.574074 0.068824 0.044974
4 0.736049 0.515212 0.053199 0.048942
4 0.887463 0.529762 0.065848 0.038360
4 0.983445 0.524140 0.031622 0.045635
4 0.811570 0.504960 0.057664 0.037698
4 0.604539 0.496693 0.055804 0.038360
4 0.617001 0.481481 0.055432 0.035714
4 0.480655 0.454696 0.049107 0.032407
4 0.405320 0.434193 0.044271 0.029762
4 0.517299 0.431878 0.047247 0.027778
4 0.497582 0.470569 0.047247 0.037698
5 0.466332 0.475529 0.055432 0.048942
4 0.371838 0.464947 0.050223 0.035714
4 0.393043 0.458003 0.053943 0.035053
4 0.555246 0.462963 0.046503 0.038360
4 0.641927 0.471892 0.047247 0.032407
4 0.278646 0.458333 0.046875 0.039683
4 0.503906 0.442791 0.043527 0.031085
4 0.572359 0.437831 0.041295 0.033069
4 0.285342 0.444775 0.045387 0.036376
4 0.247024 0.431217 0.045387 0.038360
4 0.277344 0.421296 0.038318 0.033069
4 0.610863 0.457341 0.046131 0.032407
4 0.627604 0.441138 0.046131 0.034392
4 0.342820 0.434524 0.042039 0.034392
4 0.432292 0.420635 0.033482 0.029101
4 0.699219 0.453373 0.038318 0.035053
4 0.127046 0.414683 0.043527 0.033069
4 0.203497 0.418651 0.030506 0.026455
0 0.252790 0.277447 0.364955 0.246693
0 0.668713 0.616071 0.216890 0.221561
0 0.035528 0.334656 0.071057 0.154762
1 0.031808 0.765542 0.013021 0.053571
11 0.034412 0.724868 0.021949 0.060847
1 0.023251 0.678571 0.012277 0.041005
1 0.160900 0.622685 0.016741 0.048280
1 0.068638 0.674934 0.013021 0.044312
1 0.078683 0.659722 0.013021 0.046958
1 0.087054 0.689153 0.015625 0.047619
1 0.206287 0.615741 0.015997 0.043651
1 0.131138 0.678571 0.015997 0.048942
1 0.164249 0.670635 0.018229 0.048942
1 0.150112 0.651786 0.015253 0.052249
3 0.303757 0.608796 0.025670 0.024471
2 0.302269 0.594907 0.011533 0.040344
0 0.372024 0.639881 0.372768 0.115741
0 0.409970 0.510582 0.343750 0.097884
0 0.888207 0.770172 0.222842 0.453042
0 0.598400 0.376653 0.198289 0.087963
