4 0.383185 0.710979 0.043899 0.074074
4 0.441592 0.709325 0.046131 0.072090
4 0.489025 0.696429 0.046503 0.071429
4 0.538504 0.694114 0.047991 0.073413
4 0.575707 0.666667 0.050967 0.064815
4 0.412574 0.806548 0.055060 0.103836
4 0.472470 0.792328 0.055060 0.097884
4 0.526414 0.787698 0.061756 0.093915
6 0.602121 0.809524 0.077009 0.124339
5 0.636905 0.758929 0.066964 0.087963
4 0.448103 0.954696 0.067336 0.086640
4 0.518787 0.935185 0.062872 0.105820
4 0.582031 0.918981 0.068824 0.107804
4 0.659040 0.936839 0.080729 0.113095
4 0.712240 0.903439 0.085938 0.116402
4 0.773810 0.985119 0.084821 0.025794
4 0.510045 0.555556 0.030506 0.043651
4 0.897321 0.560185 0.072917 0.044974
4 0.808780 0.546296 0.063988 0.043651
4 0.637277 0.488426 0.052083 0.037698
4 0.756324 0.498677 0.054315 0.039683
4 0.832775 0.491733 0.050967 0.033730
4 0.696243 0.476852 0.047991 0.034392
4 0.520461 0.474537 0.051339 0.035053
4 0.532738 0.458664 0.049851 0.032407
4 0.495722 0.444775 0.046503 0.032407
4 0.437314 0.428241 0.044271 0.029762
4 0.514323 0.424603 0.047247 0.027778
4 0.439732 0.450066 0.043155 0.032407
5 0.408110 0.454034 0.052827 0.040344
4 0.326637 0.448413 0.047619 0.034392
4 0.357515 0.438823 0.045387 0.031085
4 0.562500 0.454365 0.042411 0.033069
4 0.649554 0.458333 0.046131 0.033069
4 0.240141 0.444114 0.042039 0.032407
4 0.531436 0.435516 0.043527 0.031085
4 0.565476 0.424934 0.039435 0.029762
4 0.381138 0.429894 0.039062 0.029101
4 0.434524 0.409722 0.037202 0.025794
4 0.691034 0.441468 0.038318 0.035053
4 0.169829 0.408399 0.043527 0.031085
4 0.239769 0.414021 0.029390 0.027778
0 0.264509 0.273148 0.333333 0.242063
0 0.642299 0.588294 0.216890 0.218915
0 0.056920 0.319775 0.078869 0.154101
1 0.053571 0.722884 0.011905 0.050265
11 0.051525 0.687831 0.019717 0.055556
1 0.041109 0.627315 0.011533 0.050926
1 0.064360 0.647817 0.012649 0.041667
1 0.044457 0.643519 0.017485 0.041005
1 0.141369 0.599868 0.017113 0.046296
1 0.099144 0.641865 0.013021 0.044312
1 0.100260 0.631283 0.013021 0.046958
1 0.131138 0.651124 0.015253 0.044312
1 0.196057 0.592923 0.014881 0.039021
1 0.167411 0.642526 0.011161 0.044312
1 0.194568 0.634921 0.014881 0.042328
1 0.188244 0.622354 0.015625 0.047619
3 0.269903 0.584656 0.025670 0.023810
2 0.268787 0.571759 0.011533 0.039021
0 0.373884 0.609127 0.316220 0.092593
0 0.376116 0.495370 0.343750 0.097884
0 0.875930 0.770172 0.247396 0.458333
0 0.597656 0.372024 0.178199 0.087963
