4 0.094308 0.914352 0.086682 0.136905
4 0.171689 0.854497 0.082961 0.119048
4 0.248698 0.818452 0.079241 0.107804
4 0.294643 0.743717 0.078125 0.094577
4 0.253348 0.960648 0.107887 0.077381
6 0.370164 0.944775 0.125744 0.109127
5 0.405878 0.871362 0.102679 0.130291
4 0.173735 0.587963 0.039435 0.064815
4 0.620350 0.485450 0.064360 0.050265
4 0.625744 0.429563 0.055060 0.042989
4 0.513207 0.438492 0.064360 0.043651
4 0.570871 0.417989 0.056176 0.039683
4 0.015439 0.409392 0.030878 0.043651
4 0.383371 0.454696 0.069568 0.049603
4 0.312314 0.447421 0.061384 0.052249
4 0.217262 0.411045 0.057292 0.037698
4 0.302827 0.398810 0.054315 0.038360
9 0.187128 0.421958 0.140625 0.092593
4 0.222656 0.472884 0.071057 0.044974
4 0.156250 0.459325 0.069940 0.052249
4 0.088728 0.479497 0.077009 0.043651
4 0.102307 0.416336 0.052083 0.045635
4 0.378162 0.393519 0.056176 0.038360
4 0.486235 0.383598 0.052083 0.038360
4 0.353051 0.420304 0.053571 0.040344
4 0.647135 0.351190 0.052455 0.034392
4 0.566778 0.376984 0.044271 0.034392
4 0.696243 0.344577 0.045015 0.033069
4 0.634859 0.369378 0.046503 0.037698
0 0.488281 0.639881 0.139509 0.240079
1 0.013021 0.666005 0.014137 0.058201
10 0.001860 0.636905 0.003720 0.039683
3 0.144903 0.566799 0.035342 0.038360
3 0.198847 0.548611 0.030134 0.032407
1 0.122582 0.637235 0.021205 0.061508
0 0.308408 0.671296 0.216518 0.145503
1 0.140997 0.551587 0.013393 0.039683
0 0.301339 0.540013 0.233631 0.132937
3 0.638207 0.907738 0.039807 0.068122
2 0.641183 0.892526 0.023438 0.080026
3 0.619048 0.854167 0.037202 0.062831
2 0.620908 0.842923 0.025298 0.069444
10 0.606957 0.765873 0.030134 0.059524
1 0.679129 0.692791 0.016741 0.065476
1 0.716890 0.782077 0.018601 0.062831
1 0.556176 0.830357 0.027530 0.077381
1 0.659040 0.610450 0.014509 0.055556
1 0.669829 0.603175 0.013021 0.056878
7 0.680804 0.835317 0.049107 0.054233
3 0.728981 0.848876 0.029390 0.066799
10 0.748326 0.864418 0.026414 0.097884
1 0.713728 0.693122 0.015253 0.062169
1 0.817894 0.734127 0.020461 0.066138
2 0.843192 0.729828 0.021205 0.046958
2 0.832031 0.716601 0.018973 0.040344
10 0.777344 0.880291 0.044271 0.096561
3 0.645089 0.725860 0.039435 0.053571
2 0.646949 0.711971 0.023065 0.052249
1 0.863653 0.762897 0.023438 0.072090
1 0.923549 0.933201 0.026414 0.084656
1 0.968192 0.900463 0.028646 0.086640
1 0.667783 0.556878 0.011905 0.056878
1 0.658854 0.556217 0.011905 0.051587
0 0.207403 0.340608 0.414807 0.088624
1 0.731957 0.630622 0.015253 0.056217
1 0.727865 0.680225 0.017485 0.061508
1 0.726376 0.728505 0.014509 0.062831
1 0.734189 0.725198 0.011533 0.066799
1 0.803385 0.966601 0.020461 0.065476
1 0.582775 0.541336 0.011533 0.049603
1 0.650112 0.541005 0.011533 0.044974
1 0.737909 0.598214 0.014509 0.058862
3 0.485305 0.856151 0.044271 0.053571
3 0.632254 0.797288 0.025670 0.049603
3 0.649368 0.808532 0.028646 0.042989
