4 0.397135 0.854828 0.053199 0.111772
4 0.472656 0.852513 0.056176 0.108466
4 0.533482 0.832672 0.061012 0.101852
4 0.595052 0.830357 0.062872 0.097222
4 0.641927 0.788029 0.066592 0.091931
4 0.427455 0.963624 0.066964 0.072751
4 0.509115 0.955688 0.068824 0.085979
4 0.581287 0.954365 0.077009 0.088624
6 0.678571 0.966931 0.095982 0.064815
5 0.728237 0.931548 0.091146 0.117063
4 0.555432 0.618386 0.034226 0.054233
4 0.918341 0.619378 0.071801 0.048280
4 0.949405 0.569444 0.067708 0.048942
4 0.776414 0.546296 0.065476 0.043651
4 0.795573 0.530093 0.066592 0.044312
4 0.446987 0.465608 0.050223 0.034392
4 0.361421 0.444775 0.047247 0.036376
4 0.527716 0.445437 0.046503 0.032407
4 0.621094 0.506283 0.056920 0.037698
5 0.578683 0.509590 0.062128 0.052249
4 0.453869 0.496693 0.054315 0.039683
4 0.473400 0.486111 0.053199 0.038360
4 0.535900 0.477183 0.050967 0.037698
4 0.637463 0.491402 0.053943 0.033069
4 0.349888 0.484788 0.050967 0.043651
4 0.450335 0.452712 0.047247 0.039021
4 0.583519 0.454696 0.046503 0.037698
4 0.355097 0.466601 0.050967 0.040344
4 0.195871 0.435847 0.052455 0.038360
4 0.219680 0.427249 0.039807 0.033069
4 0.252232 0.467262 0.054315 0.042989
4 0.276228 0.454696 0.050223 0.035053
4 0.589844 0.471892 0.047247 0.035053
4 0.647321 0.463624 0.049107 0.039683
4 0.149740 0.465608 0.059896 0.043651
4 0.292225 0.442460 0.044271 0.035714
4 0.440662 0.424272 0.032366 0.031085
9 0.719122 0.469907 0.120536 0.077381
4 0.811942 0.482804 0.053943 0.038360
4 0.899368 0.487103 0.050223 0.035053
9 0.936942 0.508598 0.125372 0.091270
4 0.702567 0.462963 0.038318 0.035714
4 0.060826 0.419974 0.043527 0.033069
4 0.142113 0.424272 0.034226 0.031085
0 0.227307 0.287037 0.389881 0.248677
0 0.700707 0.659061 0.216890 0.221561
0 0.014695 0.336640 0.029390 0.154762
1 0.196987 0.660714 0.013021 0.052910
1 0.025484 0.726521 0.013021 0.049603
1 0.041853 0.713294 0.017485 0.052249
1 0.229167 0.656085 0.009673 0.047619
1 0.067150 0.739749 0.015997 0.054894
1 0.109003 0.729497 0.023065 0.054233
1 0.085007 0.700728 0.018229 0.058862
3 0.359189 0.643849 0.028646 0.029762
2 0.357515 0.630952 0.015625 0.039683
0 0.352865 0.696098 0.446801 0.139550
0 0.466146 0.541005 0.343750 0.097884
3 0.236421 0.529101 0.019717 0.022487
2 0.234933 0.518849 0.015253 0.032407
3 0.203683 0.508929 0.022693 0.021825
2 0.200893 0.499008 0.010417 0.028439
0 0.900484 0.787037 0.192336 0.425926
0 0.598958 0.382606 0.228423 0.087963
