4 0.022321 0.940807 0.044643 0.117063
4 0.108445 0.909061 0.084449 0.132937
4 0.184710 0.849868 0.082217 0.119048
4 0.259115 0.814815 0.077753 0.107143
4 0.304129 0.744378 0.077009 0.094577
4 0.257812 0.957341 0.107887 0.082672
6 0.372024 0.942460 0.125744 0.113757
5 0.407738 0.868056 0.102679 0.130291
4 0.175967 0.587963 0.039435 0.064815
4 0.622582 0.483135 0.064360 0.050926
4 0.697917 0.412698 0.057292 0.044974
4 0.527530 0.440146 0.055060 0.042989
4 0.603237 0.416997 0.056920 0.042989
4 0.391555 0.453704 0.064360 0.043651
4 0.407366 0.434854 0.061012 0.040344
4 0.049107 0.413690 0.058780 0.044312
4 0.234933 0.481481 0.075521 0.050265
4 0.170387 0.461971 0.066220 0.052249
4 0.271205 0.401124 0.057292 0.037698
4 0.341890 0.395833 0.054315 0.037698
9 0.231585 0.418320 0.138021 0.090608
4 0.067150 0.493056 0.072545 0.045635
4 0.033482 0.475860 0.063244 0.050926
4 0.152530 0.413690 0.052083 0.045635
4 0.418713 0.392196 0.046503 0.039683
4 0.516183 0.381614 0.052455 0.039683
4 0.407738 0.415013 0.052083 0.040344
4 0.643787 0.347222 0.052455 0.034392
4 0.601376 0.374008 0.047247 0.035053
4 0.693824 0.340278 0.045387 0.032407
4 0.659226 0.364087 0.046131 0.037698
0 0.403646 0.622685 0.267113 0.246693
10 0.105283 0.628307 0.040179 0.039683
3 0.110305 0.573743 0.035342 0.037698
3 0.161272 0.557209 0.030134 0.032407
1 0.072359 0.646164 0.021205 0.060847
0 0.154762 0.667989 0.228423 0.144180
1 0.110491 0.559854 0.013393 0.040344
0 0.226190 0.544974 0.088542 0.080688
3 0.524182 0.795966 0.037202 0.068122
1 0.524926 0.785053 0.022321 0.064815
10 0.522693 0.767196 0.037202 0.066138
2 0.521577 0.762897 0.022321 0.073413
10 0.607329 0.759921 0.030134 0.059524
1 0.675223 0.688823 0.016369 0.064153
1 0.692336 0.754299 0.018601 0.062831
1 0.607329 0.836971 0.021205 0.069444
1 0.670945 0.631614 0.014509 0.055556
1 0.678013 0.624339 0.015997 0.064815
7 0.677641 0.835317 0.049479 0.054233
3 0.726004 0.845569 0.029390 0.066799
10 0.746094 0.863757 0.026414 0.097884
1 0.748512 0.727844 0.016369 0.074735
1 0.816406 0.733796 0.027158 0.066799
2 0.843192 0.727844 0.021205 0.046958
2 0.829613 0.711310 0.019345 0.040344
10 0.776600 0.875992 0.047247 0.095899
3 0.732701 0.763558 0.039807 0.054894
2 0.734747 0.747685 0.025298 0.061508
1 0.884487 0.731151 0.023438 0.072090
1 0.939918 0.961310 0.026414 0.076058
1 0.667039 0.554894 0.011905 0.056878
1 0.659970 0.554563 0.011905 0.050926
0 0.244978 0.341601 0.413318 0.087963
1 0.699963 0.627315 0.015253 0.056217
1 0.731585 0.684193 0.017485 0.061508
1 0.697359 0.690807 0.014509 0.061508
1 0.702753 0.685516 0.014137 0.064153
1 0.797061 0.959656 0.020461 0.079365
1 0.694754 0.495040 0.012277 0.049603
1 0.580543 0.531415 0.011533 0.049603
1 0.737537 0.596230 0.015997 0.058862
3 0.484561 0.849537 0.044271 0.053571
3 0.631882 0.793320 0.025670 0.049603
3 0.647879 0.805886 0.028646 0.042989
