4 0.383929 0.635913 0.039435 0.065476
4 0.434896 0.633267 0.041667 0.060185
4 0.476190 0.623347 0.040923 0.060185
4 0.519345 0.622354 0.042411 0.060847
4 0.552455 0.601190 0.045387 0.054233
4 0.408296 0.707011 0.045759 0.085979
4 0.460565 0.695437 0.047619 0.078704
4 0.508185 0.692791 0.049851 0.073413
6 0.571243 0.705688 0.063616 0.100529
5 0.603237 0.669312 0.056176 0.070106
4 0.441220 0.833003 0.057292 0.105159
4 0.498698 0.799934 0.052455 0.081349
4 0.551711 0.790013 0.055804 0.085317
4 0.616629 0.803902 0.065104 0.093254
4 0.662574 0.776124 0.069196 0.087963
4 0.540179 0.919312 0.070685 0.116402
4 0.594866 0.882275 0.073661 0.111111
4 0.714658 0.872354 0.078869 0.104497
4 0.707403 0.949405 0.091146 0.098545
4 0.790365 0.961971 0.094122 0.073413
4 0.495536 0.518519 0.031250 0.038360
4 0.847470 0.515212 0.054315 0.044974
4 0.770275 0.504299 0.064360 0.042989
4 0.793713 0.468915 0.050967 0.044974
4 0.530320 0.446098 0.046503 0.037698
4 0.621280 0.453373 0.049107 0.036376
4 0.668713 0.450066 0.046503 0.033730
1 0.056920 0.857474 0.022321 0.076058
4 0.579055 0.438823 0.042783 0.035053
4 0.433966 0.437831 0.045015 0.031746
4 0.456473 0.426587 0.046131 0.031746
4 0.510603 0.421958 0.042039 0.027778
4 0.477307 0.411706 0.041667 0.031085
4 0.510603 0.403770 0.047247 0.027116
4 0.386533 0.419312 0.043155 0.033069
5 0.345796 0.421627 0.048735 0.041667
4 0.270089 0.416997 0.043155 0.032407
4 0.311012 0.411045 0.037202 0.028439
4 0.232887 0.391865 0.039435 0.032407
0 0.282366 0.266534 0.285714 0.235450
0 0.017671 0.516865 0.035342 0.216270
0 0.632999 0.551918 0.216890 0.180556
0 0.099144 0.317791 0.079241 0.154101
1 0.097470 0.641865 0.011905 0.048280
11 0.092820 0.618056 0.016741 0.049603
1 0.008743 0.715608 0.017485 0.060847
1 0.055060 0.587302 0.010417 0.042328
1 0.100446 0.583664 0.011905 0.048280
1 0.119420 0.589616 0.010417 0.042989
1 0.111235 0.582341 0.011905 0.041667
1 0.125744 0.553571 0.012649 0.047619
1 0.145461 0.585648 0.010417 0.036376
1 0.144717 0.569114 0.012649 0.040344
1 0.190290 0.589616 0.015253 0.044312
1 0.188244 0.547288 0.013393 0.039021
1 0.219494 0.582672 0.012649 0.041005
1 0.243118 0.577050 0.013021 0.042989
1 0.247582 0.566799 0.015997 0.047619
3 0.237909 0.542989 0.025670 0.023810
2 0.236235 0.529762 0.011905 0.031746
0 0.393787 0.544312 0.261533 0.093915
0 0.356585 0.465939 0.335193 0.080026
0 0.940104 0.767196 0.114583 0.461640
0 0.591890 0.352513 0.170387 0.087302
0 0.811942 0.676587 0.139509 0.300265
