4 0.165179 0.933201 0.072917 0.129630
4 0.257254 0.908069 0.072545 0.128307
4 0.326265 0.865410 0.073661 0.114418
4 0.395275 0.840278 0.071801 0.109127
4 0.439174 0.777447 0.071801 0.099868
6 0.496838 0.966270 0.107515 0.066138
5 0.540179 0.919643 0.098958 0.138228
4 0.332961 0.605159 0.033482 0.060847
4 0.774554 0.541336 0.069940 0.052249
4 0.684524 0.547619 0.078869 0.059524
4 0.215216 0.406085 0.046503 0.033069
4 0.835007 0.463955 0.059896 0.042989
5 0.734561 0.479497 0.070312 0.059524
4 0.497024 0.494378 0.061012 0.045635
4 0.556734 0.474868 0.058408 0.044974
4 0.058036 0.463955 0.057292 0.039021
4 0.171875 0.461640 0.059524 0.038360
4 0.353981 0.494709 0.056176 0.043651
4 0.227307 0.423280 0.046131 0.038360
4 0.384301 0.474206 0.057292 0.042328
4 0.207775 0.493717 0.064360 0.042989
4 0.214286 0.474868 0.059524 0.038360
4 0.112165 0.450066 0.053943 0.040344
4 0.301711 0.427579 0.049107 0.040344
4 0.083705 0.510913 0.076637 0.044312
4 0.073475 0.484458 0.059152 0.040344
4 0.168155 0.388228 0.024554 0.034392
9 0.249628 0.427910 0.125000 0.076720
4 0.506138 0.427249 0.056920 0.038360
4 0.600632 0.422950 0.050223 0.035053
9 0.538876 0.435185 0.126860 0.091270
4 0.003906 0.509921 0.007812 0.038360
4 0.382626 0.443783 0.047991 0.038360
4 0.409040 0.427249 0.046503 0.038360
4 0.665923 0.422950 0.054315 0.040344
4 0.736421 0.417328 0.058408 0.039683
4 0.717820 0.444114 0.059896 0.040344
4 0.806176 0.396825 0.052083 0.034392
4 0.818266 0.417659 0.053199 0.035053
4 0.861049 0.394841 0.045015 0.038360
0 0.111235 0.270833 0.222470 0.248016
0 0.539249 0.627646 0.391741 0.255291
1 0.082589 0.694444 0.019345 0.060847
1 0.047247 0.710979 0.019345 0.054233
3 0.273624 0.663360 0.028646 0.030423
2 0.271391 0.647817 0.015253 0.050926
0 0.168899 0.697090 0.337798 0.170635
0 0.286458 0.551587 0.122768 0.097884
3 0.196615 0.556217 0.026414 0.027778
2 0.193638 0.539021 0.015253 0.033069
3 0.135975 0.541336 0.025670 0.029762
2 0.133185 0.528770 0.013393 0.032407
1 0.172805 0.578704 0.014509 0.039683
3 0.687314 0.716931 0.023438 0.054233
2 0.689546 0.704696 0.014509 0.057540
10 0.752976 0.839616 0.030506 0.058862
1 0.804874 0.788690 0.017485 0.077381
1 0.831659 0.830688 0.024182 0.071429
1 0.802455 0.900132 0.021577 0.070106
1 0.867188 0.801257 0.016369 0.077381
1 0.880394 0.790013 0.022693 0.078704
7 0.828869 0.931878 0.049107 0.054233
3 0.877046 0.958995 0.029390 0.066138
3 0.652716 0.798280 0.026414 0.054233
2 0.655134 0.782407 0.018601 0.064815
1 0.825149 0.628307 0.014881 0.056878
1 0.814732 0.625000 0.011905 0.056878
0 0.393787 0.364087 0.300967 0.087963
1 0.900112 0.794643 0.019717 0.068122
1 0.810826 0.699405 0.014509 0.061508
1 0.818638 0.698743 0.014509 0.064153
1 0.779576 0.571759 0.016741 0.049603
1 0.885231 0.666336 0.015997 0.068122
3 0.621838 0.915675 0.044271 0.053571
3 0.775112 0.882606 0.033854 0.061508
3 0.795573 0.898479 0.033854 0.056217
