4 0.091332 0.918981 0.087426 0.140873
4 0.169085 0.858466 0.082961 0.119048
4 0.248140 0.822090 0.080357 0.108466
4 0.294457 0.747685 0.077753 0.094577
4 0.249628 0.962632 0.107887 0.073413
6 0.367560 0.946429 0.125744 0.105820
5 0.404018 0.874669 0.102679 0.130291
4 0.173735 0.589947 0.039435 0.066138
4 0.624070 0.486111 0.064360 0.050265
4 0.685268 0.423611 0.055060 0.042989
4 0.568080 0.435847 0.057292 0.043651
4 0.683222 0.406746 0.056176 0.039683
4 0.466332 0.448413 0.067336 0.048942
4 0.406064 0.438161 0.061384 0.052249
4 0.190476 0.415675 0.057292 0.037698
4 0.280506 0.400794 0.055804 0.038360
9 0.162946 0.422288 0.145089 0.091931
4 0.336310 0.462963 0.066220 0.043651
4 0.243676 0.454696 0.063988 0.052249
4 0.205543 0.472222 0.073289 0.043651
4 0.070499 0.497685 0.079241 0.053571
4 0.036830 0.475529 0.069940 0.050265
4 0.067336 0.414021 0.053571 0.044974
4 0.356213 0.394841 0.056176 0.038360
4 0.466332 0.390873 0.050967 0.039683
4 0.318266 0.423942 0.055432 0.039683
4 0.647135 0.351190 0.052455 0.034392
4 0.544829 0.380291 0.044271 0.034392
4 0.699033 0.345899 0.045387 0.033069
4 0.617188 0.374008 0.046131 0.037698
0 0.547805 0.645172 0.071057 0.245370
1 0.040923 0.658730 0.017857 0.056878
10 0.001860 0.636905 0.003720 0.039683
3 0.165737 0.559524 0.035342 0.038360
1 0.159970 0.633929 0.021577 0.061508
0 0.389137 0.663690 0.240327 0.143519
1 0.161272 0.546296 0.017485 0.038360
0 0.350632 0.531085 0.319568 0.133598
3 0.577753 0.854167 0.040179 0.068122
2 0.581287 0.843915 0.023438 0.080688
3 0.573847 0.815807 0.037574 0.062831
2 0.577753 0.799934 0.025298 0.069444
10 0.609189 0.771825 0.030134 0.059524
1 0.682106 0.700728 0.016741 0.065476
1 0.737909 0.801918 0.018229 0.070767
1 0.527158 0.827381 0.027530 0.076720
1 0.658854 0.594577 0.011905 0.052910
1 0.669457 0.594907 0.012277 0.057540
7 0.681548 0.844577 0.049107 0.054233
3 0.731585 0.856812 0.029390 0.066799
10 0.752790 0.872354 0.026414 0.097884
1 0.695126 0.678902 0.015253 0.062831
1 0.826451 0.742394 0.015997 0.066799
2 0.848772 0.735780 0.021205 0.046958
2 0.835007 0.722553 0.018973 0.040344
10 0.781808 0.891534 0.044271 0.096561
3 0.594866 0.720899 0.034970 0.052910
2 0.596168 0.705357 0.021949 0.052249
1 0.839100 0.775794 0.023438 0.071429
1 0.933222 0.926918 0.026414 0.085317
1 0.947545 0.891865 0.028274 0.087963
1 0.670759 0.558201 0.011905 0.056878
1 0.662574 0.557540 0.011905 0.051587
0 0.195685 0.341270 0.391369 0.089947
1 0.750930 0.625992 0.015253 0.056217
1 0.731585 0.688161 0.017485 0.061508
1 0.752418 0.759259 0.014509 0.066138
1 0.760231 0.756614 0.011533 0.072751
1 0.811198 0.973876 0.020461 0.050926
1 0.592820 0.551257 0.011533 0.049603
1 0.646763 0.557209 0.011533 0.045635
1 0.643415 0.544643 0.011533 0.045635
1 0.744234 0.603505 0.014509 0.058862
3 0.485677 0.860780 0.044271 0.053571
3 0.633743 0.804563 0.025670 0.049603
3 0.650112 0.815807 0.028646 0.042989
