4 0.129092 0.934193 0.075893 0.128968
4 0.223214 0.906415 0.075893 0.131614
4 0.294457 0.858796 0.077009 0.114418
4 0.364397 0.833995 0.074033 0.108466
4 0.408296 0.767857 0.071801 0.097884
4 0.356585 0.966270 0.088170 0.064815
6 0.467076 0.958664 0.113467 0.080026
5 0.506882 0.904431 0.098586 0.135582
4 0.296131 0.598876 0.033482 0.061508
4 0.738467 0.527447 0.069940 0.052249
4 0.650856 0.532407 0.079241 0.059524
4 0.169085 0.400132 0.046503 0.033069
5 0.774182 0.460317 0.069940 0.059524
4 0.529390 0.478175 0.061012 0.044974
4 0.592076 0.458995 0.059896 0.043651
4 0.085938 0.464286 0.066964 0.038360
4 0.380766 0.485119 0.059152 0.042989
4 0.427827 0.465278 0.057292 0.042989
4 0.212612 0.492394 0.064360 0.042989
4 0.222842 0.471230 0.061012 0.040344
4 0.033482 0.449405 0.055060 0.040344
4 0.245536 0.423611 0.048363 0.045635
4 0.090774 0.509921 0.075893 0.050265
4 0.073103 0.483135 0.063616 0.042989
4 0.122396 0.381614 0.024554 0.034392
9 0.168155 0.429894 0.135417 0.075397
4 0.467076 0.421627 0.056920 0.037698
4 0.541481 0.415675 0.050223 0.035053
9 0.469308 0.431878 0.126860 0.091270
4 0.299293 0.438823 0.047991 0.037698
4 0.351190 0.423280 0.050595 0.039683
4 0.607515 0.411045 0.054315 0.040344
4 0.692150 0.404101 0.053199 0.039683
4 0.648996 0.435847 0.059896 0.038360
4 0.766369 0.386243 0.052083 0.034392
4 0.772507 0.407077 0.053199 0.035053
4 0.817150 0.379630 0.045015 0.038360
0 0.081845 0.268188 0.163690 0.248016
0 0.497396 0.622354 0.377232 0.255291
1 0.071429 0.684524 0.019345 0.060847
1 0.021949 0.707011 0.019345 0.054233
3 0.262835 0.648810 0.028646 0.030423
2 0.260603 0.635913 0.015253 0.050926
0 0.153460 0.702381 0.306920 0.170635
0 0.258929 0.544312 0.107887 0.097884
3 0.141555 0.539352 0.025670 0.029762
2 0.138765 0.529431 0.012649 0.040344
1 0.153460 0.576720 0.014509 0.039683
3 0.641183 0.687831 0.023438 0.054233
2 0.641927 0.676257 0.014509 0.057540
10 0.712426 0.822421 0.030506 0.058862
1 0.769531 0.770833 0.017485 0.077381
1 0.794829 0.805556 0.018229 0.070106
1 0.751674 0.882275 0.021205 0.070106
1 0.815848 0.756283 0.015625 0.068122
1 0.829427 0.745701 0.017485 0.078704
7 0.787946 0.905093 0.049107 0.053571
3 0.837984 0.927249 0.029390 0.066138
3 0.596912 0.759921 0.026414 0.054233
2 0.598586 0.745701 0.018601 0.064153
1 0.786644 0.606481 0.015253 0.056878
1 0.774926 0.604497 0.011905 0.056878
0 0.343564 0.354167 0.300967 0.087963
1 0.720610 0.641865 0.014881 0.053571
1 0.857329 0.766865 0.018973 0.068122
1 0.775112 0.692130 0.014509 0.061508
1 0.781808 0.690146 0.014509 0.064153
1 0.759115 0.556548 0.016741 0.049603
1 0.849888 0.646495 0.015997 0.068122
3 0.588728 0.895833 0.044271 0.053571
3 0.739397 0.860780 0.028646 0.054894
3 0.756138 0.873347 0.030134 0.042989
