4 0.091146 0.919312 0.087798 0.141534
4 0.168713 0.859127 0.082961 0.119048
4 0.247954 0.822751 0.080729 0.108466
4 0.294457 0.748347 0.077753 0.094577
4 0.248884 0.963294 0.107887 0.072090
6 0.366815 0.946759 0.125744 0.105159
5 0.403646 0.875992 0.102679 0.130291
4 0.173735 0.589616 0.039435 0.066799
4 0.690476 0.422950 0.052083 0.042989
4 0.575521 0.435847 0.057292 0.043651
4 0.474144 0.447751 0.067336 0.048942
4 0.416109 0.436839 0.061384 0.052249
4 0.188616 0.415675 0.057292 0.037698
4 0.277344 0.400794 0.056176 0.038360
9 0.159970 0.422950 0.146577 0.091931
4 0.347842 0.460979 0.066220 0.043651
4 0.254836 0.453373 0.063988 0.052249
4 0.219680 0.470238 0.073289 0.043651
4 0.080171 0.496693 0.079241 0.054233
4 0.048735 0.474868 0.069940 0.050265
4 0.063430 0.413360 0.053943 0.044974
4 0.352865 0.394841 0.056176 0.038360
4 0.464100 0.390873 0.052455 0.039683
4 0.314546 0.424603 0.055432 0.039683
4 0.647135 0.351190 0.052455 0.034392
4 0.542225 0.380291 0.044271 0.034392
4 0.699405 0.346561 0.045387 0.033069
4 0.615141 0.374669 0.046503 0.037698
0 0.557292 0.645833 0.068452 0.245370
1 0.044271 0.657738 0.018601 0.056217
10 0.001860 0.636905 0.003720 0.039683
3 0.167969 0.559524 0.035342 0.038360
1 0.164435 0.633267 0.021577 0.061508
0 0.394903 0.663690 0.251116 0.143519
1 0.161272 0.546296 0.017485 0.038360
0 0.361607 0.531085 0.341518 0.133598
3 0.571429 0.848876 0.040179 0.068122
2 0.574963 0.837963 0.023438 0.080688
3 0.568080 0.810516 0.037202 0.062831
2 0.572545 0.795304 0.025298 0.069444
10 0.609561 0.772487 0.030134 0.059524
1 0.682106 0.700066 0.016741 0.065476
1 0.740141 0.804563 0.018229 0.070767
1 0.523810 0.826720 0.027530 0.076720
1 0.658668 0.593585 0.013021 0.053571
1 0.668899 0.593585 0.011905 0.057540
7 0.681920 0.845899 0.049107 0.054233
3 0.731585 0.858135 0.029390 0.066799
10 0.752790 0.873016 0.026414 0.097884
1 0.692150 0.678241 0.015253 0.061508
1 0.825521 0.743056 0.016369 0.066799
2 0.849516 0.736442 0.021205 0.046958
2 0.835379 0.723214 0.018973 0.040344
10 0.782180 0.892196 0.044271 0.096561
3 0.588914 0.720238 0.034226 0.052910
2 0.590030 0.704696 0.021577 0.052249
1 0.833147 0.774471 0.023438 0.071429
1 0.934710 0.927579 0.026414 0.085317
1 0.944940 0.890873 0.028274 0.087302
1 0.671131 0.558201 0.011905 0.056878
1 0.662574 0.557870 0.011905 0.050926
0 0.194382 0.341270 0.388765 0.089947
1 0.752790 0.625992 0.015253 0.056217
1 0.732329 0.688161 0.017485 0.061508
1 0.755394 0.763228 0.014509 0.067460
1 0.763207 0.760582 0.011533 0.074074
1 0.811198 0.973876 0.020461 0.050926
1 0.593192 0.551918 0.011533 0.049603
1 0.646019 0.558532 0.011533 0.045635
1 0.643043 0.546627 0.011533 0.045635
1 0.744234 0.603505 0.014509 0.058862
3 0.486049 0.861442 0.044271 0.053571
3 0.633743 0.805225 0.025670 0.049603
3 0.650484 0.816468 0.028646 0.042989
