4 0.383185 0.654762 0.040179 0.067460
4 0.435826 0.652447 0.042039 0.062831
4 0.478795 0.641865 0.042411 0.062831
4 0.523438 0.640212 0.043899 0.064815
4 0.557664 0.617725 0.046875 0.056878
4 0.409226 0.731481 0.048363 0.089947
4 0.462984 0.719246 0.049479 0.082672
4 0.512091 0.716270 0.053199 0.078042
6 0.578497 0.731481 0.066964 0.105820
5 0.610863 0.691468 0.058780 0.074735
4 0.441964 0.869378 0.059524 0.113095
4 0.501674 0.833664 0.053943 0.086640
4 0.557106 0.821759 0.058408 0.089286
4 0.624442 0.836310 0.068824 0.098545
4 0.672433 0.807209 0.073289 0.093254
4 0.545201 0.949074 0.071801 0.096561
4 0.603237 0.921627 0.077009 0.114418
4 0.728237 0.912368 0.082961 0.110450
4 0.719866 0.970899 0.090774 0.055556
4 0.497768 0.530423 0.031250 0.038360
4 0.856027 0.525132 0.054315 0.044974
4 0.778088 0.516204 0.064360 0.042989
4 0.833891 0.482143 0.050967 0.044974
4 0.551525 0.459987 0.047247 0.037698
4 0.647321 0.464616 0.049851 0.036376
4 0.701079 0.459987 0.049479 0.032407
1 0.034226 0.909392 0.022321 0.078042
4 0.604353 0.449405 0.044271 0.035053
4 0.450707 0.446759 0.047247 0.031085
4 0.470610 0.435516 0.046131 0.032407
4 0.506138 0.429894 0.042039 0.027778
4 0.467076 0.416997 0.041295 0.031085
4 0.509487 0.408069 0.047247 0.027778
4 0.395461 0.429233 0.043155 0.033069
5 0.358817 0.431548 0.049479 0.041667
4 0.282366 0.426918 0.043155 0.032407
4 0.321057 0.419974 0.037202 0.030423
4 0.684338 0.425926 0.045015 0.038360
4 0.214844 0.398479 0.039807 0.032407
4 0.282180 0.400132 0.029390 0.027778
0 0.277902 0.268188 0.297619 0.237434
0 0.010603 0.527447 0.021205 0.216270
0 0.635231 0.560847 0.216890 0.190476
0 0.089472 0.317791 0.079241 0.154101
1 0.086310 0.664352 0.011905 0.049603
11 0.083147 0.639881 0.016741 0.049603
1 0.038318 0.604167 0.014137 0.044312
1 0.084449 0.597553 0.011161 0.048280
1 0.103423 0.606481 0.013393 0.042328
1 0.091518 0.605820 0.013393 0.041005
1 0.127418 0.567130 0.013765 0.046958
1 0.131696 0.600198 0.010417 0.036376
1 0.131696 0.586640 0.012649 0.039683
1 0.174665 0.606812 0.015253 0.044312
1 0.187314 0.559854 0.011533 0.039021
1 0.204427 0.597553 0.011533 0.040344
1 0.230469 0.594246 0.013021 0.042989
1 0.232701 0.581349 0.015997 0.047619
3 0.244234 0.553571 0.025670 0.023810
2 0.241443 0.539352 0.011905 0.032407
0 0.380394 0.568122 0.266741 0.092593
0 0.354911 0.475198 0.343006 0.095899
0 0.923921 0.767857 0.147693 0.460317
0 0.593750 0.358466 0.170387 0.087302
0 0.795759 0.669312 0.107143 0.285714
