4 0.091704 0.918320 0.087426 0.140873
4 0.169457 0.857804 0.082961 0.119048
4 0.248140 0.821759 0.080357 0.107804
4 0.294457 0.747024 0.077753 0.094577
4 0.250372 0.962302 0.107887 0.074074
6 0.368676 0.946098 0.125744 0.106481
5 0.404762 0.873347 0.102679 0.130291
4 0.173921 0.590278 0.039062 0.065476
4 0.623698 0.486111 0.064360 0.050265
4 0.678199 0.424272 0.055060 0.042989
4 0.561012 0.435847 0.057292 0.043651
4 0.670201 0.407407 0.056176 0.039683
4 0.456659 0.448413 0.067336 0.048942
4 0.395275 0.438823 0.061384 0.052249
4 0.192336 0.415675 0.057292 0.037698
4 0.283482 0.400794 0.055060 0.038360
9 0.165923 0.422288 0.143601 0.091931
4 0.324777 0.465608 0.066220 0.043651
4 0.232515 0.456680 0.063988 0.052249
4 0.191034 0.473545 0.073289 0.043651
4 0.060826 0.498677 0.079241 0.052910
4 0.071429 0.414683 0.052827 0.044974
4 0.359561 0.394841 0.056176 0.038360
4 0.468750 0.389881 0.051339 0.040344
4 0.321987 0.423280 0.055432 0.039683
4 0.647135 0.351190 0.052455 0.034392
4 0.547805 0.379630 0.044271 0.034392
4 0.698847 0.345899 0.045015 0.033069
4 0.619420 0.373347 0.046131 0.037698
0 0.540551 0.644511 0.078869 0.244048
1 0.037574 0.659392 0.017857 0.056878
10 0.001860 0.636905 0.003720 0.039683
3 0.163504 0.559524 0.035342 0.038360
1 0.155878 0.634590 0.021577 0.061508
0 0.383557 0.663690 0.229911 0.143519
1 0.158854 0.546627 0.017113 0.039021
0 0.345424 0.531085 0.309152 0.133598
3 0.584449 0.860119 0.040179 0.068122
2 0.587984 0.849868 0.023438 0.080688
3 0.579427 0.820437 0.037574 0.062831
2 0.583333 0.803902 0.025298 0.069444
10 0.609189 0.771164 0.030134 0.059524
1 0.682106 0.698743 0.016741 0.065476
1 0.735677 0.799603 0.018229 0.071429
1 0.530878 0.828704 0.027530 0.076720
1 0.659040 0.595238 0.011533 0.051587
1 0.670015 0.596230 0.012649 0.057540
7 0.681548 0.843254 0.049107 0.054233
3 0.731585 0.855489 0.029390 0.066799
10 0.752790 0.871693 0.026414 0.097884
1 0.696801 0.681217 0.016369 0.062169
1 0.824963 0.740410 0.015997 0.066799
2 0.848028 0.734458 0.021205 0.046958
2 0.834449 0.721230 0.019345 0.040344
10 0.781808 0.890212 0.044271 0.096561
3 0.600632 0.721561 0.035342 0.052910
2 0.602121 0.706019 0.021949 0.052249
1 0.843564 0.775794 0.023438 0.071429
1 0.931362 0.926257 0.026414 0.085317
1 0.950149 0.892526 0.028274 0.087963
1 0.670387 0.558201 0.011905 0.056878
1 0.662202 0.557209 0.011905 0.050926
0 0.197173 0.341270 0.394345 0.089947
1 0.749070 0.625992 0.015253 0.056217
1 0.731213 0.687500 0.017485 0.061508
1 0.749442 0.755291 0.014509 0.066138
1 0.756882 0.752646 0.011533 0.072751
1 0.810454 0.972553 0.020461 0.053571
1 0.592448 0.551257 0.011533 0.049603
1 0.647507 0.555886 0.011533 0.045635
1 0.643787 0.542659 0.011533 0.045635
1 0.744234 0.603505 0.014509 0.058862
3 0.485677 0.860119 0.044271 0.053571
3 0.633371 0.803902 0.025670 0.049603
3 0.650112 0.815146 0.028646 0.042989
