4 0.053943 0.936508 0.080357 0.124339
4 0.155692 0.906746 0.080729 0.133598
4 0.228423 0.850198 0.078869 0.114418
4 0.300781 0.820106 0.075521 0.108466
4 0.345610 0.752315 0.075149 0.095899
4 0.301153 0.958003 0.099330 0.081349
6 0.414993 0.946429 0.124628 0.105820
5 0.450893 0.878968 0.102679 0.129630
4 0.230655 0.590608 0.039435 0.060847
4 0.671317 0.499669 0.064360 0.050926
4 0.584821 0.504299 0.078125 0.058862
4 0.067708 0.390212 0.046131 0.033069
4 0.608259 0.444444 0.061012 0.044974
4 0.687128 0.423942 0.060268 0.043651
4 0.444754 0.464947 0.059152 0.043651
4 0.518415 0.440807 0.056920 0.042989
4 0.286086 0.475198 0.063988 0.042989
4 0.285156 0.458664 0.061384 0.040344
4 0.139695 0.417659 0.056920 0.045635
4 0.138021 0.498677 0.075893 0.050265
4 0.102307 0.477183 0.066964 0.052249
4 0.034412 0.366402 0.030134 0.034392
9 0.036458 0.423280 0.072917 0.075397
4 0.357515 0.405093 0.057292 0.037698
4 0.435826 0.402116 0.053199 0.034392
9 0.337240 0.419312 0.129836 0.091270
4 0.019159 0.504960 0.038318 0.042989
4 0.138021 0.437831 0.055060 0.038360
4 0.243676 0.414683 0.052083 0.039683
4 0.502604 0.396164 0.046131 0.039683
4 0.605097 0.389220 0.059152 0.040344
4 0.513579 0.418981 0.049479 0.037698
4 0.697545 0.359127 0.052083 0.034392
4 0.676897 0.382275 0.047247 0.034392
4 0.748698 0.355159 0.045015 0.033069
0 0.037388 0.251653 0.074777 0.248016
0 0.404948 0.613426 0.359003 0.254630
1 0.059710 0.663360 0.020461 0.060847
0 0.130022 0.671296 0.089658 0.101852
0 0.201079 0.535714 0.094866 0.097884
1 0.127232 0.566138 0.013393 0.039683
3 0.659784 0.917328 0.044271 0.070106
1 0.661272 0.900463 0.024926 0.077381
10 0.681920 0.900794 0.046875 0.071429
2 0.684338 0.887897 0.022693 0.073413
10 0.654390 0.783399 0.030506 0.058862
1 0.716518 0.726852 0.017113 0.071429
1 0.728237 0.762566 0.018229 0.070106
1 0.688430 0.850529 0.021205 0.070106
1 0.735491 0.687500 0.015625 0.068122
1 0.746652 0.674934 0.017113 0.073413
7 0.726190 0.861772 0.049107 0.054233
3 0.773624 0.873347 0.029390 0.066799
10 0.794829 0.894841 0.026414 0.097884
1 0.839472 0.789683 0.029390 0.075397
1 0.867746 0.762897 0.027158 0.066799
2 0.894159 0.759590 0.021205 0.046958
2 0.882068 0.748347 0.019345 0.040344
10 0.830915 0.912368 0.047247 0.095899
3 0.884673 0.852844 0.046131 0.066799
2 0.889323 0.837963 0.030134 0.071429
1 0.952753 0.747685 0.023810 0.072090
1 0.715774 0.573413 0.011905 0.056878
1 0.708519 0.572751 0.011533 0.054233
0 0.281250 0.344907 0.372768 0.086640
1 0.704799 0.629299 0.014509 0.056217
1 0.789249 0.713955 0.014509 0.061508
1 0.719308 0.686839 0.014509 0.061508
1 0.726749 0.682870 0.014509 0.064153
1 0.720796 0.518188 0.012277 0.049603
1 0.615885 0.536706 0.011533 0.049603
1 0.781064 0.610119 0.015997 0.068122
3 0.530692 0.865410 0.044271 0.053571
3 0.679688 0.820767 0.027530 0.052910
3 0.694940 0.831680 0.029762 0.042989
