4 0.337612 0.932870 0.061384 0.132937
4 0.422991 0.925265 0.064732 0.129630
4 0.490327 0.895172 0.069196 0.119709
4 0.558408 0.888889 0.069940 0.115079
4 0.606027 0.830357 0.073661 0.105159
5 0.699777 0.963955 0.090774 0.072090
4 0.507999 0.636243 0.033110 0.060847
4 0.889881 0.629299 0.089286 0.058862
4 0.916481 0.565146 0.074033 0.050926
4 0.946615 0.548280 0.073289 0.044974
4 0.313430 0.466601 0.055432 0.031085
4 0.227679 0.447090 0.050595 0.034392
4 0.441220 0.436177 0.046131 0.032407
4 0.726935 0.529101 0.060268 0.043651
5 0.658854 0.533399 0.069940 0.062831
4 0.482887 0.519511 0.058036 0.045635
4 0.513579 0.508929 0.059152 0.037698
4 0.403460 0.476521 0.050967 0.037698
4 0.522135 0.487434 0.053943 0.038360
4 0.370722 0.509921 0.053943 0.044974
4 0.311942 0.451058 0.053199 0.038360
4 0.496094 0.454365 0.046503 0.038360
4 0.367374 0.489749 0.053199 0.042989
4 0.048735 0.446759 0.057292 0.041667
4 0.048177 0.436177 0.050967 0.032407
4 0.244606 0.493386 0.056920 0.043651
4 0.268787 0.478175 0.052455 0.038360
4 0.456845 0.471230 0.048363 0.036376
4 0.571243 0.455026 0.049479 0.039683
4 0.141741 0.496362 0.060268 0.042989
4 0.135045 0.467262 0.052083 0.036376
4 0.144345 0.452381 0.048363 0.038360
4 0.374256 0.416997 0.024554 0.029762
9 0.595424 0.465608 0.128348 0.076720
4 0.753348 0.480489 0.057292 0.037698
4 0.829799 0.476190 0.050223 0.034392
9 0.845238 0.501984 0.152530 0.091270
9 0.045201 0.546627 0.090402 0.136905
4 0.740141 0.493717 0.052455 0.042989
4 0.668527 0.472553 0.037202 0.037698
4 0.916295 0.499339 0.049107 0.041005
0 0.192150 0.305225 0.384301 0.214947
0 0.703497 0.669643 0.304315 0.220238
1 0.175595 0.713294 0.019345 0.061508
1 0.186384 0.704696 0.019345 0.053571
3 0.352865 0.687500 0.028646 0.029762
2 0.350446 0.669312 0.014881 0.050265
0 0.270089 0.745040 0.524554 0.171296
0 0.441964 0.561839 0.343750 0.098545
3 0.241629 0.562500 0.026414 0.027116
2 0.240327 0.544643 0.015625 0.032407
3 0.197359 0.539352 0.022693 0.021825
2 0.194196 0.525463 0.013393 0.029762
0 0.600260 0.390542 0.262277 0.087963
