4 0.036272 0.938823 0.067336 0.119709
4 0.132440 0.908069 0.081101 0.133598
4 0.207217 0.850860 0.080357 0.118386
4 0.280692 0.817130 0.077009 0.107804
4 0.326265 0.747024 0.075149 0.095899
4 0.280506 0.957672 0.103423 0.082011
6 0.394531 0.944444 0.125372 0.109788
5 0.430432 0.873677 0.102679 0.129630
4 0.205729 0.587632 0.039435 0.061508
4 0.648624 0.487765 0.064360 0.050926
4 0.564732 0.502315 0.078125 0.058862
4 0.027902 0.386574 0.051339 0.036376
4 0.647879 0.434193 0.060640 0.045635
4 0.729911 0.412037 0.060268 0.043651
4 0.485305 0.454365 0.059152 0.043651
4 0.553757 0.429894 0.056920 0.043651
4 0.335565 0.467262 0.063988 0.042989
4 0.335007 0.448743 0.061384 0.040344
4 0.101004 0.414021 0.056920 0.044974
4 0.173363 0.492063 0.075893 0.050265
4 0.125372 0.471892 0.066964 0.052249
4 0.321801 0.401124 0.057292 0.037698
4 0.393973 0.398479 0.053571 0.033730
9 0.289249 0.417328 0.132812 0.091270
4 0.028460 0.500992 0.056920 0.046958
4 0.014137 0.483796 0.028274 0.042989
4 0.073289 0.438492 0.055060 0.038360
4 0.202009 0.414683 0.052083 0.044974
4 0.463356 0.394841 0.046503 0.039683
4 0.562686 0.384921 0.050967 0.039683
4 0.462612 0.418320 0.050967 0.039021
4 0.674107 0.355159 0.052083 0.034392
4 0.645275 0.378307 0.047247 0.034392
4 0.726562 0.350860 0.045387 0.032407
4 0.705357 0.372354 0.046131 0.037037
0 0.024182 0.249669 0.048363 0.248016
0 0.380952 0.612434 0.370536 0.255291
1 0.059524 0.656746 0.021577 0.060847
0 0.085379 0.673280 0.116443 0.129630
1 0.120536 0.563823 0.013393 0.040344
3 0.596726 0.858796 0.037202 0.069444
1 0.596726 0.841931 0.022321 0.064815
10 0.607701 0.837963 0.043527 0.066138
2 0.605097 0.825066 0.022693 0.073413
10 0.632812 0.772156 0.030506 0.058862
1 0.703497 0.701058 0.015625 0.060847
1 0.707031 0.754630 0.018229 0.067460
1 0.657180 0.844907 0.021205 0.069444
1 0.706473 0.663690 0.015625 0.068122
1 0.714472 0.648810 0.016741 0.066138
7 0.700335 0.845899 0.049479 0.054233
3 0.748698 0.864087 0.029390 0.066799
10 0.769531 0.874339 0.026414 0.097884
1 0.791295 0.762566 0.027530 0.075397
1 0.842820 0.747685 0.027158 0.066799
2 0.866629 0.743056 0.021205 0.046958
2 0.852679 0.729167 0.019345 0.040344
10 0.801153 0.896495 0.047247 0.095899
3 0.812872 0.810516 0.046131 0.066799
2 0.811756 0.796627 0.029762 0.069444
1 0.914621 0.735780 0.023438 0.072090
1 0.696057 0.566799 0.011905 0.056878
1 0.687686 0.565146 0.011533 0.050926
0 0.303385 0.342262 0.336682 0.087963
1 0.703311 0.627315 0.016741 0.056217
1 0.767671 0.700728 0.014509 0.061508
1 0.705543 0.687500 0.014509 0.061508
1 0.713728 0.683532 0.014509 0.064153
1 0.830543 0.965939 0.020461 0.065476
1 0.707403 0.503638 0.012277 0.049603
1 0.593936 0.532738 0.011533 0.049603
1 0.757626 0.601521 0.015997 0.068122
3 0.509115 0.856151 0.044271 0.053571
3 0.658668 0.807209 0.025670 0.049603
3 0.674851 0.818452 0.029018 0.042989
