4 0.123512 0.934193 0.076637 0.128968
4 0.218192 0.906085 0.076265 0.132275
4 0.289807 0.857474 0.077381 0.114418
4 0.359747 0.832672 0.074405 0.108466
4 0.403460 0.766534 0.071801 0.097884
4 0.352493 0.965608 0.088914 0.066138
6 0.463170 0.957672 0.114583 0.082011
5 0.502604 0.902116 0.098958 0.134921
4 0.291667 0.597553 0.033482 0.061508
4 0.734375 0.524802 0.069940 0.052249
4 0.645275 0.530423 0.079241 0.059524
4 0.163132 0.398148 0.046503 0.033069
5 0.781622 0.457672 0.069940 0.059524
4 0.533110 0.475860 0.061012 0.045635
4 0.599888 0.456349 0.059896 0.043651
4 0.072173 0.464616 0.066964 0.040344
4 0.385603 0.483796 0.059152 0.042989
4 0.434524 0.463955 0.057292 0.042989
4 0.214844 0.491733 0.064360 0.042989
4 0.225446 0.470569 0.061012 0.040344
4 0.025484 0.449405 0.045015 0.040344
4 0.238467 0.423611 0.048363 0.045635
4 0.093378 0.509259 0.075893 0.050265
4 0.074963 0.482804 0.064360 0.043651
4 0.117188 0.380291 0.024554 0.034392
9 0.156622 0.429894 0.136161 0.075397
4 0.460379 0.419643 0.056920 0.037698
4 0.534412 0.415013 0.050223 0.035053
9 0.459635 0.430556 0.126860 0.091270
4 0.287760 0.438161 0.047991 0.037698
4 0.343192 0.423280 0.051711 0.039683
4 0.599702 0.410384 0.054315 0.040344
4 0.687314 0.400794 0.059152 0.039683
4 0.638951 0.433862 0.059896 0.038360
4 0.761161 0.384259 0.052083 0.034392
4 0.766183 0.405093 0.053199 0.035053
4 0.811942 0.377646 0.045015 0.038360
0 0.076823 0.266865 0.153646 0.248016
0 0.481027 0.622354 0.353423 0.255291
1 0.071057 0.682540 0.019345 0.060847
1 0.019345 0.705026 0.019345 0.054233
3 0.262463 0.646164 0.028646 0.030423
2 0.259859 0.634590 0.015253 0.050926
0 0.151414 0.705688 0.302827 0.170635
0 0.254092 0.543651 0.107887 0.097884
3 0.143415 0.538029 0.025670 0.029762
2 0.140253 0.527447 0.012649 0.040344
1 0.151972 0.576058 0.014509 0.039683
3 0.634859 0.683862 0.023438 0.054233
2 0.635603 0.672288 0.014509 0.057540
10 0.707961 0.820437 0.030506 0.058862
1 0.766555 0.764881 0.017485 0.077381
1 0.790365 0.801587 0.018229 0.070106
1 0.746094 0.880952 0.021205 0.070106
1 0.810268 0.750992 0.015625 0.068122
1 0.823475 0.739087 0.017485 0.078704
7 0.781994 0.901786 0.049107 0.053571
3 0.833891 0.923280 0.029390 0.066138
10 0.859003 0.944444 0.026786 0.099206
1 0.957961 0.878307 0.029018 0.075397
1 0.937872 0.811508 0.026786 0.066138
2 0.967634 0.807540 0.020833 0.047619
2 0.954799 0.793320 0.018973 0.039021
3 0.590960 0.755291 0.026414 0.054233
2 0.592448 0.740410 0.018229 0.064153
1 0.781808 0.603836 0.015253 0.056878
1 0.770461 0.602513 0.011905 0.056878
0 0.337240 0.353505 0.300967 0.087963
1 0.720052 0.640542 0.013765 0.053571
1 0.852679 0.762897 0.018601 0.068122
1 0.771019 0.691468 0.014509 0.061508
1 0.777716 0.689484 0.014509 0.064153
1 0.757626 0.553902 0.016741 0.049603
1 0.845052 0.643188 0.015997 0.068122
3 0.584263 0.893188 0.044271 0.053571
3 0.734933 0.856812 0.028646 0.054894
3 0.751674 0.870040 0.030134 0.042989
