4 0.371838 0.906085 0.057664 0.124339
4 0.454055 0.902116 0.061384 0.121693
4 0.519159 0.876984 0.065848 0.113757
4 0.585193 0.874339 0.066964 0.109788
4 0.633371 0.821098 0.071801 0.099868
5 0.730469 0.963294 0.091146 0.073413
4 0.544085 0.636574 0.033110 0.057540
4 0.929688 0.639220 0.090774 0.058862
4 0.870350 0.571098 0.071057 0.050926
4 0.895089 0.550926 0.069940 0.046296
4 0.392671 0.470569 0.053199 0.032407
4 0.305432 0.447421 0.049851 0.035053
4 0.496280 0.448413 0.046131 0.033069
4 0.685082 0.528770 0.059152 0.041667
5 0.630022 0.532407 0.068824 0.060847
4 0.476004 0.517196 0.056920 0.043651
4 0.505952 0.501323 0.055060 0.038360
4 0.480469 0.484458 0.050967 0.037698
4 0.596912 0.498347 0.053943 0.035053
4 0.375186 0.502315 0.052455 0.045635
4 0.389881 0.457011 0.049107 0.038360
4 0.555990 0.461640 0.046503 0.038360
4 0.373140 0.485780 0.052827 0.042989
4 0.132626 0.445767 0.053943 0.038360
4 0.148624 0.433862 0.040551 0.033069
4 0.256696 0.487434 0.054315 0.043651
4 0.281064 0.471892 0.049479 0.037698
4 0.541295 0.477844 0.048363 0.036376
4 0.629650 0.467593 0.049479 0.039683
4 0.156064 0.480820 0.059896 0.044974
4 0.230841 0.451389 0.045015 0.037698
4 0.416667 0.426257 0.026042 0.029762
9 0.676525 0.473545 0.126116 0.076720
4 0.797619 0.492063 0.057292 0.038360
4 0.874814 0.483135 0.050223 0.035053
9 0.911086 0.514220 0.147321 0.090608
9 0.079799 0.517526 0.100074 0.127646
4 0.825707 0.510251 0.052455 0.042989
4 0.697545 0.475860 0.037946 0.037698
4 0.072731 0.431548 0.034598 0.031085
0 0.209821 0.293651 0.396577 0.248677
0 0.671317 0.667659 0.216890 0.221561
0 0.005394 0.336640 0.010789 0.154762
1 0.196801 0.696098 0.016369 0.062831
1 0.215960 0.689815 0.018229 0.054233
1 0.037760 0.776786 0.019717 0.064153
3 0.367001 0.674272 0.028646 0.029762
2 0.366443 0.660384 0.014881 0.048280
0 0.314360 0.733466 0.480655 0.154762
0 0.465774 0.557209 0.343750 0.098545
3 0.248698 0.552249 0.024926 0.026455
2 0.248140 0.536706 0.015625 0.032407
3 0.211496 0.530093 0.022693 0.021825
2 0.207961 0.517526 0.010417 0.031085
0 0.888579 0.793651 0.214658 0.408730
0 0.599516 0.386574 0.245908 0.087963
