4 0.090588 0.934854 0.079241 0.127646
4 0.188430 0.905423 0.078497 0.133598
4 0.261161 0.853175 0.078869 0.113757
4 0.331845 0.826720 0.075149 0.108466
4 0.376116 0.759259 0.072917 0.096561
4 0.328869 0.961971 0.093750 0.073413
6 0.440848 0.952050 0.119048 0.093254
5 0.478609 0.891204 0.100818 0.132937
4 0.263765 0.593254 0.039435 0.060847
4 0.706101 0.510251 0.069940 0.052249
4 0.619978 0.515873 0.079241 0.059524
4 0.121838 0.394180 0.046503 0.033069
4 0.568824 0.461310 0.061012 0.045635
4 0.642113 0.443783 0.060268 0.043651
4 0.413876 0.475860 0.059152 0.042989
4 0.474516 0.454696 0.056920 0.042989
4 0.242374 0.483796 0.064360 0.042989
4 0.250558 0.467262 0.061384 0.040344
4 0.190848 0.419312 0.052083 0.044974
4 0.110491 0.504630 0.075893 0.050265
4 0.085751 0.480159 0.066592 0.050265
4 0.081101 0.373677 0.024554 0.034392
9 0.088728 0.427249 0.134301 0.075397
4 0.417597 0.409722 0.056920 0.037698
4 0.489397 0.409061 0.051711 0.035053
9 0.401786 0.423280 0.126488 0.091270
4 0.219308 0.436177 0.050223 0.037698
4 0.297061 0.417989 0.052455 0.039683
4 0.552083 0.402116 0.053571 0.039683
4 0.650856 0.393519 0.059152 0.039683
4 0.578683 0.425595 0.053943 0.037698
4 0.730655 0.373016 0.052083 0.034392
4 0.724516 0.393519 0.047247 0.034392
4 0.784412 0.368386 0.045015 0.033069
0 0.056734 0.258267 0.113467 0.248016
0 0.443638 0.617394 0.348586 0.253307
1 0.065104 0.670635 0.019345 0.060847
1 0.008371 0.699074 0.016741 0.054233
0 0.190662 0.704034 0.156622 0.168651
0 0.226562 0.540344 0.107887 0.097884
3 0.156436 0.531415 0.025670 0.029762
2 0.152530 0.518849 0.012649 0.040344
1 0.141741 0.571759 0.011905 0.040344
3 0.596168 0.660053 0.023438 0.054233
2 0.596912 0.650463 0.014509 0.057540
10 0.683036 0.803241 0.030506 0.058862
1 0.745722 0.741071 0.017485 0.077381
1 0.762091 0.783730 0.018229 0.070106
1 0.719308 0.866733 0.021205 0.069444
1 0.773065 0.719246 0.015625 0.068122
1 0.788504 0.713955 0.017485 0.078704
7 0.760417 0.881614 0.049107 0.054233
3 0.806734 0.904101 0.029390 0.066138
10 0.830915 0.918651 0.026414 0.097884
1 0.906436 0.836310 0.029390 0.074735
1 0.905320 0.789352 0.027158 0.066799
2 0.938244 0.782738 0.021577 0.046958
2 0.922247 0.773479 0.019345 0.040344
10 0.861421 0.937169 0.047247 0.096561
3 0.554129 0.723545 0.026414 0.054233
2 0.553385 0.708664 0.018229 0.064153
1 0.751674 0.588624 0.015253 0.056878
1 0.743304 0.587302 0.011905 0.056878
0 0.310082 0.351521 0.300967 0.087963
1 0.713914 0.633929 0.011905 0.053571
1 0.822731 0.737434 0.015997 0.064815
1 0.744978 0.686839 0.014509 0.061508
1 0.755022 0.682209 0.014509 0.064153
1 0.742746 0.538690 0.015997 0.049603
1 0.644531 0.546296 0.011533 0.048942
1 0.816034 0.625331 0.015997 0.068122
3 0.558966 0.879960 0.044271 0.053571
3 0.708519 0.838294 0.028646 0.054894
3 0.723772 0.850860 0.030134 0.042989
