4 0.095424 0.913029 0.086682 0.135582
4 0.172433 0.853175 0.082961 0.119048
4 0.248884 0.817130 0.078869 0.107804
4 0.294271 0.743717 0.078125 0.094577
4 0.254092 0.959987 0.107887 0.078704
6 0.370536 0.944114 0.125744 0.110450
5 0.406250 0.870701 0.102679 0.130291
4 0.173735 0.587963 0.039435 0.064815
4 0.619234 0.485450 0.064360 0.050265
4 0.604167 0.431548 0.055060 0.042989
4 0.690104 0.413029 0.057292 0.042989
4 0.487909 0.442460 0.064360 0.043651
4 0.534598 0.422619 0.058780 0.039683
4 0.019531 0.410053 0.039062 0.043651
4 0.351935 0.459656 0.072173 0.050265
4 0.276600 0.452050 0.061384 0.052249
4 0.229539 0.407738 0.057292 0.037698
4 0.311756 0.398148 0.054315 0.038360
9 0.196057 0.421958 0.140625 0.092593
4 0.183780 0.478836 0.072173 0.044974
4 0.125372 0.463955 0.069940 0.052249
4 0.051711 0.483796 0.071429 0.044312
4 0.115699 0.416997 0.052083 0.045635
4 0.384859 0.392857 0.056176 0.038360
4 0.492932 0.383598 0.052083 0.038360
4 0.365699 0.417659 0.052083 0.040344
4 0.646391 0.349868 0.052455 0.034392
4 0.573847 0.376323 0.044271 0.034392
4 0.695126 0.344577 0.045015 0.033069
4 0.639323 0.369378 0.046503 0.037698
0 0.469680 0.638889 0.168527 0.238095
3 0.137463 0.568122 0.035342 0.038360
3 0.192150 0.552579 0.030134 0.032407
1 0.108817 0.640542 0.021205 0.061508
0 0.250744 0.671296 0.268601 0.145503
1 0.133185 0.551587 0.013393 0.039683
0 0.283110 0.545304 0.203125 0.130291
10 0.606213 0.763889 0.030134 0.059524
1 0.678385 0.692791 0.016741 0.065476
1 0.709449 0.774802 0.018601 0.062831
1 0.565476 0.833003 0.027530 0.077381
1 0.659784 0.613426 0.014509 0.053571
1 0.669085 0.603505 0.013021 0.054894
7 0.678199 0.833333 0.049107 0.054233
3 0.726376 0.846892 0.029390 0.066799
10 0.745722 0.862434 0.026414 0.097884
1 0.724888 0.698082 0.015253 0.061508
1 0.816220 0.732474 0.022321 0.066799
2 0.840588 0.727183 0.021205 0.046958
2 0.829241 0.712632 0.019345 0.040344
10 0.775484 0.876653 0.045015 0.095899
3 0.663318 0.730159 0.037202 0.054233
2 0.665179 0.717262 0.023065 0.053571
1 0.867746 0.753638 0.023438 0.072090
1 0.923177 0.937831 0.026414 0.083333
1 0.976376 0.906746 0.025670 0.085979
1 0.666667 0.555556 0.011905 0.056878
1 0.656994 0.555556 0.011905 0.051587
0 0.211682 0.340939 0.423363 0.087963
1 0.723400 0.634590 0.015253 0.056217
1 0.727865 0.680225 0.017485 0.061508
1 0.716704 0.718915 0.014509 0.062169
1 0.724888 0.714947 0.011533 0.064815
1 0.799293 0.964616 0.020461 0.069444
1 0.579055 0.538029 0.011533 0.049603
1 0.736793 0.597553 0.014509 0.058862
3 0.484933 0.854828 0.044271 0.053571
3 0.630766 0.794643 0.025670 0.049603
3 0.647135 0.805886 0.028646 0.042989
