4 0.027902 0.940146 0.055804 0.118386
4 0.119048 0.908730 0.082589 0.133598
4 0.194754 0.850529 0.081473 0.119048
4 0.268787 0.815476 0.077009 0.107143
4 0.314360 0.745370 0.075893 0.095238
4 0.266555 0.957341 0.106027 0.082672
6 0.380766 0.943122 0.125372 0.112434
5 0.416667 0.870040 0.102679 0.130291
4 0.189732 0.587632 0.039435 0.062831
4 0.634487 0.485119 0.064360 0.050926
4 0.550595 0.497024 0.078125 0.058862
4 0.014137 0.385251 0.028274 0.036376
4 0.676339 0.423611 0.057292 0.045635
4 0.507440 0.445437 0.057292 0.042989
4 0.579427 0.422950 0.056920 0.042989
4 0.367374 0.460648 0.064360 0.042989
4 0.372396 0.441468 0.061012 0.040344
4 0.071615 0.416005 0.056920 0.044974
4 0.203869 0.487434 0.075893 0.050265
4 0.146019 0.466601 0.067336 0.052249
4 0.292039 0.401124 0.057292 0.037698
4 0.367188 0.396495 0.054315 0.033730
9 0.259859 0.416005 0.133557 0.091270
4 0.049107 0.496693 0.065476 0.046296
4 0.024368 0.479167 0.046503 0.046958
4 0.031250 0.440476 0.052827 0.038360
4 0.179315 0.416005 0.052083 0.044974
4 0.439918 0.394841 0.046503 0.039683
4 0.538504 0.383929 0.050223 0.040344
4 0.431920 0.415675 0.052083 0.040344
4 0.661830 0.349868 0.052083 0.034392
4 0.619978 0.375992 0.047247 0.035053
4 0.709449 0.344907 0.045387 0.032407
4 0.681548 0.368717 0.046131 0.037698
0 0.391741 0.616733 0.319940 0.250661
10 0.154390 0.626653 0.040179 0.040344
1 0.066778 0.648810 0.021205 0.060847
0 0.086124 0.666997 0.172247 0.147487
1 0.115327 0.562500 0.013393 0.040344
3 0.556548 0.822421 0.037202 0.069444
1 0.558408 0.810847 0.022321 0.064815
10 0.559152 0.798280 0.037202 0.066138
2 0.559710 0.793320 0.022693 0.073413
10 0.619420 0.766534 0.030506 0.059524
1 0.690476 0.695106 0.016369 0.063492
1 0.696801 0.752976 0.018601 0.064153
1 0.632626 0.842593 0.021205 0.070106
1 0.687128 0.649140 0.015625 0.068122
1 0.693638 0.635582 0.016741 0.066138
7 0.686570 0.839947 0.049479 0.054233
3 0.735305 0.852844 0.029390 0.066799
10 0.755394 0.868386 0.026414 0.097884
1 0.766369 0.743056 0.020089 0.074735
1 0.826451 0.739749 0.027158 0.066799
2 0.853237 0.733796 0.021205 0.046958
2 0.839286 0.717923 0.019345 0.040344
10 0.785900 0.884590 0.047247 0.095899
3 0.770461 0.789352 0.046131 0.066799
2 0.771577 0.772487 0.029762 0.063492
1 0.896763 0.731812 0.023438 0.072090
1 0.680432 0.560847 0.011905 0.056878
1 0.672991 0.559854 0.011905 0.050926
0 0.272321 0.341601 0.377232 0.087963
1 0.704241 0.628638 0.015625 0.056217
1 0.749628 0.691468 0.015625 0.061508
1 0.699591 0.688823 0.014509 0.061508
1 0.707775 0.684854 0.014509 0.064153
1 0.813430 0.962302 0.020461 0.072751
1 0.702195 0.497685 0.012277 0.049603
1 0.586124 0.532077 0.011533 0.049603
1 0.746466 0.594907 0.015997 0.068122
3 0.497582 0.854167 0.044271 0.053571
3 0.643043 0.799272 0.025670 0.049603
3 0.659412 0.811177 0.028646 0.042989
