4 0.092634 0.916997 0.087054 0.139550
4 0.170201 0.856481 0.082961 0.119048
4 0.248326 0.820437 0.079985 0.107804
4 0.294643 0.745701 0.078125 0.094577
4 0.251488 0.961640 0.107887 0.075397
6 0.369420 0.945437 0.125744 0.107804
5 0.405134 0.872685 0.102679 0.130291
4 0.174107 0.587963 0.039435 0.064815
4 0.622582 0.486111 0.064360 0.050265
4 0.661086 0.426257 0.055060 0.042989
4 0.545759 0.437831 0.057292 0.043651
4 0.637091 0.411376 0.056176 0.039683
4 0.433222 0.449735 0.067336 0.048942
4 0.368490 0.441468 0.061384 0.052249
4 0.196801 0.416997 0.057292 0.037698
4 0.290923 0.400132 0.054315 0.038360
9 0.172991 0.421958 0.140625 0.092593
4 0.290179 0.467593 0.066220 0.043651
4 0.206845 0.456680 0.068452 0.052249
4 0.156064 0.477513 0.074033 0.043651
4 0.081473 0.415675 0.052083 0.045635
4 0.366629 0.394180 0.056176 0.038360
4 0.476004 0.388558 0.053943 0.039021
4 0.332217 0.422619 0.055060 0.039683
4 0.647135 0.351190 0.052455 0.034392
4 0.554501 0.378968 0.044271 0.034392
4 0.697917 0.344577 0.045387 0.033069
4 0.625000 0.371362 0.046131 0.037698
0 0.522879 0.643188 0.098586 0.242725
1 0.029390 0.661706 0.016369 0.057540
10 0.001860 0.636905 0.003720 0.039683
3 0.156808 0.562831 0.035342 0.038360
1 0.145089 0.634590 0.021577 0.061508
0 0.367746 0.666336 0.206473 0.144841
1 0.152902 0.548611 0.015625 0.039021
0 0.332217 0.531746 0.284226 0.133598
3 0.601562 0.875331 0.040179 0.068122
2 0.605097 0.863757 0.023438 0.080688
3 0.592820 0.831680 0.037574 0.062831
2 0.595610 0.816468 0.025298 0.069444
10 0.608445 0.769180 0.030134 0.059524
1 0.681734 0.695437 0.016741 0.065476
1 0.729167 0.796296 0.018601 0.064815
1 0.539062 0.828704 0.027530 0.076720
1 0.659412 0.599537 0.012277 0.052249
1 0.670387 0.599537 0.013393 0.060185
7 0.681176 0.840608 0.049107 0.054233
3 0.731585 0.852183 0.029390 0.066799
10 0.752790 0.869048 0.026414 0.097884
1 0.702195 0.685516 0.016741 0.062831
1 0.820499 0.736772 0.018229 0.066138
2 0.845796 0.732474 0.021205 0.046958
2 0.833519 0.718585 0.018973 0.040344
10 0.781436 0.888228 0.044271 0.096561
3 0.615513 0.722884 0.036830 0.052910
2 0.617001 0.708003 0.022693 0.052249
1 0.852493 0.773810 0.023438 0.071429
1 0.927641 0.924272 0.026414 0.085317
1 0.956101 0.894841 0.028274 0.087302
1 0.670015 0.558201 0.011905 0.056878
1 0.661458 0.556217 0.011905 0.051587
0 0.200521 0.340939 0.401042 0.089286
1 0.744234 0.625992 0.015253 0.056217
1 0.729725 0.684193 0.017485 0.061508
1 0.742001 0.745370 0.014509 0.064815
1 0.749442 0.742725 0.011533 0.070106
1 0.808594 0.969577 0.020461 0.059524
1 0.588728 0.547288 0.011533 0.049603
1 0.648251 0.550595 0.011533 0.045635
1 0.644531 0.538029 0.011533 0.045635
1 0.742746 0.602183 0.014509 0.058862
3 0.485677 0.858796 0.044271 0.053571
3 0.632999 0.801257 0.025670 0.049603
3 0.649740 0.812500 0.028646 0.042989
