4 0.381882 0.695437 0.042783 0.070767
4 0.438244 0.694444 0.043899 0.068783
4 0.484561 0.681878 0.045015 0.068783
4 0.532924 0.679563 0.046503 0.073413
4 0.569382 0.654431 0.050223 0.062831
4 0.410900 0.785384 0.053943 0.098545
4 0.468564 0.771825 0.053199 0.092593
4 0.520647 0.767526 0.059896 0.087963
6 0.594308 0.787698 0.074033 0.117725
5 0.627418 0.740410 0.064360 0.083995
4 0.448103 0.940807 0.067336 0.117063
4 0.512649 0.907077 0.060268 0.095899
4 0.574033 0.891204 0.066964 0.098545
4 0.649182 0.911706 0.078125 0.117063
4 0.699405 0.875992 0.081101 0.110450
4 0.622210 0.970238 0.077753 0.056878
4 0.763021 0.967593 0.084821 0.060847
4 0.506696 0.547288 0.030506 0.042989
4 0.884673 0.551587 0.058036 0.044974
4 0.802455 0.539021 0.063988 0.043651
4 0.610491 0.478505 0.052083 0.037698
4 0.721354 0.489749 0.053571 0.039021
4 0.789993 0.485780 0.049479 0.032407
4 0.667039 0.470238 0.048363 0.034392
4 0.499256 0.466270 0.051339 0.029101
4 0.514137 0.451389 0.046131 0.032407
4 0.499256 0.440807 0.045387 0.031085
4 0.446615 0.425595 0.043527 0.029762
4 0.513579 0.420635 0.047247 0.027778
4 0.423363 0.444775 0.043155 0.032407
5 0.391741 0.448413 0.050595 0.041005
4 0.311012 0.440807 0.046131 0.032407
4 0.347842 0.433532 0.043155 0.031085
4 0.561384 0.450728 0.042411 0.032407
4 0.651786 0.454034 0.046131 0.032407
4 0.229353 0.438492 0.042039 0.031746
4 0.536644 0.432209 0.043527 0.031085
4 0.563244 0.422288 0.039435 0.029762
4 0.388579 0.427910 0.039062 0.029101
4 0.432292 0.408399 0.037202 0.025794
4 0.688058 0.436508 0.038318 0.034392
4 0.183966 0.405754 0.043527 0.031085
4 0.251302 0.410714 0.029390 0.027778
0 0.268415 0.271825 0.323289 0.240741
0 0.640439 0.580688 0.216890 0.210317
0 0.066220 0.319114 0.078869 0.154101
1 0.061012 0.708333 0.011905 0.050265
11 0.059152 0.677249 0.017857 0.051587
1 0.057106 0.624008 0.011533 0.050926
1 0.074777 0.637235 0.013393 0.041667
1 0.055246 0.633598 0.017485 0.041005
1 0.133929 0.593254 0.017113 0.046296
1 0.105097 0.630291 0.011533 0.039683
1 0.105655 0.620701 0.012649 0.041667
1 0.141183 0.638558 0.015253 0.044312
1 0.189360 0.584987 0.011905 0.039021
1 0.174851 0.631283 0.011161 0.044312
1 0.202753 0.623016 0.014881 0.042328
1 0.198661 0.612434 0.015625 0.047619
3 0.260231 0.578042 0.025670 0.023810
2 0.258929 0.563823 0.011905 0.035053
0 0.372768 0.599868 0.299851 0.092593
0 0.361979 0.490079 0.343750 0.097884
0 0.889137 0.769180 0.219494 0.458995
0 0.597470 0.370701 0.171875 0.087963
