4 0.101562 0.934524 0.078125 0.128307
4 0.197917 0.905423 0.078125 0.133598
4 0.270833 0.854167 0.078869 0.114418
4 0.341146 0.828704 0.075149 0.108466
4 0.385045 0.761243 0.072173 0.096561
4 0.336682 0.963294 0.092262 0.070767
6 0.448289 0.954034 0.117560 0.089286
5 0.486793 0.894841 0.100074 0.133598
4 0.273065 0.594577 0.037202 0.060847
4 0.715774 0.514881 0.069940 0.052249
4 0.627790 0.520503 0.079241 0.059524
4 0.137091 0.394841 0.046503 0.033069
4 0.557292 0.466601 0.061012 0.045635
4 0.629464 0.447751 0.060268 0.043651
4 0.030878 0.464947 0.052083 0.043651
4 0.404948 0.479167 0.059152 0.042989
4 0.461682 0.458664 0.057292 0.042989
4 0.231957 0.486442 0.064360 0.042989
4 0.241629 0.468585 0.061384 0.040344
4 0.207217 0.419312 0.052083 0.044974
4 0.104911 0.506614 0.075893 0.050265
4 0.082217 0.481151 0.065476 0.048280
4 0.094866 0.374339 0.024554 0.034392
9 0.110491 0.429233 0.139137 0.075397
4 0.434710 0.412368 0.056920 0.037698
4 0.505022 0.411706 0.050967 0.035053
9 0.420945 0.425265 0.126860 0.091270
4 0.242560 0.437500 0.048363 0.037698
4 0.313430 0.418651 0.052455 0.039683
4 0.568452 0.406085 0.054315 0.039683
4 0.662388 0.396164 0.055432 0.038360
4 0.598772 0.427910 0.056920 0.038360
4 0.740327 0.376323 0.052083 0.034392
4 0.736049 0.397156 0.050967 0.035053
4 0.795201 0.370370 0.045015 0.035714
0 0.063430 0.261574 0.126860 0.248016
0 0.453497 0.618056 0.343006 0.253307
1 0.067336 0.674603 0.019345 0.060847
1 0.011533 0.699735 0.019345 0.054233
0 0.153832 0.715278 0.263021 0.169974
0 0.234003 0.541005 0.107887 0.097884
3 0.151972 0.534061 0.025670 0.029762
2 0.147693 0.522156 0.012649 0.040344
1 0.146019 0.574405 0.014509 0.040344
3 0.609189 0.667989 0.023438 0.054233
2 0.609933 0.657738 0.014509 0.057540
10 0.691592 0.809193 0.030506 0.058862
1 0.752418 0.749008 0.017485 0.077381
1 0.771391 0.789683 0.018229 0.070106
1 0.728237 0.871693 0.021205 0.070106
1 0.785342 0.729828 0.015625 0.068122
1 0.800037 0.721892 0.017485 0.078704
7 0.770461 0.887566 0.049107 0.054233
3 0.816406 0.910714 0.029390 0.066138
10 0.839844 0.925926 0.026414 0.097884
1 0.925781 0.849537 0.029390 0.074735
1 0.916481 0.798611 0.027158 0.066799
2 0.949777 0.791336 0.021577 0.046958
2 0.934152 0.781415 0.019345 0.040344
10 0.871280 0.945767 0.046131 0.092593
3 0.566406 0.734127 0.026414 0.054233
2 0.566406 0.718585 0.018229 0.064153
1 0.761719 0.593915 0.015253 0.056878
1 0.752604 0.591931 0.011905 0.056878
0 0.314546 0.352844 0.300967 0.087963
1 0.716890 0.635913 0.011161 0.053571
1 0.833705 0.746693 0.017113 0.067460
1 0.753906 0.688161 0.014509 0.061508
1 0.762463 0.684854 0.014509 0.064153
1 0.748698 0.543320 0.016741 0.049603
1 0.652716 0.549272 0.011533 0.049603
1 0.825707 0.630622 0.015997 0.068122
3 0.567150 0.883929 0.044271 0.053571
3 0.717448 0.843585 0.028646 0.054894
3 0.733073 0.856812 0.030134 0.042989
