4 0.090774 0.919974 0.087798 0.141534
4 0.168713 0.859127 0.082961 0.119048
4 0.247954 0.823082 0.080729 0.107804
4 0.294457 0.749008 0.077753 0.094577
4 0.247768 0.963624 0.107887 0.071429
6 0.365699 0.947090 0.125744 0.104497
5 0.402902 0.876653 0.102679 0.130291
4 0.173363 0.588624 0.039435 0.067460
4 0.695871 0.422619 0.049479 0.043651
4 0.579985 0.433862 0.057292 0.043651
4 0.481957 0.447751 0.067336 0.048942
4 0.426153 0.436177 0.061384 0.052249
4 0.187128 0.415013 0.057292 0.037698
4 0.274554 0.400794 0.056548 0.038360
9 0.156994 0.423280 0.148065 0.091270
4 0.359375 0.458995 0.066220 0.043651
4 0.265997 0.452050 0.063988 0.052249
4 0.233817 0.469577 0.071801 0.043651
4 0.090216 0.495370 0.079241 0.054233
4 0.061012 0.474868 0.069940 0.050265
4 0.059338 0.412698 0.054688 0.044974
4 0.349144 0.394841 0.056176 0.038360
4 0.461682 0.389550 0.053571 0.039683
4 0.310826 0.425265 0.055432 0.039683
4 0.647135 0.351190 0.052455 0.034392
4 0.539621 0.380952 0.044271 0.034392
4 0.699777 0.346561 0.045387 0.033069
4 0.613281 0.374669 0.046503 0.037698
1 0.481027 0.775794 0.017857 0.068783
1 0.047433 0.656746 0.018973 0.056878
10 0.001860 0.636905 0.003720 0.039683
3 0.169829 0.559524 0.035342 0.038360
1 0.168899 0.631944 0.021577 0.061508
0 0.400484 0.663690 0.261533 0.143519
1 0.161272 0.546296 0.017485 0.038360
0 0.378534 0.531085 0.375372 0.133598
3 0.564732 0.842923 0.040179 0.068122
2 0.568266 0.832011 0.023438 0.080688
3 0.562500 0.805886 0.037202 0.062831
2 0.566964 0.791336 0.025298 0.069444
10 0.609933 0.773148 0.030134 0.059524
1 0.682106 0.699405 0.016741 0.065476
1 0.742374 0.807209 0.018229 0.070767
1 0.520461 0.826058 0.027530 0.076720
1 0.658482 0.592923 0.013393 0.054894
1 0.668527 0.592262 0.011161 0.057540
7 0.681920 0.846561 0.049107 0.054233
3 0.731585 0.859458 0.029390 0.066799
10 0.752790 0.874339 0.026414 0.097884
1 0.689546 0.677579 0.015253 0.060185
1 0.825521 0.743717 0.018601 0.066799
2 0.850632 0.737103 0.021205 0.046958
2 0.835751 0.724537 0.018973 0.040344
10 0.782180 0.892857 0.044271 0.096561
3 0.582961 0.719577 0.033482 0.052910
2 0.584077 0.704034 0.021577 0.052249
1 0.828683 0.773810 0.023438 0.071429
1 0.936198 0.928241 0.026414 0.085317
1 0.942708 0.889881 0.028274 0.087963
1 0.671131 0.558201 0.011905 0.056878
1 0.662946 0.557870 0.011905 0.050926
0 0.193080 0.341270 0.386161 0.089947
1 0.753906 0.625992 0.015253 0.056217
1 0.732701 0.688823 0.017485 0.061508
1 0.758371 0.767196 0.014509 0.067460
1 0.766183 0.764550 0.011533 0.075397
1 0.811198 0.973876 0.020461 0.050926
1 0.593564 0.551918 0.011533 0.049603
1 0.645275 0.559854 0.011533 0.045635
1 0.642671 0.548611 0.011533 0.045635
1 0.744234 0.603505 0.014509 0.058862
3 0.486049 0.861442 0.044271 0.053571
3 0.634115 0.806548 0.025670 0.049603
3 0.650484 0.817791 0.028646 0.042989
