4 0.360305 0.922950 0.059152 0.128968
4 0.444568 0.917989 0.063244 0.126984
4 0.510603 0.891204 0.067336 0.117063
4 0.578311 0.887897 0.068080 0.114418
4 0.626488 0.830688 0.072917 0.103175
5 0.717076 0.967923 0.091146 0.064153
4 0.530320 0.638228 0.033110 0.059524
4 0.915923 0.637235 0.090774 0.058862
4 0.886719 0.578373 0.071057 0.050926
4 0.912946 0.557870 0.072917 0.045635
4 0.361607 0.469577 0.052827 0.031746
4 0.276600 0.448743 0.050223 0.035053
4 0.476562 0.446429 0.046131 0.033069
4 0.703125 0.534392 0.060268 0.043651
5 0.642857 0.537368 0.069940 0.062831
4 0.478795 0.522817 0.058036 0.045635
4 0.506882 0.508929 0.059152 0.037698
4 0.453311 0.485119 0.050967 0.037698
4 0.567150 0.498677 0.053943 0.038360
4 0.373698 0.509921 0.053943 0.044974
4 0.361421 0.455688 0.050223 0.038360
4 0.535900 0.460317 0.046503 0.038360
4 0.372210 0.490410 0.053199 0.042989
4 0.101562 0.447421 0.055804 0.040344
4 0.110863 0.436839 0.046131 0.032407
4 0.249814 0.493386 0.054688 0.043651
4 0.275670 0.478175 0.049851 0.038360
4 0.507068 0.477183 0.048363 0.036376
4 0.607701 0.467593 0.049479 0.039683
4 0.149740 0.487103 0.059896 0.044312
4 0.198475 0.453704 0.046503 0.038360
4 0.402158 0.424272 0.024554 0.029762
9 0.648251 0.472222 0.128348 0.076720
4 0.783110 0.491071 0.057292 0.037698
4 0.857701 0.480489 0.050223 0.035053
9 0.893787 0.512897 0.152158 0.090608
9 0.060082 0.537368 0.100074 0.127646
4 0.794457 0.506283 0.052455 0.042989
4 0.695685 0.480489 0.037946 0.037698
4 0.034412 0.436839 0.034598 0.031085
0 0.203683 0.295966 0.399182 0.248016
0 0.659784 0.670304 0.216890 0.221561
1 0.184152 0.713955 0.019345 0.061508
1 0.201079 0.702381 0.018229 0.054233
3 0.359561 0.686177 0.028646 0.029762
2 0.356771 0.667989 0.014881 0.048942
0 0.294085 0.739749 0.513765 0.164683
0 0.448661 0.565807 0.343750 0.098545
3 0.246838 0.558532 0.026414 0.027116
2 0.245908 0.541336 0.015625 0.032407
3 0.207031 0.535384 0.022693 0.021825
2 0.203683 0.522817 0.011533 0.031085
0 0.892671 0.793651 0.210938 0.408730
0 0.599702 0.387897 0.252232 0.087963
