4 0.382812 0.664021 0.040923 0.067460
4 0.436198 0.662368 0.042783 0.064153
4 0.479911 0.651124 0.043155 0.064153
4 0.525484 0.649471 0.044271 0.067460
4 0.560268 0.626323 0.047619 0.058201
4 0.409412 0.743717 0.049479 0.091931
4 0.464286 0.731151 0.050595 0.085317
4 0.513951 0.728175 0.054688 0.080688
6 0.582031 0.744378 0.068824 0.109127
5 0.614583 0.703042 0.060268 0.076720
4 0.442150 0.887235 0.060640 0.117063
4 0.503162 0.850529 0.054688 0.088624
4 0.559896 0.837302 0.059524 0.091270
4 0.628348 0.852513 0.070685 0.100529
4 0.677455 0.822751 0.075149 0.096561
4 0.547061 0.959325 0.071801 0.078704
4 0.606771 0.940146 0.078125 0.117063
4 0.734933 0.934193 0.085193 0.114418
4 0.726376 0.982474 0.091146 0.032407
4 0.498698 0.535053 0.030878 0.039683
4 0.860491 0.530423 0.055060 0.044974
4 0.781436 0.522156 0.064360 0.042989
4 0.854911 0.488095 0.051339 0.044974
4 0.563058 0.463955 0.048735 0.037698
4 0.663690 0.471230 0.051339 0.036376
4 0.719308 0.467262 0.049479 0.032407
1 0.022693 0.935185 0.022321 0.079365
4 0.616815 0.453373 0.046131 0.035053
4 0.460007 0.451720 0.049479 0.030423
4 0.477307 0.440807 0.046131 0.032407
4 0.504464 0.432870 0.042411 0.028439
4 0.462426 0.419312 0.041667 0.030423
4 0.509859 0.410714 0.047247 0.027778
4 0.400670 0.432540 0.043155 0.033069
5 0.365513 0.435516 0.049479 0.041667
4 0.287946 0.429563 0.043899 0.032407
4 0.326451 0.423611 0.037574 0.031085
4 0.566406 0.438492 0.042039 0.031746
4 0.654018 0.446098 0.046131 0.032407
4 0.207403 0.428571 0.042039 0.029101
4 0.683222 0.427910 0.042783 0.037037
4 0.207031 0.400132 0.041295 0.031746
4 0.274368 0.402778 0.029390 0.027778
0 0.275670 0.268849 0.303571 0.237434
0 0.636347 0.565476 0.216890 0.194444
0 0.084635 0.317791 0.079241 0.154101
1 0.079985 0.674934 0.011905 0.049603
11 0.077195 0.649140 0.016741 0.049603
1 0.029018 0.613095 0.015625 0.046296
1 0.077009 0.603175 0.009673 0.048942
1 0.094866 0.614418 0.013393 0.042328
1 0.082031 0.615741 0.016741 0.041005
1 0.128162 0.575066 0.013765 0.046958
1 0.125000 0.606151 0.010417 0.036376
1 0.125000 0.596230 0.012649 0.039021
1 0.166853 0.616071 0.015253 0.044312
1 0.186570 0.567130 0.010045 0.039021
1 0.196615 0.605159 0.011533 0.039683
1 0.223958 0.602183 0.013393 0.042989
1 0.224516 0.587963 0.015997 0.047619
3 0.247210 0.559524 0.025670 0.023810
2 0.244048 0.544643 0.011905 0.032407
0 0.374070 0.579365 0.269717 0.092593
0 0.355097 0.478505 0.344122 0.098545
0 0.915923 0.767857 0.164435 0.460317
0 0.594680 0.361442 0.170759 0.087963
0 0.787574 0.657738 0.090774 0.262566
