4 0.098028 0.909722 0.085938 0.132937
4 0.174665 0.849868 0.082961 0.119048
4 0.249628 0.814153 0.078125 0.107143
4 0.293899 0.743717 0.078125 0.094577
4 0.256696 0.958003 0.107887 0.081349
6 0.371652 0.943122 0.125744 0.112434
5 0.407366 0.868717 0.102679 0.130291
4 0.173363 0.587963 0.039435 0.064815
4 0.618490 0.479167 0.064360 0.050926
4 0.553199 0.435516 0.055060 0.042989
4 0.628534 0.412368 0.056920 0.042989
4 0.422061 0.449074 0.064360 0.043651
4 0.445685 0.429894 0.061012 0.039683
4 0.030506 0.410714 0.060268 0.043651
4 0.272321 0.473545 0.073661 0.050265
4 0.203125 0.458664 0.063244 0.052249
4 0.257440 0.402447 0.057292 0.037698
4 0.330357 0.396825 0.054315 0.038360
9 0.218006 0.419974 0.139137 0.091270
4 0.098958 0.488426 0.075893 0.045635
4 0.056920 0.472553 0.069940 0.052249
4 0.138765 0.414352 0.052083 0.045635
4 0.398810 0.389550 0.047619 0.039683
4 0.508557 0.382937 0.052827 0.039683
4 0.390253 0.415013 0.052083 0.040344
4 0.642299 0.347884 0.052455 0.034392
4 0.587612 0.373347 0.047247 0.035053
4 0.692708 0.341270 0.045387 0.033069
4 0.650112 0.364087 0.046503 0.037698
0 0.422061 0.630291 0.227307 0.243386
10 0.061012 0.633598 0.040179 0.039683
3 0.116629 0.572090 0.035342 0.038360
3 0.166853 0.557209 0.030134 0.032407
1 0.077567 0.644180 0.021205 0.060847
0 0.202195 0.671296 0.199033 0.145503
1 0.115327 0.557540 0.013393 0.039683
0 0.242746 0.537037 0.130580 0.095238
3 0.504092 0.779762 0.037202 0.060847
1 0.504092 0.770503 0.022321 0.064815
10 0.499628 0.744048 0.037202 0.066138
2 0.498140 0.742394 0.022321 0.073413
10 0.604353 0.758598 0.030134 0.059524
1 0.674665 0.688823 0.016741 0.065476
1 0.694196 0.758929 0.018601 0.062831
1 0.590030 0.833333 0.026042 0.075397
1 0.664249 0.625331 0.014509 0.057540
1 0.671317 0.616071 0.012277 0.064153
7 0.672805 0.830688 0.049479 0.054233
3 0.720796 0.842262 0.029390 0.066799
10 0.740885 0.859127 0.026414 0.097884
1 0.735491 0.713955 0.016369 0.074735
1 0.813058 0.729167 0.027158 0.066799
2 0.835379 0.723214 0.021205 0.046958
2 0.822545 0.709325 0.019345 0.040344
10 0.772879 0.870701 0.047247 0.095899
3 0.703869 0.748677 0.044643 0.063492
2 0.710007 0.732804 0.028646 0.060847
1 0.877046 0.732474 0.023438 0.072090
1 0.925037 0.950728 0.026414 0.081349
1 0.662574 0.548942 0.011905 0.056878
1 0.655878 0.552249 0.011905 0.051587
0 0.221168 0.340939 0.442336 0.087963
1 0.706659 0.629299 0.015253 0.056217
1 0.727865 0.680225 0.017485 0.061508
1 0.700707 0.698082 0.014509 0.061508
1 0.704241 0.691468 0.011905 0.064153
1 0.794457 0.959987 0.020461 0.078704
1 0.574591 0.530754 0.011533 0.049603
1 0.733817 0.592923 0.014509 0.058862
3 0.484561 0.850860 0.044271 0.053571
3 0.628162 0.790675 0.025670 0.049603
3 0.643787 0.801257 0.028646 0.042989
