4 0.269159 0.930886 0.066592 0.134259
4 0.355841 0.915344 0.067336 0.129630
4 0.422061 0.875992 0.071057 0.117063
4 0.490885 0.862103 0.071801 0.109127
4 0.536830 0.804233 0.072173 0.103175
5 0.636905 0.942791 0.104911 0.113095
4 0.434152 0.614087 0.033482 0.061508
4 0.890067 0.586971 0.062872 0.053571
4 0.796875 0.585317 0.084821 0.059524
4 0.958519 0.532738 0.073289 0.050926
4 0.980097 0.502646 0.038318 0.044974
4 0.167969 0.459987 0.058408 0.029762
4 0.082403 0.447090 0.056176 0.038360
4 0.341704 0.416667 0.046503 0.033069
4 0.768229 0.503307 0.060268 0.043651
5 0.681548 0.512235 0.069940 0.062831
4 0.478423 0.508929 0.058036 0.045635
4 0.519903 0.492063 0.058408 0.044974
4 0.262091 0.461640 0.051711 0.038360
4 0.378162 0.468915 0.053943 0.038360
4 0.351004 0.501323 0.056176 0.043651
4 0.168341 0.444775 0.056176 0.037698
4 0.377418 0.433201 0.046503 0.038360
4 0.355655 0.483135 0.056548 0.041667
4 0.220424 0.493386 0.059152 0.043651
4 0.233445 0.476521 0.057664 0.037698
4 0.310640 0.450728 0.048363 0.036376
4 0.480469 0.442460 0.049479 0.039683
4 0.106399 0.505291 0.066220 0.043651
4 0.108631 0.473214 0.052083 0.036376
4 0.286830 0.399471 0.024554 0.034392
9 0.450149 0.441799 0.125000 0.076720
4 0.653646 0.449405 0.057292 0.037698
4 0.742746 0.447751 0.050223 0.034392
9 0.712984 0.464286 0.135789 0.091270
4 0.022135 0.498016 0.044271 0.038360
4 0.015253 0.474868 0.030506 0.043651
4 0.588356 0.460317 0.047991 0.038360
4 0.557850 0.445106 0.046503 0.038360
4 0.799293 0.456680 0.049479 0.041667
4 0.871280 0.453042 0.063988 0.039683
4 0.900484 0.484788 0.065104 0.043651
4 0.931920 0.433862 0.060268 0.034392
0 0.158296 0.319114 0.316592 0.175265
0 0.656436 0.646164 0.391741 0.255291
1 0.135417 0.709656 0.019345 0.060847
1 0.124628 0.703042 0.019345 0.054233
3 0.317150 0.675926 0.028646 0.030423
2 0.315104 0.659722 0.014881 0.050926
0 0.230841 0.744709 0.446057 0.170635
0 0.360863 0.557540 0.194196 0.097884
3 0.218936 0.559854 0.026414 0.027116
2 0.215030 0.542659 0.015625 0.032407
3 0.166667 0.541997 0.022321 0.021825
2 0.162202 0.526786 0.013393 0.029762
1 0.239211 0.574074 0.014137 0.039683
3 0.828311 0.804233 0.023438 0.054233
2 0.831287 0.788029 0.014509 0.057540
10 0.864397 0.911376 0.030134 0.059524
1 0.925409 0.859127 0.017485 0.076720
1 0.957031 0.910714 0.024182 0.071429
1 0.955915 0.965608 0.021949 0.062169
3 0.827939 0.947090 0.039062 0.068783
2 0.830729 0.927910 0.020833 0.066138
0 0.515811 0.374008 0.300967 0.087963
1 0.927269 0.735780 0.014509 0.061508
1 0.936942 0.735119 0.014509 0.064153
