4 0.107329 0.934524 0.077753 0.128307
4 0.202939 0.905423 0.077753 0.133598
4 0.275670 0.854828 0.078869 0.114418
4 0.345982 0.830026 0.075149 0.108466
4 0.389695 0.762566 0.071801 0.096561
4 0.340588 0.963624 0.091146 0.070106
6 0.452009 0.955026 0.116815 0.087302
5 0.490699 0.896825 0.099702 0.133598
4 0.277902 0.595238 0.035714 0.060847
4 0.720610 0.517526 0.069940 0.052249
4 0.631882 0.523148 0.079241 0.059524
4 0.143787 0.395503 0.046503 0.033069
4 0.551339 0.469907 0.061012 0.045635
4 0.623140 0.449074 0.060268 0.043651
4 0.039249 0.464947 0.062128 0.043651
4 0.400484 0.480489 0.059152 0.042989
4 0.454613 0.459987 0.057292 0.042989
4 0.227865 0.487765 0.064360 0.042989
4 0.237537 0.469246 0.061384 0.040344
4 0.215216 0.420635 0.050967 0.044974
4 0.101935 0.507275 0.075893 0.050265
4 0.080357 0.481481 0.065476 0.047619
4 0.101190 0.375661 0.024554 0.034392
9 0.122024 0.429233 0.138393 0.075397
4 0.441034 0.413690 0.056920 0.037698
4 0.512835 0.413029 0.050223 0.035053
9 0.430618 0.426587 0.126860 0.091270
4 0.254278 0.438161 0.047991 0.037698
4 0.321243 0.419974 0.052455 0.039683
4 0.577009 0.408069 0.054315 0.039683
4 0.667969 0.396495 0.055432 0.037698
4 0.608817 0.429233 0.058408 0.038360
4 0.745164 0.378307 0.052083 0.034392
4 0.742001 0.399140 0.053199 0.035053
4 0.800409 0.371032 0.045015 0.037037
0 0.066778 0.262897 0.133557 0.248016
0 0.459821 0.618386 0.342262 0.252646
1 0.068452 0.676587 0.019345 0.060847
1 0.013393 0.701058 0.019345 0.054233
3 0.261719 0.642857 0.028646 0.030423
2 0.258743 0.629960 0.015253 0.050926
0 0.145647 0.716270 0.291295 0.170635
0 0.238839 0.541667 0.107887 0.097884
3 0.149740 0.534722 0.025670 0.029762
2 0.145833 0.523479 0.012649 0.040344
1 0.147507 0.574405 0.014509 0.040344
3 0.615513 0.671958 0.023438 0.054233
2 0.616257 0.661706 0.014509 0.057540
10 0.695685 0.811839 0.030506 0.058862
1 0.756138 0.752976 0.017485 0.077381
1 0.776228 0.792328 0.018229 0.070106
1 0.732701 0.873677 0.021205 0.070106
1 0.791667 0.735119 0.015625 0.068122
1 0.805990 0.726521 0.017485 0.078704
7 0.773810 0.889550 0.049107 0.054233
3 0.820871 0.913360 0.029390 0.066138
10 0.843936 0.929894 0.026414 0.097884
1 0.935082 0.855489 0.029390 0.074735
1 0.922805 0.803571 0.027158 0.066138
2 0.954613 0.796627 0.021577 0.046958
2 0.940104 0.785384 0.019345 0.040344
10 0.876116 0.949074 0.044643 0.088624
3 0.572731 0.740079 0.026414 0.054233
2 0.573103 0.723876 0.018229 0.064153
1 0.766927 0.596561 0.015253 0.056878
1 0.757068 0.594577 0.011905 0.056878
0 0.319010 0.353505 0.300967 0.087963
1 0.718378 0.637235 0.011161 0.053571
1 0.838728 0.750992 0.017485 0.068122
1 0.758371 0.688823 0.014509 0.061508
1 0.766183 0.686177 0.014509 0.064153
1 0.751302 0.545966 0.016741 0.049603
1 0.656994 0.550926 0.011161 0.048942
1 0.830543 0.633929 0.015997 0.068122
3 0.571243 0.885913 0.044271 0.053571
3 0.722284 0.846230 0.028646 0.054894
3 0.737909 0.860119 0.030134 0.042989
