4 0.367374 0.913029 0.058408 0.126323
4 0.450335 0.908399 0.062128 0.123677
4 0.515811 0.882937 0.066592 0.115079
4 0.582403 0.879960 0.067336 0.111772
4 0.630580 0.825066 0.072173 0.101190
5 0.724888 0.965939 0.091146 0.068122
4 0.538690 0.637235 0.033482 0.057540
4 0.924107 0.637897 0.090774 0.058862
4 0.877046 0.573743 0.071057 0.050926
4 0.902344 0.553571 0.071057 0.046296
4 0.381882 0.471230 0.050223 0.032407
4 0.295945 0.448743 0.050223 0.035053
4 0.490327 0.449074 0.046131 0.033069
4 0.692522 0.531746 0.059896 0.042328
5 0.635417 0.535053 0.069196 0.062169
4 0.477121 0.520172 0.057664 0.044312
4 0.506324 0.504299 0.056548 0.037698
4 0.470052 0.485119 0.050967 0.037698
4 0.585007 0.498347 0.053943 0.036376
4 0.374442 0.505291 0.053199 0.044974
4 0.380208 0.457672 0.049107 0.038360
4 0.550781 0.462302 0.046503 0.038360
4 0.374814 0.489087 0.053199 0.042989
4 0.122582 0.447751 0.053943 0.038360
4 0.137463 0.435185 0.040551 0.033069
4 0.253720 0.490079 0.054315 0.043651
4 0.278832 0.474868 0.049479 0.038360
4 0.527530 0.477183 0.048363 0.036376
4 0.620722 0.467593 0.049479 0.039683
4 0.153460 0.483466 0.059896 0.044974
4 0.218192 0.453704 0.045015 0.038360
4 0.412574 0.426918 0.024554 0.029762
9 0.666853 0.473545 0.127604 0.076720
4 0.792783 0.492725 0.057292 0.038360
4 0.868118 0.481812 0.050223 0.035053
9 0.907366 0.514881 0.150298 0.090608
9 0.071615 0.525463 0.100074 0.127646
4 0.815662 0.510251 0.052455 0.042989
4 0.696801 0.477844 0.037946 0.037698
4 0.057850 0.434193 0.034598 0.031085
0 0.207403 0.294643 0.397693 0.248016
0 0.666481 0.668320 0.216890 0.221561
0 0.004278 0.336640 0.008557 0.154762
1 0.191592 0.703042 0.017857 0.062169
1 0.210007 0.694444 0.018229 0.054233
1 0.023810 0.788690 0.024554 0.064153
3 0.364769 0.680225 0.028646 0.029762
2 0.362351 0.664352 0.014881 0.048280
0 0.306176 0.735780 0.494048 0.158069
0 0.459077 0.560516 0.343750 0.098545
3 0.248698 0.555886 0.026414 0.027116
2 0.248140 0.540013 0.015625 0.032407
3 0.211124 0.534061 0.022693 0.021825
2 0.207589 0.521495 0.010417 0.031085
0 0.886533 0.793320 0.220238 0.408069
0 0.599702 0.387235 0.248512 0.087963
