4 0.026228 0.940476 0.052455 0.117725
4 0.116071 0.908730 0.082589 0.133598
4 0.191778 0.850529 0.081473 0.119048
4 0.265997 0.815476 0.077381 0.107143
4 0.311198 0.745040 0.076265 0.095899
4 0.263207 0.957341 0.106771 0.082672
6 0.377232 0.942791 0.125744 0.113095
5 0.412946 0.869048 0.102679 0.129630
4 0.185640 0.587632 0.039435 0.064153
4 0.631138 0.484458 0.064360 0.050926
4 0.546875 0.495701 0.078125 0.058862
4 0.681920 0.419643 0.057292 0.045635
4 0.512091 0.443452 0.056176 0.042989
4 0.585751 0.420966 0.056920 0.042989
4 0.374442 0.458664 0.064360 0.042989
4 0.382440 0.439484 0.061012 0.040344
4 0.064174 0.416667 0.056920 0.044974
4 0.211310 0.486111 0.075893 0.050265
4 0.151228 0.465278 0.067336 0.052249
4 0.284598 0.401124 0.057292 0.037698
4 0.359747 0.396164 0.054315 0.034392
9 0.251860 0.416667 0.134673 0.091270
4 0.054129 0.495370 0.067336 0.046296
4 0.026972 0.478505 0.051711 0.048280
4 0.023438 0.441138 0.046875 0.038360
4 0.171875 0.416005 0.052083 0.044974
4 0.434338 0.394180 0.046503 0.039683
4 0.532180 0.383929 0.050223 0.040344
4 0.423735 0.415013 0.052083 0.040344
4 0.658854 0.348545 0.052083 0.034392
4 0.614025 0.375331 0.047247 0.035053
4 0.704985 0.343585 0.045387 0.032407
4 0.675223 0.367394 0.046131 0.037698
0 0.395089 0.618386 0.305060 0.250000
10 0.140253 0.626653 0.040179 0.040344
1 0.068266 0.648148 0.021205 0.060847
0 0.111421 0.666336 0.222842 0.146164
1 0.113095 0.561839 0.013393 0.040344
0 0.214100 0.537698 0.061384 0.058201
3 0.546875 0.814484 0.037202 0.069444
1 0.547991 0.802910 0.022321 0.064815
10 0.547991 0.789021 0.037202 0.066138
2 0.548177 0.784061 0.022693 0.073413
10 0.616071 0.765212 0.030506 0.059524
1 0.686198 0.693452 0.016741 0.064153
1 0.694196 0.752646 0.018601 0.063492
1 0.624814 0.841270 0.021205 0.070106
1 0.682292 0.645172 0.015625 0.068122
1 0.688430 0.632275 0.016741 0.066138
7 0.683222 0.838624 0.049479 0.054233
3 0.731957 0.850198 0.029390 0.066799
10 0.751674 0.867063 0.026414 0.097884
1 0.760231 0.738426 0.018229 0.074735
1 0.822359 0.737765 0.027158 0.066799
2 0.849888 0.731812 0.021205 0.046958
2 0.835938 0.715278 0.019345 0.040344
10 0.782180 0.881283 0.047247 0.095899
3 0.760045 0.784061 0.046131 0.066799
2 0.761533 0.766534 0.029762 0.062169
1 0.892299 0.731151 0.023438 0.072090
1 0.676339 0.559524 0.011905 0.056878
1 0.668899 0.558532 0.011905 0.050926
0 0.264509 0.341601 0.387649 0.087963
1 0.702753 0.628638 0.015625 0.056217
1 0.744420 0.689484 0.016369 0.061508
1 0.698103 0.689484 0.014509 0.061508
1 0.705915 0.684854 0.014509 0.064153
1 0.808222 0.961310 0.020461 0.076058
1 0.699963 0.497024 0.012277 0.049603
1 0.584635 0.532077 0.011533 0.049603
1 0.743490 0.592923 0.015997 0.068122
3 0.493862 0.852844 0.044271 0.053571
3 0.638951 0.797288 0.025670 0.049603
3 0.655320 0.809193 0.028646 0.042989
