4 0.385045 0.732474 0.045387 0.078704
4 0.446243 0.730159 0.049479 0.076720
4 0.495164 0.716931 0.048363 0.075397
4 0.546503 0.713955 0.050595 0.073413
4 0.584635 0.683862 0.052455 0.066138
4 0.414993 0.836640 0.056920 0.112434
4 0.478237 0.821429 0.058408 0.105820
4 0.534598 0.815807 0.063988 0.102513
6 0.613095 0.839947 0.081101 0.133598
5 0.650298 0.785053 0.071429 0.093915
4 0.445871 0.973545 0.067336 0.048942
4 0.523438 0.958003 0.063244 0.078704
4 0.590030 0.947090 0.069196 0.092593
4 0.670015 0.956680 0.081101 0.082672
4 0.730283 0.933532 0.095238 0.113095
4 0.514137 0.564815 0.030506 0.043651
4 0.914435 0.571429 0.072917 0.044974
4 0.820685 0.560185 0.063988 0.043651
4 0.675223 0.499669 0.052083 0.037698
4 0.806548 0.509259 0.057292 0.039683
4 0.897135 0.504960 0.053943 0.041667
4 0.741629 0.488426 0.052455 0.036376
4 0.553013 0.484127 0.051711 0.038360
4 0.564360 0.468585 0.052083 0.032407
4 0.487909 0.450728 0.046503 0.032407
4 0.419085 0.432870 0.044271 0.029762
4 0.510603 0.424603 0.047247 0.027778
4 0.460565 0.457341 0.043155 0.036376
5 0.430246 0.463294 0.055432 0.044312
4 0.343006 0.455357 0.048363 0.035053
4 0.368490 0.448082 0.047247 0.032407
4 0.558036 0.455688 0.043155 0.034392
4 0.641741 0.462963 0.046131 0.033069
4 0.254650 0.452381 0.042783 0.034392
4 0.515811 0.437500 0.043527 0.031085
4 0.566592 0.432209 0.039435 0.033730
4 0.262091 0.436839 0.045015 0.036376
4 0.266927 0.426257 0.045015 0.037698
4 0.296689 0.416667 0.038318 0.033069
4 0.360305 0.429894 0.039062 0.029101
4 0.428943 0.414352 0.037202 0.025794
4 0.689546 0.446098 0.038318 0.035053
4 0.147879 0.412037 0.043527 0.031746
4 0.223028 0.416336 0.029390 0.027116
0 0.259487 0.274802 0.347098 0.244048
0 0.652344 0.600198 0.216890 0.221561
0 0.045945 0.334656 0.078497 0.154762
1 0.043527 0.742725 0.011905 0.051587
11 0.041481 0.703042 0.021949 0.059524
1 0.018787 0.644511 0.011533 0.052249
1 0.039807 0.664683 0.012649 0.041005
1 0.015997 0.666667 0.017113 0.052910
1 0.145461 0.609788 0.017113 0.046296
1 0.080543 0.655093 0.013021 0.044312
1 0.085379 0.641865 0.013021 0.046958
1 0.109003 0.669974 0.014881 0.047619
1 0.195126 0.603505 0.013021 0.042989
1 0.147135 0.659061 0.012277 0.044312
1 0.179874 0.650463 0.017485 0.044312
1 0.170015 0.635251 0.015625 0.050926
3 0.282180 0.595569 0.025670 0.024471
2 0.281064 0.582341 0.011533 0.040344
0 0.373698 0.620701 0.340402 0.103836
0 0.383929 0.513889 0.343750 0.097884
0 0.880394 0.770172 0.238467 0.458333
0 0.598028 0.374008 0.187128 0.087963
