4 0.037760 0.938492 0.068080 0.120370
4 0.134301 0.908069 0.081101 0.133598
4 0.209077 0.850529 0.080357 0.117725
4 0.282366 0.817460 0.076637 0.107143
4 0.328125 0.747685 0.075149 0.095899
4 0.282180 0.957672 0.103051 0.082011
6 0.396205 0.944775 0.125000 0.109127
5 0.431920 0.874008 0.102679 0.130291
4 0.207961 0.587963 0.039435 0.060847
4 0.650484 0.488426 0.064360 0.050926
4 0.566592 0.502976 0.078125 0.058862
4 0.029018 0.386574 0.051339 0.036376
4 0.644531 0.435847 0.061384 0.044974
4 0.726190 0.413360 0.060268 0.043651
4 0.481957 0.455026 0.059152 0.043651
4 0.550781 0.431217 0.056920 0.043651
4 0.331287 0.467923 0.064360 0.042989
4 0.330543 0.450066 0.061384 0.040344
4 0.103981 0.414683 0.056920 0.044974
4 0.169643 0.492725 0.075893 0.050265
4 0.122768 0.472553 0.066964 0.052249
4 0.008557 0.365410 0.017113 0.035053
4 0.324405 0.401124 0.057292 0.037698
4 0.397321 0.399140 0.053571 0.033730
9 0.292969 0.417989 0.132812 0.091270
4 0.027530 0.500992 0.055060 0.046958
4 0.078497 0.438492 0.055060 0.038360
4 0.203869 0.414021 0.052083 0.044974
4 0.466704 0.394841 0.046503 0.039683
4 0.565104 0.384921 0.051339 0.039683
4 0.466146 0.418981 0.050595 0.039021
4 0.675595 0.355159 0.052083 0.034392
4 0.647879 0.378307 0.047247 0.034392
4 0.726935 0.350860 0.045387 0.032407
4 0.707217 0.372354 0.046131 0.037037
0 0.025298 0.249669 0.050595 0.248016
0 0.382254 0.612434 0.367932 0.255291
1 0.058408 0.658730 0.021577 0.060847
0 0.088914 0.671627 0.113095 0.126323
0 0.174479 0.535714 0.049851 0.097884
1 0.120908 0.563823 0.013393 0.040344
3 0.601562 0.862765 0.037202 0.069444
1 0.601562 0.845899 0.022321 0.064815
10 0.613281 0.842593 0.043527 0.066138
2 0.611049 0.830357 0.022693 0.073413
10 0.634301 0.772817 0.030506 0.058862
1 0.704055 0.701720 0.015253 0.060847
1 0.708333 0.754630 0.018601 0.067460
1 0.660156 0.844907 0.021205 0.069444
1 0.708705 0.665675 0.015625 0.068122
1 0.717076 0.650132 0.016741 0.066138
7 0.702195 0.846561 0.049479 0.054233
3 0.750186 0.865410 0.029390 0.066799
10 0.771391 0.875000 0.026414 0.097884
1 0.794457 0.765212 0.028646 0.075397
1 0.844680 0.749008 0.027158 0.066799
2 0.868490 0.744378 0.021205 0.046958
2 0.854539 0.730489 0.019345 0.040344
10 0.803013 0.897817 0.047247 0.095899
3 0.818080 0.813161 0.046131 0.066799
2 0.816778 0.799603 0.030134 0.070106
1 0.916853 0.736442 0.023438 0.072090
1 0.697173 0.567460 0.011905 0.056878
1 0.689174 0.565807 0.011533 0.050926
0 0.307478 0.342262 0.331473 0.087963
1 0.702567 0.627315 0.016741 0.056217
1 0.769531 0.701389 0.014509 0.061508
1 0.706287 0.687500 0.014509 0.061508
1 0.714472 0.683532 0.014509 0.064153
1 0.832403 0.965939 0.020461 0.065476
1 0.707403 0.504960 0.012277 0.049603
1 0.595052 0.532738 0.011533 0.049603
1 0.759115 0.601521 0.015997 0.068122
3 0.510603 0.856151 0.044271 0.053571
3 0.660342 0.808201 0.026042 0.050265
3 0.676525 0.819775 0.028646 0.042989
