4 0.040737 0.938161 0.070312 0.121032
4 0.138393 0.907407 0.081101 0.133598
4 0.212612 0.850860 0.079985 0.117063
4 0.285714 0.817791 0.076637 0.107804
4 0.331101 0.748347 0.075149 0.095899
4 0.285714 0.957672 0.102679 0.082011
6 0.399554 0.945106 0.125000 0.108466
5 0.435268 0.875000 0.102679 0.129630
4 0.211682 0.587963 0.039435 0.060847
4 0.653832 0.490410 0.064360 0.050926
4 0.569568 0.502976 0.078125 0.058862
4 0.034040 0.387566 0.049479 0.035714
4 0.637463 0.436508 0.061384 0.044974
4 0.718750 0.415344 0.060268 0.043651
4 0.475260 0.456349 0.059152 0.043651
4 0.544457 0.433201 0.056920 0.043651
4 0.322545 0.469246 0.063988 0.042989
4 0.321615 0.451389 0.061384 0.040344
4 0.109561 0.415675 0.056920 0.045635
4 0.161830 0.494048 0.075893 0.050265
4 0.117560 0.473876 0.066964 0.052249
4 0.010789 0.365410 0.021577 0.035053
4 0.330357 0.401786 0.057292 0.037698
4 0.403832 0.399471 0.053199 0.034392
9 0.300037 0.417989 0.132812 0.091270
4 0.026042 0.501653 0.052083 0.045635
4 0.088914 0.438492 0.055060 0.038360
4 0.209821 0.413690 0.052083 0.044312
4 0.473028 0.394841 0.046503 0.039683
4 0.570126 0.384921 0.052455 0.039683
4 0.473400 0.419974 0.050223 0.038360
4 0.678943 0.355820 0.052083 0.034392
4 0.652716 0.378968 0.047247 0.034392
4 0.727679 0.350860 0.045387 0.032407
4 0.710938 0.372354 0.046131 0.037037
0 0.027530 0.250331 0.055060 0.248016
0 0.385603 0.612434 0.364955 0.255291
1 0.057664 0.660714 0.021577 0.060847
0 0.095982 0.669312 0.106399 0.119048
0 0.177455 0.535714 0.054315 0.097884
1 0.121280 0.563823 0.013393 0.040344
3 0.611607 0.870701 0.037202 0.069444
1 0.610863 0.853836 0.022321 0.064815
10 0.624442 0.851852 0.043527 0.066138
2 0.623326 0.840278 0.022693 0.073413
10 0.637649 0.774140 0.030506 0.058862
1 0.705543 0.703373 0.015253 0.060185
1 0.710751 0.755291 0.018229 0.068783
1 0.665737 0.844907 0.021205 0.069444
1 0.713542 0.668981 0.015625 0.068122
1 0.722284 0.653439 0.016741 0.066138
7 0.706101 0.849206 0.049107 0.054233
3 0.753906 0.867394 0.029390 0.066799
10 0.775112 0.877646 0.026414 0.097884
1 0.801897 0.769841 0.029390 0.075397
1 0.848772 0.750992 0.027158 0.066799
2 0.872582 0.747024 0.021205 0.046958
2 0.858631 0.733796 0.019345 0.040344
10 0.807478 0.900463 0.047247 0.095899
3 0.829613 0.819114 0.046131 0.066799
2 0.828683 0.806217 0.030134 0.071429
1 0.922433 0.737765 0.023438 0.072090
1 0.699777 0.568122 0.011905 0.056878
1 0.691778 0.566468 0.011533 0.050926
0 0.315104 0.342262 0.321429 0.087963
1 0.700707 0.627315 0.016741 0.056217
1 0.772879 0.704034 0.014509 0.061508
1 0.707775 0.687500 0.014509 0.061508
1 0.715960 0.683532 0.014509 0.064153
1 0.836868 0.966270 0.020461 0.066138
1 0.708147 0.507606 0.012277 0.049603
1 0.598028 0.533399 0.011533 0.049603
1 0.761719 0.602844 0.015997 0.068122
3 0.513579 0.856812 0.044271 0.053571
3 0.663876 0.810516 0.026414 0.050926
3 0.680060 0.821759 0.029018 0.042989
