4 0.387835 0.755291 0.046503 0.084656
4 0.451637 0.751984 0.052083 0.082011
4 0.501860 0.737434 0.050595 0.079365
4 0.555060 0.734788 0.052827 0.074074
4 0.594308 0.701720 0.053943 0.068783
4 0.417411 0.866733 0.058780 0.119709
4 0.484003 0.850198 0.061012 0.113095
4 0.542969 0.843915 0.066592 0.111111
6 0.624070 0.870370 0.085193 0.142857
5 0.663876 0.810847 0.075521 0.099206
4 0.529018 0.978505 0.063244 0.040344
4 0.601190 0.969577 0.069196 0.056878
4 0.682664 0.977844 0.081101 0.041667
4 0.753162 0.957672 0.097098 0.082011
4 0.521205 0.572751 0.030506 0.043651
4 0.940848 0.585317 0.072917 0.044974
4 0.841518 0.570106 0.063988 0.043651
4 0.721726 0.511243 0.052827 0.046296
4 0.868490 0.524471 0.063616 0.038360
4 0.971354 0.519511 0.045387 0.044312
4 0.794643 0.501653 0.057292 0.037698
4 0.591890 0.493386 0.054315 0.038360
4 0.603981 0.478836 0.053943 0.034392
4 0.482143 0.454034 0.048363 0.032407
4 0.407924 0.434193 0.044271 0.029762
4 0.515439 0.429894 0.047247 0.027778
4 0.488839 0.467923 0.046131 0.037698
5 0.457961 0.472884 0.055804 0.047619
4 0.364955 0.462963 0.049851 0.035714
4 0.386719 0.456349 0.053943 0.034392
4 0.555990 0.462302 0.046503 0.038360
4 0.641741 0.470238 0.046131 0.033069
4 0.272507 0.456680 0.046503 0.040344
4 0.506138 0.441468 0.043527 0.031085
4 0.570871 0.436839 0.040551 0.033730
4 0.279390 0.442791 0.045387 0.036376
4 0.250372 0.431217 0.045387 0.038360
4 0.281064 0.420635 0.038318 0.033069
4 0.611235 0.455357 0.046131 0.032407
4 0.624628 0.439815 0.046131 0.034392
4 0.346168 0.433862 0.041295 0.033069
4 0.431176 0.419312 0.034226 0.029101
4 0.696987 0.451389 0.038318 0.035053
4 0.131882 0.414021 0.043527 0.033069
4 0.207589 0.417989 0.029762 0.026455
0 0.254092 0.276786 0.360863 0.246693
0 0.664993 0.612765 0.216890 0.221561
0 0.037760 0.334656 0.072545 0.154762
1 0.034412 0.760582 0.013021 0.052910
11 0.036272 0.720238 0.021949 0.060847
1 0.005766 0.659061 0.011533 0.052249
1 0.026042 0.675926 0.012649 0.041005
1 0.156808 0.619709 0.016741 0.047619
1 0.071987 0.671627 0.013021 0.044312
1 0.080543 0.655093 0.013021 0.046958
1 0.091890 0.684524 0.015625 0.047619
1 0.203683 0.614087 0.015997 0.042989
1 0.135045 0.673611 0.016369 0.046958
1 0.167225 0.666005 0.018229 0.047619
1 0.154204 0.647817 0.015253 0.052249
3 0.298549 0.606151 0.025670 0.024471
2 0.297061 0.592262 0.011533 0.040344
0 0.372582 0.635251 0.365699 0.113095
0 0.401786 0.509921 0.343750 0.097884
0 0.886719 0.772817 0.225818 0.453042
0 0.598214 0.375992 0.195685 0.087963
