4 0.390625 0.878968 0.055060 0.117725
4 0.469494 0.876653 0.058780 0.114418
4 0.532552 0.854828 0.063616 0.107804
4 0.595982 0.852513 0.064732 0.103175
4 0.644159 0.805556 0.069568 0.095238
4 0.504278 0.971230 0.068824 0.056217
4 0.580171 0.970238 0.077009 0.058201
5 0.733817 0.949405 0.091146 0.101190
4 0.556362 0.629960 0.033854 0.054894
4 0.928571 0.633929 0.078869 0.052249
4 0.819196 0.561177 0.073661 0.042989
4 0.843564 0.541667 0.068824 0.046296
4 0.429129 0.468585 0.050223 0.032407
4 0.343936 0.443452 0.047247 0.036376
4 0.521577 0.448082 0.046131 0.032407
4 0.653832 0.516865 0.056920 0.037698
5 0.606399 0.521825 0.065476 0.056878
4 0.469494 0.505291 0.054315 0.039683
4 0.490885 0.492725 0.053199 0.038360
4 0.521577 0.481151 0.051339 0.037698
4 0.627790 0.498677 0.053943 0.033069
4 0.366815 0.492394 0.052083 0.045635
4 0.428943 0.454365 0.049107 0.038360
4 0.577195 0.459987 0.046503 0.037698
4 0.366443 0.475198 0.051339 0.042989
4 0.173549 0.439153 0.053943 0.038360
4 0.194382 0.429894 0.040551 0.033069
4 0.260789 0.475529 0.054315 0.043651
4 0.283668 0.460979 0.049479 0.035714
4 0.572917 0.475860 0.048363 0.036376
4 0.643229 0.466931 0.049107 0.039683
4 0.157924 0.471561 0.059896 0.044974
4 0.270461 0.444775 0.045387 0.035053
4 0.433408 0.425595 0.031250 0.031085
9 0.711682 0.473214 0.120536 0.077381
4 0.814546 0.489418 0.056920 0.038360
4 0.899368 0.487103 0.050223 0.035053
9 0.925781 0.510582 0.135045 0.091270
4 0.700335 0.468585 0.038318 0.036376
4 0.034226 0.419643 0.046131 0.032407
4 0.120908 0.426257 0.034226 0.031085
0 0.219866 0.289683 0.392857 0.248677
0 0.689918 0.663029 0.216890 0.221561
0 0.010231 0.336640 0.020461 0.154762
1 0.200149 0.674272 0.013393 0.053571
1 0.006510 0.742725 0.009301 0.050265
1 0.022879 0.731151 0.017485 0.052249
1 0.227493 0.668651 0.012277 0.054233
1 0.040923 0.761574 0.018601 0.054894
1 0.022507 0.746032 0.013765 0.048942
1 0.082961 0.746693 0.015625 0.060847
1 0.057850 0.716601 0.018229 0.061508
3 0.365513 0.658399 0.028646 0.029762
2 0.363467 0.645833 0.014881 0.048280
0 0.336310 0.711971 0.461310 0.146164
0 0.470610 0.557870 0.343750 0.098545
3 0.247954 0.538360 0.019717 0.022487
2 0.247396 0.525463 0.015625 0.032407
3 0.212612 0.516865 0.022693 0.021825
2 0.208705 0.504299 0.010417 0.031085
0 0.896763 0.794974 0.192336 0.410053
0 0.599330 0.384590 0.235863 0.087963
