4 0.204613 0.931217 0.069940 0.132275
4 0.294643 0.910384 0.069940 0.128968
4 0.362909 0.869048 0.071801 0.113757
4 0.430246 0.846892 0.071801 0.109127
4 0.475260 0.785384 0.071801 0.099868
5 0.576823 0.930556 0.100074 0.133598
4 0.371652 0.606812 0.033482 0.061508
4 0.813988 0.557209 0.069940 0.052249
4 0.725446 0.557540 0.078869 0.059524
4 0.039993 0.467262 0.056176 0.041667
4 0.262091 0.408399 0.046503 0.032407
4 0.808966 0.481481 0.059896 0.043651
5 0.710751 0.492725 0.070312 0.059524
4 0.486607 0.502315 0.061012 0.045635
4 0.536644 0.483466 0.058408 0.044974
4 0.139323 0.463294 0.057664 0.036376
4 0.251860 0.461640 0.057292 0.038360
4 0.344680 0.500661 0.056176 0.043651
4 0.039807 0.447421 0.058780 0.037698
4 0.276786 0.428571 0.046131 0.038360
4 0.370164 0.477844 0.057292 0.041667
4 0.206101 0.494378 0.063244 0.042989
4 0.210938 0.477183 0.058036 0.036376
4 0.189360 0.450066 0.048363 0.036376
4 0.359375 0.436177 0.049107 0.040344
4 0.087054 0.509590 0.073661 0.042989
4 0.084263 0.481151 0.058408 0.040344
4 0.213914 0.392196 0.024554 0.034392
9 0.327939 0.433201 0.123884 0.076720
4 0.564546 0.432870 0.056920 0.037698
4 0.653088 0.434193 0.050223 0.035053
9 0.604167 0.445767 0.132440 0.091270
4 0.010045 0.507937 0.020089 0.038360
4 0.461496 0.447751 0.047991 0.038360
4 0.464472 0.433201 0.046503 0.038360
4 0.715030 0.435516 0.054315 0.040344
4 0.781808 0.427910 0.059152 0.039683
4 0.781808 0.456349 0.059896 0.042328
4 0.853795 0.411045 0.060268 0.035053
4 0.872954 0.430886 0.053199 0.035053
4 0.910528 0.409392 0.050223 0.038360
0 0.125558 0.268849 0.251116 0.248016
0 0.587612 0.630952 0.391741 0.255291
3 0.289249 0.669312 0.028646 0.030423
2 0.284970 0.655754 0.014881 0.050926
0 0.195871 0.701720 0.391741 0.170635
0 0.320312 0.545304 0.140625 0.087963
3 0.204055 0.560516 0.026414 0.027116
2 0.199777 0.540344 0.015625 0.033069
3 0.145089 0.541667 0.024554 0.027778
2 0.142485 0.526786 0.013393 0.029762
1 0.196615 0.582011 0.014509 0.039683
3 0.739769 0.746032 0.023438 0.054233
2 0.743862 0.734458 0.014509 0.057540
10 0.793155 0.869709 0.030506 0.059524
1 0.850260 0.812831 0.017485 0.076720
1 0.878534 0.863095 0.024182 0.071429
1 0.851935 0.920304 0.021577 0.069444
1 0.925781 0.846230 0.024182 0.072090
1 0.937872 0.833664 0.022321 0.078704
3 0.713914 0.850198 0.029018 0.057540
2 0.715030 0.833664 0.020089 0.065476
0 0.435082 0.365410 0.300967 0.087963
1 0.948103 0.827381 0.019717 0.067460
1 0.849888 0.713294 0.014509 0.061508
1 0.861049 0.708003 0.014509 0.064153
1 0.806362 0.592262 0.016741 0.049603
1 0.926525 0.682209 0.015997 0.068122
3 0.657924 0.933862 0.044271 0.056878
3 0.817150 0.911706 0.033854 0.061508
3 0.838728 0.930225 0.033854 0.056217
