4 0.109933 0.934193 0.077753 0.128968
4 0.205357 0.905423 0.077381 0.133598
4 0.277902 0.854828 0.078869 0.114418
4 0.348214 0.830026 0.075149 0.108466
4 0.391927 0.762897 0.071801 0.097222
4 0.342634 0.963955 0.090774 0.069444
6 0.453869 0.955357 0.116071 0.086640
5 0.492560 0.897817 0.099702 0.134259
4 0.280320 0.595238 0.035342 0.060847
4 0.722842 0.518849 0.069940 0.052249
4 0.633743 0.524471 0.079241 0.059524
4 0.147135 0.396164 0.046503 0.033069
4 0.548363 0.471230 0.061012 0.045635
4 0.620164 0.450397 0.060268 0.043651
4 0.043527 0.464947 0.066964 0.043651
4 0.398251 0.481812 0.059152 0.042989
4 0.451265 0.460648 0.057292 0.042989
4 0.225632 0.488426 0.064360 0.042989
4 0.235491 0.469246 0.061012 0.040344
4 0.219308 0.421296 0.050223 0.044974
4 0.100446 0.507275 0.075893 0.050265
4 0.079427 0.481812 0.065104 0.046958
4 0.103795 0.376323 0.024554 0.034392
9 0.127790 0.429233 0.138021 0.075397
4 0.444382 0.415013 0.056920 0.037698
4 0.516927 0.413690 0.050223 0.035053
9 0.435454 0.427249 0.126860 0.091270
4 0.259859 0.438161 0.047991 0.037698
4 0.324963 0.420635 0.052455 0.039683
4 0.581101 0.409392 0.054315 0.039683
4 0.673921 0.401786 0.059152 0.040344
4 0.614025 0.429894 0.059152 0.038360
4 0.747768 0.378968 0.052083 0.034392
4 0.745722 0.399802 0.053199 0.035053
4 0.803385 0.371693 0.045015 0.038360
0 0.068452 0.263558 0.136905 0.248016
0 0.462054 0.619378 0.340030 0.253307
1 0.069196 0.677249 0.019345 0.060847
1 0.014137 0.701720 0.019345 0.054233
3 0.261719 0.643519 0.028646 0.030423
2 0.259115 0.630622 0.015253 0.050926
0 0.146577 0.714286 0.293155 0.170635
0 0.241443 0.542328 0.107887 0.097884
3 0.148624 0.535384 0.025670 0.029762
2 0.144717 0.524140 0.012649 0.040344
1 0.148251 0.574735 0.014509 0.039683
3 0.618490 0.673942 0.023438 0.054233
2 0.619234 0.663690 0.014509 0.057540
10 0.697545 0.813823 0.030506 0.058862
1 0.757626 0.754960 0.017485 0.077381
1 0.778460 0.794312 0.018229 0.070106
1 0.734933 0.875000 0.021205 0.070106
1 0.794643 0.737765 0.015625 0.068122
1 0.808594 0.728505 0.017485 0.078704
7 0.775298 0.890873 0.049107 0.054233
3 0.823103 0.914683 0.029390 0.066138
10 0.845796 0.931878 0.026414 0.097884
1 0.939546 0.858135 0.029390 0.074735
1 0.926153 0.806217 0.027158 0.066138
2 0.957217 0.799272 0.021577 0.046958
2 0.943080 0.787368 0.019345 0.040344
10 0.878534 0.950728 0.044271 0.086640
3 0.575707 0.743386 0.026414 0.054233
2 0.576451 0.726521 0.018229 0.064153
1 0.769159 0.597222 0.015253 0.056878
1 0.759301 0.595899 0.011905 0.056878
0 0.321987 0.353505 0.300967 0.087963
1 0.719308 0.637897 0.010789 0.053571
1 0.840960 0.752976 0.017485 0.068122
1 0.760603 0.689484 0.014509 0.061508
1 0.768043 0.686839 0.014509 0.064153
1 0.752790 0.547288 0.016741 0.049603
1 0.658854 0.551587 0.011161 0.048942
1 0.832775 0.635251 0.015997 0.068122
3 0.573103 0.886574 0.044271 0.053571
3 0.724144 0.847553 0.028646 0.054894
3 0.740141 0.861442 0.030134 0.042989
