4 0.385975 0.885913 0.055432 0.119709
4 0.465774 0.882937 0.059524 0.116402
4 0.529204 0.860450 0.064360 0.109788
4 0.593192 0.858135 0.065104 0.105159
4 0.641369 0.809524 0.069940 0.096561
4 0.501674 0.975860 0.068824 0.046958
4 0.579799 0.974537 0.077009 0.049603
5 0.734561 0.953042 0.091146 0.093915
4 0.556920 0.633929 0.033482 0.054894
4 0.932478 0.636574 0.083705 0.054894
4 0.833147 0.564484 0.074033 0.044312
4 0.858259 0.544643 0.069196 0.046958
4 0.420573 0.468915 0.052455 0.033069
4 0.334263 0.444114 0.047991 0.036376
4 0.515253 0.448082 0.046131 0.032407
4 0.662946 0.519841 0.057292 0.038360
5 0.613653 0.525132 0.066592 0.058201
4 0.472656 0.508267 0.054688 0.040344
4 0.495722 0.494709 0.053199 0.038360
4 0.511161 0.481812 0.051339 0.037698
4 0.621466 0.498677 0.053943 0.033069
4 0.369792 0.494378 0.052083 0.045635
4 0.419271 0.455026 0.049107 0.038360
4 0.571987 0.460317 0.046503 0.038360
4 0.368118 0.477844 0.051711 0.042989
4 0.163504 0.441138 0.053943 0.038360
4 0.182850 0.431217 0.040551 0.033069
4 0.263393 0.478175 0.054315 0.043651
4 0.285714 0.463294 0.049107 0.036376
4 0.565104 0.476521 0.048363 0.036376
4 0.639881 0.466931 0.049107 0.039683
4 0.160900 0.473876 0.059896 0.045635
4 0.262463 0.446429 0.045015 0.035714
4 0.429315 0.425926 0.029762 0.030423
9 0.705543 0.473545 0.121652 0.076720
4 0.812500 0.490741 0.057292 0.038360
4 0.895647 0.486442 0.050223 0.035053
9 0.922061 0.511574 0.138021 0.090608
4 0.699777 0.470238 0.037946 0.037037
4 0.026600 0.419643 0.042783 0.032407
4 0.113653 0.426257 0.034598 0.031085
0 0.217262 0.291005 0.393601 0.248677
0 0.685454 0.664352 0.216890 0.221561
0 0.008743 0.336640 0.017485 0.154762
1 0.201637 0.676918 0.013393 0.053571
1 0.017299 0.737103 0.017485 0.052249
1 0.227307 0.673280 0.012649 0.055556
1 0.031622 0.768519 0.019345 0.054233
1 0.014323 0.752646 0.013765 0.048942
1 0.071615 0.754299 0.016741 0.061508
1 0.046875 0.721892 0.018601 0.061508
3 0.365885 0.662368 0.028646 0.029762
2 0.364211 0.649802 0.014881 0.048280
0 0.330915 0.717262 0.466146 0.148810
0 0.473958 0.557209 0.343750 0.098545
3 0.249814 0.541997 0.020461 0.023148
2 0.249256 0.528108 0.015625 0.032407
3 0.213728 0.519511 0.022693 0.021825
2 0.209821 0.506944 0.010417 0.031085
0 0.894717 0.794312 0.197917 0.410053
0 0.599516 0.385251 0.238467 0.087963
