4 0.396205 0.863757 0.053571 0.113757
4 0.473028 0.861442 0.056920 0.110450
4 0.534784 0.840939 0.062128 0.103836
4 0.596912 0.838624 0.063616 0.099206
4 0.644345 0.794643 0.067708 0.093254
4 0.425967 0.968585 0.066964 0.062831
4 0.508371 0.960979 0.068824 0.075397
4 0.581287 0.960317 0.077009 0.076720
6 0.681548 0.972553 0.095982 0.053571
5 0.731213 0.939484 0.091146 0.114418
4 0.555432 0.622354 0.034226 0.054233
4 0.921317 0.625992 0.071801 0.048280
4 0.966704 0.575397 0.065848 0.048942
4 0.790737 0.551257 0.068080 0.042989
4 0.811570 0.533730 0.067336 0.044974
4 0.441778 0.465939 0.050223 0.032407
4 0.355841 0.445437 0.047247 0.036376
4 0.526042 0.446098 0.046131 0.032407
4 0.631882 0.509590 0.056920 0.037698
5 0.587798 0.513558 0.063244 0.053571
4 0.459077 0.499339 0.054315 0.039683
4 0.480097 0.488757 0.053199 0.038360
4 0.531064 0.478505 0.050967 0.037698
4 0.634115 0.493386 0.053943 0.033069
4 0.355469 0.487103 0.051711 0.044312
4 0.443638 0.453373 0.047991 0.039021
4 0.582031 0.456680 0.046503 0.037698
4 0.359933 0.469246 0.050967 0.041667
4 0.189918 0.436508 0.053199 0.038360
4 0.212798 0.427910 0.040179 0.033069
4 0.255208 0.469907 0.054315 0.042989
4 0.279576 0.456019 0.050223 0.035053
4 0.585379 0.473545 0.047991 0.035714
4 0.646949 0.464947 0.049107 0.039683
4 0.152344 0.467262 0.059896 0.044312
4 0.285342 0.442791 0.044643 0.035053
4 0.439174 0.424934 0.032366 0.031085
9 0.716518 0.471230 0.120536 0.077381
4 0.812686 0.484788 0.054688 0.038360
4 0.899368 0.487103 0.050223 0.035053
9 0.933036 0.509259 0.128720 0.091270
4 0.701823 0.464616 0.038318 0.036376
4 0.051897 0.419643 0.044271 0.032407
4 0.135045 0.425595 0.034226 0.031085
0 0.224888 0.287698 0.390997 0.248677
0 0.699219 0.661045 0.216890 0.221561
0 0.013207 0.336640 0.026414 0.154762
1 0.198103 0.665344 0.013021 0.052910
1 0.017857 0.731812 0.013393 0.049603
1 0.035900 0.720569 0.017485 0.052249
1 0.228609 0.660714 0.010045 0.048942
1 0.058036 0.747354 0.016369 0.055556
1 0.035342 0.736111 0.013393 0.048942
1 0.100818 0.734788 0.020089 0.056878
1 0.076265 0.705688 0.017857 0.059524
3 0.361421 0.648479 0.028646 0.029762
2 0.359747 0.635913 0.015625 0.042989
0 0.347470 0.701389 0.451637 0.142196
0 0.468750 0.544974 0.343750 0.097884
3 0.240513 0.532407 0.019717 0.022487
2 0.239211 0.520833 0.015625 0.032407
3 0.206659 0.511574 0.022693 0.021825
2 0.203497 0.500661 0.010417 0.029101
0 0.898996 0.789683 0.192336 0.420635
0 0.599144 0.383267 0.231027 0.087963
