4 0.059710 0.935847 0.082217 0.125661
4 0.162016 0.906085 0.080729 0.133598
4 0.234375 0.850529 0.078869 0.113757
4 0.306548 0.820767 0.075149 0.108466
4 0.351004 0.753638 0.074777 0.095899
4 0.306920 0.958664 0.098214 0.080026
6 0.420387 0.947090 0.123512 0.103175
5 0.456659 0.881283 0.102307 0.130291
4 0.237723 0.591601 0.039435 0.061508
4 0.678571 0.500992 0.063988 0.050926
4 0.592076 0.506944 0.078497 0.058862
4 0.078497 0.390873 0.046131 0.033069
4 0.599702 0.448413 0.061012 0.044974
4 0.677455 0.427910 0.060268 0.043651
4 0.437314 0.468254 0.059152 0.043651
4 0.509859 0.443452 0.056920 0.042989
4 0.276786 0.477183 0.063988 0.042989
4 0.277716 0.460648 0.061384 0.040344
4 0.150856 0.418320 0.056176 0.045635
4 0.131696 0.500000 0.075893 0.050265
4 0.098586 0.477844 0.066964 0.052249
4 0.044271 0.367725 0.029762 0.034392
9 0.045201 0.423280 0.090402 0.075397
4 0.370908 0.405754 0.057292 0.037698
4 0.446987 0.403439 0.053199 0.034392
9 0.350632 0.419312 0.128348 0.091270
4 0.016741 0.506283 0.033482 0.041667
4 0.155134 0.437831 0.055060 0.038360
4 0.254650 0.415344 0.052455 0.039683
4 0.512649 0.396825 0.046131 0.039683
4 0.615513 0.386243 0.059152 0.039683
4 0.526972 0.419643 0.049479 0.037698
4 0.706473 0.361111 0.052083 0.034392
4 0.686198 0.383598 0.047247 0.034392
4 0.756510 0.357474 0.045015 0.032407
0 0.040551 0.252315 0.081101 0.248016
0 0.413132 0.613757 0.356771 0.253968
1 0.062128 0.666005 0.019345 0.060847
0 0.126674 0.663360 0.071801 0.101852
0 0.215030 0.537037 0.107887 0.097884
1 0.130208 0.567130 0.012649 0.040344
3 0.677269 0.932540 0.047247 0.070106
1 0.678943 0.916997 0.025298 0.081349
10 0.703311 0.919643 0.047991 0.073413
2 0.704799 0.904762 0.022693 0.072751
10 0.660342 0.788029 0.030506 0.058862
1 0.723214 0.724537 0.017113 0.066799
1 0.734933 0.766534 0.018229 0.070106
1 0.695126 0.854167 0.021205 0.069444
1 0.742932 0.693452 0.015625 0.068122
1 0.755022 0.683201 0.017485 0.076720
7 0.731771 0.865079 0.049107 0.054233
3 0.780320 0.879960 0.029390 0.066799
10 0.802269 0.899471 0.026414 0.097884
1 0.853237 0.799603 0.029390 0.075397
1 0.875930 0.767526 0.027158 0.066799
2 0.902530 0.764220 0.021577 0.046958
2 0.890253 0.752976 0.019345 0.040344
10 0.836496 0.916336 0.047247 0.095899
3 0.905134 0.867063 0.046131 0.067460
2 0.909598 0.851852 0.029762 0.071429
1 0.722098 0.575397 0.011905 0.056878
1 0.715402 0.575728 0.011905 0.056217
0 0.283110 0.346892 0.352679 0.086640
1 0.706473 0.629960 0.013393 0.056217
1 0.795945 0.717923 0.014509 0.061508
1 0.724144 0.686839 0.014509 0.061508
1 0.731213 0.682870 0.014509 0.064153
1 0.725632 0.522156 0.012277 0.049603
1 0.621838 0.538029 0.011533 0.049603
1 0.788504 0.612765 0.015997 0.068122
3 0.536644 0.868717 0.044271 0.053571
3 0.684896 0.824074 0.028274 0.054233
3 0.699963 0.834987 0.030134 0.042989
