4 0.261347 0.930886 0.066592 0.134259
4 0.348214 0.914683 0.067708 0.129630
4 0.414807 0.875000 0.070685 0.116402
4 0.483445 0.859458 0.071801 0.109127
4 0.529018 0.801587 0.072173 0.101852
5 0.629836 0.941468 0.104167 0.115741
4 0.425967 0.612103 0.033482 0.061508
4 0.881138 0.583003 0.064360 0.053571
4 0.788318 0.581349 0.084821 0.059524
4 0.961496 0.530093 0.073289 0.050926
4 0.981585 0.494709 0.035342 0.044974
4 0.152344 0.459325 0.058408 0.029762
4 0.066406 0.447751 0.056176 0.038360
4 0.330915 0.415344 0.046503 0.033069
4 0.772321 0.500661 0.060268 0.043651
5 0.684152 0.509921 0.069940 0.062169
4 0.478237 0.507606 0.058408 0.045635
4 0.521019 0.490741 0.058408 0.044974
4 0.247396 0.461640 0.052827 0.038360
4 0.364769 0.465939 0.053199 0.037698
4 0.350260 0.501323 0.056176 0.043651
4 0.152716 0.444775 0.056176 0.037698
4 0.365513 0.430556 0.046503 0.038360
4 0.354539 0.482474 0.057292 0.041667
4 0.218750 0.493386 0.059524 0.043651
4 0.230841 0.476521 0.057664 0.037698
4 0.295387 0.450728 0.048363 0.036376
4 0.462054 0.442130 0.049107 0.040344
4 0.103237 0.506614 0.066592 0.043651
4 0.105655 0.473545 0.052827 0.037037
4 0.277158 0.398148 0.024554 0.034392
9 0.435082 0.440476 0.123884 0.076720
4 0.642485 0.446098 0.057292 0.037698
4 0.733817 0.444775 0.050223 0.035053
9 0.699963 0.460979 0.135789 0.091270
4 0.020089 0.499339 0.040179 0.038360
4 0.013765 0.474868 0.027530 0.043651
4 0.572731 0.457672 0.047991 0.038360
4 0.547061 0.443122 0.046503 0.038360
4 0.787946 0.452381 0.050595 0.041005
4 0.859003 0.449074 0.062500 0.039683
4 0.884859 0.480159 0.065104 0.043651
4 0.920759 0.429894 0.060268 0.034392
4 0.954055 0.456019 0.056920 0.041667
0 0.153832 0.318783 0.307664 0.199735
0 0.648996 0.643519 0.391741 0.255291
1 0.131696 0.708995 0.019345 0.060847
1 0.118676 0.703704 0.019345 0.054233
3 0.313058 0.674603 0.028646 0.030423
2 0.311012 0.658399 0.014881 0.050926
0 0.226935 0.744709 0.438244 0.170635
0 0.356771 0.554894 0.186756 0.095238
3 0.216332 0.559193 0.026414 0.027116
2 0.212426 0.541997 0.015625 0.032407
3 0.163318 0.541997 0.022321 0.021825
2 0.158854 0.526786 0.013393 0.029762
1 0.233259 0.576058 0.014137 0.039683
3 0.817522 0.796296 0.023438 0.054233
2 0.820126 0.780754 0.014509 0.057540
10 0.854725 0.906085 0.030134 0.059524
1 0.914249 0.852513 0.017485 0.076720
1 0.945871 0.903439 0.024182 0.071429
1 0.940476 0.959656 0.021577 0.070106
3 0.813430 0.934193 0.039062 0.069444
2 0.816778 0.915344 0.021205 0.066138
0 0.504650 0.370701 0.300967 0.087963
1 0.916853 0.731151 0.014509 0.061508
1 0.927269 0.730489 0.014509 0.064153
