4 0.318824 0.932209 0.063244 0.134259
4 0.404018 0.921958 0.065476 0.129630
4 0.472098 0.890212 0.069940 0.119048
4 0.539807 0.879960 0.070685 0.111772
4 0.586682 0.823082 0.072917 0.105159
5 0.681920 0.958664 0.090774 0.082672
4 0.490513 0.628307 0.033110 0.060847
4 0.865699 0.617394 0.085565 0.058862
4 0.936570 0.557870 0.074033 0.050926
4 0.964844 0.540344 0.068080 0.044974
4 0.276972 0.462963 0.056176 0.030423
4 0.190290 0.445106 0.050967 0.034392
4 0.414062 0.428241 0.046131 0.032407
4 0.741815 0.522487 0.060268 0.043651
5 0.667411 0.528108 0.069940 0.062831
4 0.483259 0.517526 0.058036 0.045635
4 0.516741 0.504299 0.058780 0.041667
4 0.365885 0.469907 0.050967 0.037698
4 0.483445 0.481481 0.053943 0.038360
4 0.368490 0.509921 0.053943 0.044974
4 0.275112 0.449405 0.053199 0.037698
4 0.464844 0.448413 0.046503 0.038360
4 0.364397 0.488426 0.053199 0.042989
4 0.018973 0.446098 0.035714 0.040344
4 0.015439 0.432209 0.030878 0.032407
4 0.240885 0.493386 0.058408 0.043651
4 0.263765 0.478175 0.054315 0.038360
4 0.416295 0.465278 0.048363 0.036376
4 0.547061 0.453042 0.049479 0.039683
4 0.134301 0.494378 0.062500 0.042989
4 0.131696 0.467923 0.052083 0.036376
4 0.101935 0.451058 0.048363 0.038360
4 0.352679 0.410384 0.024554 0.029762
9 0.555246 0.457672 0.128348 0.076720
4 0.728051 0.470238 0.057292 0.038360
4 0.806734 0.470899 0.050223 0.034392
9 0.805618 0.491402 0.147693 0.091270
9 0.034784 0.557870 0.069568 0.138228
4 0.699591 0.483135 0.050967 0.041667
4 0.637835 0.463624 0.045015 0.038360
4 0.886905 0.484458 0.049107 0.041667
4 0.957775 0.484127 0.059896 0.039683
0 0.182664 0.314484 0.365327 0.173942
0 0.725074 0.667659 0.362351 0.224206
1 0.167597 0.712963 0.019717 0.060847
1 0.171131 0.703042 0.019345 0.054233
3 0.345052 0.685185 0.028646 0.030423
2 0.343006 0.668320 0.014881 0.050926
0 0.258371 0.745040 0.501116 0.171296
0 0.437128 0.558532 0.343750 0.098545
3 0.238281 0.559854 0.026414 0.027116
2 0.235863 0.543320 0.015625 0.032407
3 0.191406 0.539352 0.022693 0.021825
2 0.187500 0.524140 0.013393 0.029762
0 0.578125 0.387235 0.279018 0.087963
