4 0.021391 0.941138 0.042783 0.116402
4 0.106957 0.909061 0.084449 0.132937
4 0.183222 0.849868 0.082217 0.119048
4 0.257626 0.814815 0.077753 0.107143
4 0.302455 0.744048 0.077381 0.095238
4 0.257440 0.957341 0.107887 0.082672
6 0.372024 0.942460 0.125744 0.113757
5 0.407738 0.868056 0.102679 0.130291
4 0.175595 0.587963 0.039435 0.064815
4 0.621838 0.482474 0.064360 0.050926
4 0.701265 0.412037 0.057292 0.044974
4 0.531250 0.439484 0.055060 0.042989
4 0.606957 0.416336 0.056920 0.042989
4 0.394903 0.452712 0.064360 0.042989
4 0.412574 0.433532 0.061012 0.040344
4 0.046131 0.413029 0.059524 0.044312
4 0.240327 0.480820 0.075149 0.050265
4 0.175037 0.461310 0.065848 0.052249
4 0.268973 0.401786 0.057292 0.037698
4 0.338170 0.396164 0.054315 0.038360
9 0.227865 0.418981 0.138765 0.090608
4 0.069754 0.492394 0.074033 0.045635
4 0.034784 0.475198 0.065104 0.050926
4 0.148810 0.413029 0.052083 0.045635
4 0.415737 0.391534 0.046503 0.039683
4 0.515067 0.381614 0.052455 0.039683
4 0.405134 0.415013 0.052083 0.040344
4 0.640067 0.347884 0.052455 0.034392
4 0.598772 0.373347 0.047247 0.035053
4 0.691592 0.339947 0.045387 0.033069
4 0.657738 0.364087 0.046131 0.037698
0 0.404762 0.623677 0.258185 0.246032
10 0.098214 0.628968 0.040179 0.039683
3 0.110677 0.573743 0.035342 0.037698
3 0.161644 0.557209 0.030134 0.032407
1 0.073103 0.646164 0.021205 0.060847
0 0.162574 0.668651 0.223214 0.144180
1 0.111235 0.559854 0.013393 0.040344
0 0.228423 0.541005 0.095238 0.080688
3 0.521205 0.793651 0.037202 0.067460
1 0.521949 0.783069 0.022321 0.064815
10 0.519345 0.763889 0.037202 0.066138
2 0.518229 0.760251 0.022321 0.073413
10 0.605469 0.758598 0.030134 0.059524
1 0.673177 0.688161 0.015997 0.064153
1 0.692708 0.754960 0.018601 0.062831
1 0.603981 0.836310 0.021205 0.069444
1 0.669829 0.630622 0.014509 0.056217
1 0.676897 0.623016 0.015253 0.064815
7 0.676897 0.834656 0.049479 0.054233
3 0.725260 0.845569 0.029390 0.066799
10 0.745350 0.863095 0.026414 0.097884
1 0.746652 0.725860 0.016369 0.074735
1 0.816034 0.733135 0.027158 0.066799
2 0.842076 0.727183 0.021205 0.046958
2 0.828497 0.711310 0.019345 0.040344
10 0.776228 0.875331 0.047247 0.095899
3 0.727121 0.758929 0.037574 0.050926
2 0.729353 0.743717 0.024182 0.061508
1 0.883371 0.731151 0.023438 0.072090
1 0.936198 0.959325 0.026414 0.080026
1 0.666295 0.554233 0.011905 0.056878
1 0.659226 0.554233 0.011905 0.051587
0 0.241257 0.341601 0.418527 0.087963
1 0.701079 0.627315 0.015253 0.056217
1 0.730469 0.682870 0.017485 0.061508
1 0.697731 0.692130 0.014509 0.061508
1 0.702939 0.686177 0.013765 0.064153
1 0.794829 0.959325 0.020461 0.080026
1 0.693638 0.494378 0.012277 0.049603
1 0.579427 0.531415 0.011533 0.049603
1 0.736979 0.595569 0.015625 0.058862
3 0.484561 0.849537 0.044271 0.053571
3 0.631138 0.793320 0.025670 0.049603
3 0.647507 0.805225 0.028646 0.042989
