4 0.394717 0.791005 0.049107 0.096561
4 0.462240 0.788029 0.052455 0.093254
4 0.516741 0.771825 0.054315 0.087302
4 0.573103 0.769841 0.056920 0.082011
4 0.614769 0.734127 0.058408 0.078042
4 0.424851 0.914021 0.064732 0.129630
4 0.495536 0.899140 0.064732 0.127646
4 0.560826 0.894180 0.071801 0.121693
6 0.648810 0.914352 0.093006 0.136905
5 0.689918 0.857474 0.082217 0.110450
4 0.537202 0.592262 0.030506 0.053571
4 0.968564 0.609127 0.062128 0.055556
4 0.869234 0.594907 0.071801 0.048280
4 0.802083 0.531746 0.058036 0.048942
4 0.965774 0.548942 0.058780 0.044974
4 0.881138 0.523810 0.062128 0.046296
4 0.656250 0.513889 0.058036 0.042328
4 0.672805 0.496693 0.062872 0.038360
4 0.473772 0.458003 0.050223 0.032407
4 0.393787 0.436177 0.045015 0.031085
4 0.523624 0.437831 0.047247 0.029101
4 0.535342 0.481812 0.053571 0.037698
5 0.502790 0.486442 0.058408 0.050926
4 0.400112 0.474537 0.050967 0.036376
4 0.419271 0.466931 0.053571 0.037037
4 0.553199 0.467923 0.046131 0.037698
4 0.642671 0.479828 0.051711 0.032407
4 0.303757 0.466270 0.048735 0.039683
4 0.490327 0.446759 0.043155 0.031085
4 0.579427 0.443783 0.042039 0.033069
4 0.309338 0.452712 0.045759 0.036376
4 0.233073 0.432540 0.045759 0.038360
4 0.263207 0.424603 0.038318 0.033069
4 0.607887 0.462302 0.046131 0.033069
4 0.638021 0.447090 0.046875 0.035714
4 0.328497 0.439484 0.043155 0.036376
4 0.437314 0.422950 0.032366 0.031085
9 0.735305 0.460979 0.120908 0.078042
4 0.801153 0.470238 0.045015 0.039683
4 0.865699 0.477183 0.049851 0.035053
9 0.934710 0.493056 0.129836 0.090608
4 0.704799 0.457341 0.038318 0.035053
4 0.107329 0.416667 0.043527 0.033069
4 0.187500 0.420966 0.034226 0.029762
0 0.246652 0.279431 0.380952 0.249339
0 0.683222 0.630622 0.216890 0.221561
0 0.028646 0.334656 0.057292 0.154762
1 0.021763 0.785384 0.013021 0.053571
11 0.025856 0.743386 0.021949 0.060847
1 0.009859 0.695767 0.017485 0.051587
1 0.173921 0.634259 0.013021 0.048942
1 0.055990 0.690807 0.013021 0.044312
1 0.070871 0.677249 0.013765 0.047619
1 0.066034 0.708333 0.015997 0.047619
1 0.215588 0.627976 0.015997 0.044312
1 0.114397 0.695106 0.015997 0.050265
1 0.148996 0.689815 0.021205 0.051587
1 0.132254 0.665013 0.015253 0.052249
3 0.324591 0.619378 0.025670 0.024471
2 0.321987 0.606151 0.011533 0.040344
0 0.372210 0.651124 0.399182 0.118386
0 0.432292 0.518519 0.343750 0.097884
3 0.196057 0.508267 0.019345 0.021825
2 0.194568 0.497024 0.015625 0.032407
3 0.165179 0.490410 0.022321 0.023148
2 0.162760 0.481481 0.010789 0.026455
0 0.894159 0.767196 0.210938 0.452381
0 0.598586 0.378638 0.208333 0.087963
