4 0.096726 0.911045 0.086310 0.134259
4 0.173549 0.851190 0.082961 0.119048
4 0.249070 0.815146 0.078497 0.107804
4 0.293899 0.743717 0.078125 0.094577
4 0.255580 0.958664 0.107887 0.080026
6 0.371280 0.943452 0.125744 0.111772
5 0.406994 0.869378 0.102679 0.130291
4 0.173363 0.587963 0.039435 0.064815
4 0.617746 0.484127 0.064360 0.050265
4 0.575149 0.432870 0.055060 0.042989
4 0.653832 0.413029 0.056920 0.042989
4 0.452195 0.446429 0.064360 0.043651
4 0.484375 0.427579 0.061012 0.040344
4 0.026600 0.413360 0.053199 0.043651
4 0.305804 0.467593 0.072917 0.050265
4 0.232701 0.456019 0.061384 0.052249
4 0.245908 0.404431 0.057292 0.037698
4 0.322545 0.397487 0.054315 0.038360
9 0.208333 0.420966 0.139881 0.091931
4 0.134301 0.485450 0.073661 0.044974
4 0.085751 0.470569 0.070312 0.052249
4 0.131324 0.416336 0.052083 0.045635
4 0.392671 0.390212 0.053943 0.038360
4 0.502418 0.384921 0.053199 0.039683
4 0.378348 0.415675 0.052083 0.040344
4 0.644903 0.347884 0.052455 0.034392
4 0.580543 0.374669 0.047247 0.035053
4 0.693824 0.343254 0.045387 0.033069
4 0.645275 0.366071 0.046503 0.037698
0 0.442708 0.633929 0.202381 0.238757
10 0.029762 0.639550 0.038690 0.039683
3 0.125930 0.568783 0.035342 0.038360
3 0.178757 0.553241 0.030134 0.032407
1 0.091332 0.643188 0.021205 0.061508
0 0.202195 0.671296 0.199033 0.145503
1 0.121280 0.554894 0.013393 0.039683
0 0.258557 0.552579 0.162202 0.126323
10 0.605097 0.760582 0.030134 0.059524
1 0.674665 0.688823 0.016741 0.065476
1 0.698289 0.764220 0.018601 0.062831
1 0.578869 0.834325 0.027530 0.077381
1 0.661644 0.617394 0.014509 0.052249
1 0.669829 0.610780 0.013765 0.062831
7 0.674665 0.831349 0.049479 0.054233
3 0.722284 0.843585 0.029390 0.066799
10 0.742374 0.860450 0.026414 0.097884
1 0.730469 0.708664 0.015997 0.066799
1 0.813988 0.730159 0.025298 0.066138
2 0.836868 0.724537 0.021205 0.046958
2 0.824405 0.710648 0.019345 0.040344
10 0.773624 0.872354 0.046503 0.096561
3 0.687686 0.742394 0.038318 0.050926
2 0.689174 0.725860 0.023438 0.052249
1 0.872954 0.740410 0.023438 0.072090
1 0.923177 0.944775 0.026414 0.082672
1 0.664062 0.551587 0.011905 0.056878
1 0.656250 0.553571 0.011905 0.051587
0 0.217076 0.340939 0.434152 0.087963
1 0.713728 0.631283 0.015253 0.056217
1 0.727865 0.680225 0.017485 0.061508
1 0.706287 0.706019 0.014509 0.061508
1 0.711496 0.700728 0.011533 0.064153
1 0.795573 0.961971 0.020461 0.074735
1 0.574219 0.532738 0.011533 0.049603
1 0.735305 0.595569 0.014509 0.058862
3 0.484933 0.852844 0.044271 0.053571
3 0.628906 0.791997 0.025670 0.049603
3 0.644903 0.802579 0.028646 0.042989
