4 0.306362 0.931878 0.064360 0.134921
4 0.391369 0.919974 0.066220 0.129630
4 0.459821 0.886905 0.070685 0.119048
4 0.527158 0.874008 0.071429 0.110450
4 0.573475 0.817791 0.072545 0.105159
5 0.670015 0.955357 0.090774 0.089286
4 0.475260 0.624008 0.033110 0.061508
4 0.945871 0.613426 0.062872 0.053571
4 0.845796 0.607143 0.085193 0.059524
4 0.946243 0.552579 0.074033 0.050926
4 0.968564 0.531085 0.061384 0.044974
4 0.247396 0.459987 0.058036 0.029762
4 0.161272 0.444775 0.051711 0.035053
4 0.393973 0.423611 0.046131 0.032407
4 0.750372 0.517196 0.060268 0.043651
5 0.672247 0.524140 0.069940 0.062831
4 0.482515 0.516204 0.058036 0.045635
4 0.518415 0.501323 0.058408 0.044974
4 0.336124 0.468585 0.050967 0.037698
4 0.457031 0.478175 0.053943 0.038360
4 0.367188 0.509921 0.054315 0.044974
4 0.244978 0.446759 0.054688 0.037698
4 0.439546 0.444444 0.046503 0.038360
4 0.362909 0.487103 0.053199 0.042989
4 0.234003 0.493386 0.058036 0.043651
4 0.253534 0.477183 0.055432 0.037698
4 0.385789 0.461310 0.048363 0.036376
4 0.523251 0.449074 0.049479 0.039683
4 0.126860 0.496362 0.064732 0.042989
4 0.126116 0.469907 0.052083 0.036376
4 0.069568 0.452381 0.048363 0.038360
4 0.334821 0.406415 0.024554 0.032407
9 0.525670 0.452381 0.128720 0.076720
4 0.707589 0.463624 0.057292 0.038360
4 0.788504 0.464286 0.050223 0.034392
9 0.779018 0.482143 0.138393 0.091270
9 0.026228 0.565146 0.052455 0.138228
4 0.669457 0.475860 0.047991 0.037698
4 0.614211 0.458333 0.046875 0.038360
4 0.863467 0.475198 0.049107 0.041667
4 0.934524 0.476190 0.063988 0.039683
0 0.176339 0.330026 0.352679 0.165344
0 0.703311 0.661045 0.375372 0.237434
1 0.160156 0.712963 0.019717 0.060847
1 0.158110 0.703042 0.019345 0.054233
3 0.338728 0.682540 0.028646 0.030423
2 0.336682 0.667659 0.014881 0.050926
0 0.250558 0.745040 0.485491 0.171296
0 0.423177 0.557540 0.318824 0.097884
3 0.234933 0.558532 0.026414 0.027116
2 0.232143 0.542659 0.015625 0.032407
3 0.186570 0.539352 0.022693 0.021825
2 0.182292 0.524140 0.013393 0.029762
0 0.563430 0.385251 0.289807 0.087963
