4 0.276972 0.931217 0.065848 0.134921
4 0.363281 0.916667 0.067336 0.129630
4 0.429874 0.877646 0.071057 0.117725
4 0.498698 0.864087 0.071801 0.109127
4 0.544457 0.807209 0.071801 0.103836
5 0.643601 0.944775 0.103423 0.110450
4 0.442336 0.616071 0.033482 0.061508
4 0.901228 0.592262 0.062872 0.053571
4 0.806362 0.589286 0.085193 0.059524
4 0.955729 0.536045 0.073661 0.050926
4 0.978609 0.509921 0.041295 0.044974
4 0.183408 0.460648 0.058036 0.029762
4 0.098400 0.446429 0.056176 0.038360
4 0.352493 0.417989 0.046503 0.033069
4 0.764881 0.505952 0.060268 0.043651
5 0.680060 0.514881 0.069940 0.062831
4 0.479539 0.510913 0.058036 0.045635
4 0.519159 0.494048 0.058408 0.044974
4 0.277158 0.462302 0.051339 0.038360
4 0.395647 0.468254 0.053943 0.038360
4 0.353237 0.501984 0.056176 0.043651
4 0.183966 0.444775 0.056176 0.037698
4 0.389695 0.435847 0.046503 0.038360
4 0.357143 0.483796 0.055804 0.041667
4 0.222098 0.493386 0.058780 0.043651
4 0.236049 0.476521 0.057664 0.037698
4 0.325521 0.452712 0.048363 0.036376
4 0.489769 0.443783 0.049479 0.039683
4 0.109375 0.502646 0.066220 0.043651
4 0.110863 0.473214 0.052083 0.036376
4 0.012649 0.454034 0.025298 0.037698
4 0.297061 0.402116 0.024182 0.034392
9 0.465402 0.443783 0.125744 0.076720
4 0.664435 0.452712 0.057292 0.037698
4 0.752046 0.451058 0.050223 0.034392
9 0.726004 0.467593 0.135789 0.091270
4 0.024182 0.496693 0.048363 0.038360
4 0.016927 0.474868 0.033854 0.043651
4 0.604725 0.462963 0.047991 0.038360
4 0.569010 0.447751 0.046503 0.038360
4 0.812314 0.459325 0.049479 0.041667
4 0.883929 0.458333 0.063988 0.039683
4 0.915737 0.490079 0.065104 0.043651
4 0.944568 0.439815 0.060268 0.034392
0 0.163876 0.318452 0.327753 0.163360
0 0.664249 0.648810 0.391741 0.255291
1 0.139881 0.710317 0.019345 0.060847
1 0.131324 0.703042 0.019345 0.054233
3 0.321615 0.677249 0.028646 0.030423
2 0.319568 0.661045 0.014881 0.050926
0 0.234747 0.744709 0.453869 0.170635
0 0.373326 0.557540 0.219122 0.097884
3 0.221912 0.560516 0.026414 0.027116
2 0.218006 0.543320 0.015625 0.032407
3 0.170387 0.542659 0.022321 0.021825
2 0.165551 0.526786 0.013393 0.029762
3 0.839100 0.812500 0.023438 0.054894
2 0.843192 0.795966 0.014509 0.057540
10 0.874442 0.916667 0.030134 0.059524
1 0.936570 0.865741 0.017485 0.076720
1 0.968564 0.918320 0.024182 0.072090
1 0.971354 0.971892 0.022321 0.053571
0 0.526600 0.377315 0.300967 0.087963
1 0.937686 0.741071 0.014509 0.061508
1 0.946615 0.739749 0.014509 0.064153
