4 0.030320 0.939815 0.060640 0.119048
4 0.123698 0.908730 0.081473 0.133598
4 0.199033 0.850529 0.081101 0.119048
4 0.272879 0.816138 0.077009 0.107143
4 0.318638 0.745701 0.075521 0.095899
4 0.271763 0.957341 0.105283 0.082672
6 0.385975 0.943783 0.125372 0.111111
5 0.421503 0.871362 0.102679 0.130291
4 0.195685 0.587632 0.039435 0.062831
4 0.639695 0.486442 0.064360 0.050926
4 0.555804 0.499008 0.078125 0.058862
4 0.019159 0.386574 0.038318 0.036376
4 0.665551 0.427579 0.058780 0.045635
4 0.500930 0.448413 0.059152 0.043651
4 0.569754 0.425595 0.056920 0.042989
4 0.357329 0.463955 0.064360 0.042989
4 0.357515 0.444775 0.061012 0.040344
4 0.083147 0.414683 0.056920 0.044974
4 0.192336 0.489418 0.075893 0.050265
4 0.138207 0.468585 0.067336 0.052249
4 0.303199 0.401124 0.057292 0.037698
4 0.377418 0.397156 0.053943 0.033730
9 0.271019 0.416005 0.132812 0.091270
4 0.041109 0.498016 0.062128 0.046296
4 0.020461 0.481151 0.040179 0.045635
4 0.046875 0.439815 0.053571 0.038360
4 0.190476 0.416005 0.052083 0.044974
4 0.447731 0.394841 0.046503 0.039683
4 0.547991 0.384259 0.049851 0.039683
4 0.444196 0.415675 0.052083 0.040344
4 0.666295 0.351852 0.052083 0.034392
4 0.630394 0.376984 0.047247 0.034392
4 0.716890 0.346892 0.045387 0.032407
4 0.692336 0.370701 0.046131 0.037698
0 0.018787 0.248347 0.037574 0.248016
0 0.386719 0.614749 0.343378 0.251984
1 0.064546 0.649471 0.021205 0.060847
0 0.104539 0.669643 0.176339 0.147487
1 0.119420 0.563823 0.013393 0.040344
3 0.571801 0.836310 0.037202 0.069444
1 0.573289 0.822751 0.022321 0.064815
10 0.577195 0.813492 0.039807 0.066138
2 0.576451 0.804563 0.022693 0.073413
10 0.624442 0.768519 0.030134 0.059524
1 0.696987 0.697090 0.015997 0.062169
1 0.700707 0.753638 0.018229 0.065476
1 0.643043 0.844246 0.021205 0.069444
1 0.694568 0.654431 0.015625 0.068122
1 0.701451 0.640212 0.016741 0.066138
7 0.691778 0.842593 0.049479 0.054233
3 0.740141 0.857474 0.029390 0.066799
10 0.760603 0.871032 0.026414 0.097884
1 0.775856 0.750661 0.022693 0.075397
1 0.832403 0.743056 0.027158 0.066799
2 0.858445 0.737765 0.021205 0.046958
2 0.844494 0.722553 0.019345 0.040344
10 0.791853 0.889220 0.047247 0.095899
3 0.786458 0.797288 0.046131 0.066799
2 0.786830 0.781746 0.029762 0.066138
1 0.903460 0.733796 0.023438 0.072090
1 0.686756 0.563492 0.011905 0.056878
1 0.679129 0.562500 0.011533 0.050926
0 0.284040 0.342262 0.361979 0.087963
1 0.706473 0.628638 0.016369 0.056217
1 0.757440 0.694775 0.014881 0.061508
1 0.701823 0.688823 0.014509 0.061508
1 0.710007 0.684854 0.014509 0.064153
1 0.821243 0.964286 0.020461 0.067460
1 0.705543 0.499008 0.012277 0.049603
1 0.588728 0.532738 0.011533 0.049603
1 0.750930 0.598214 0.015997 0.068122
3 0.502046 0.854828 0.044271 0.053571
3 0.648996 0.801918 0.025670 0.049603
3 0.665365 0.813823 0.028646 0.042989
