4 0.092262 0.917659 0.087054 0.139550
4 0.169829 0.857143 0.082961 0.119048
4 0.248326 0.821098 0.079985 0.107804
4 0.294643 0.746362 0.078125 0.094577
4 0.251116 0.961971 0.107887 0.074735
6 0.369420 0.945767 0.125744 0.107143
5 0.405134 0.872685 0.102679 0.130291
4 0.174479 0.587963 0.039435 0.064815
4 0.622954 0.486111 0.064360 0.050265
4 0.667783 0.424934 0.055060 0.042989
4 0.551711 0.436508 0.057292 0.043651
4 0.650484 0.409392 0.056176 0.039683
4 0.442522 0.449074 0.067336 0.048942
4 0.379278 0.440146 0.061384 0.052249
4 0.194940 0.416336 0.057292 0.037698
4 0.288132 0.400794 0.054688 0.038360
9 0.170387 0.421958 0.141369 0.092593
4 0.303943 0.466931 0.066220 0.043651
4 0.217076 0.456680 0.066592 0.052249
4 0.169829 0.476190 0.073289 0.043651
4 0.046131 0.500000 0.078869 0.052910
4 0.077381 0.415675 0.052083 0.045635
4 0.364397 0.394180 0.056176 0.038360
4 0.472842 0.388889 0.052083 0.039683
4 0.328125 0.423280 0.055060 0.039683
4 0.647135 0.351190 0.052455 0.034392
4 0.551897 0.379630 0.044271 0.034392
4 0.698289 0.345238 0.045387 0.033069
4 0.622768 0.372024 0.046131 0.037698
0 0.530134 0.644180 0.090774 0.243386
1 0.032738 0.660714 0.017113 0.056878
10 0.001860 0.636905 0.003720 0.039683
3 0.159784 0.560847 0.035342 0.038360
1 0.149554 0.634590 0.021577 0.061508
0 0.374628 0.664683 0.215030 0.144180
1 0.155320 0.547950 0.015997 0.039021
0 0.337798 0.531085 0.293899 0.133598
3 0.594494 0.868717 0.040179 0.068122
2 0.598028 0.858466 0.023438 0.080688
3 0.587612 0.827712 0.037574 0.062831
2 0.591146 0.811177 0.025298 0.069444
10 0.608817 0.770503 0.030134 0.059524
1 0.682106 0.696098 0.016741 0.065476
1 0.731771 0.797619 0.018601 0.067460
1 0.535714 0.828704 0.027530 0.076720
1 0.659226 0.597222 0.011161 0.051587
1 0.670387 0.598545 0.013393 0.058201
7 0.681548 0.841931 0.049107 0.054233
3 0.731585 0.853505 0.029390 0.066799
10 0.752790 0.870370 0.026414 0.097884
1 0.699591 0.683862 0.017485 0.062169
1 0.824033 0.739749 0.017113 0.066799
2 0.846912 0.733135 0.021205 0.046958
2 0.833891 0.719246 0.018973 0.040344
10 0.781436 0.888889 0.044271 0.096561
3 0.609561 0.722222 0.036086 0.052910
2 0.611049 0.707341 0.021949 0.052249
1 0.848772 0.774471 0.023438 0.071429
1 0.929129 0.924934 0.026414 0.085317
1 0.953869 0.893849 0.028274 0.087963
1 0.670015 0.558201 0.011905 0.056878
1 0.661830 0.556878 0.011905 0.051587
0 0.199219 0.340939 0.398438 0.089286
1 0.746094 0.625992 0.015253 0.056217
1 0.730097 0.685516 0.017485 0.061508
1 0.744978 0.749339 0.014509 0.064815
1 0.752418 0.746693 0.011533 0.071429
1 0.809338 0.970899 0.020461 0.056878
1 0.590216 0.548611 0.011533 0.049603
1 0.648251 0.553241 0.011533 0.045635
1 0.644531 0.540013 0.011533 0.045635
1 0.743490 0.602844 0.014509 0.058862
3 0.485677 0.859458 0.044271 0.053571
3 0.633371 0.802579 0.025670 0.049603
3 0.650112 0.813823 0.028646 0.042989
