4 0.093378 0.916005 0.087054 0.138889
4 0.170573 0.855820 0.082961 0.119048
4 0.248512 0.819775 0.079613 0.107804
4 0.294643 0.744378 0.078125 0.094577
4 0.252232 0.961310 0.107887 0.076058
6 0.369792 0.945106 0.125744 0.108466
5 0.405506 0.872024 0.102679 0.130291
4 0.174107 0.587963 0.039435 0.064815
4 0.621838 0.486111 0.064360 0.050265
4 0.646949 0.427579 0.055060 0.042989
4 0.532738 0.438492 0.059524 0.043651
4 0.610305 0.414021 0.056176 0.039683
4 0.414249 0.450397 0.067336 0.048942
4 0.347284 0.443452 0.061384 0.052249
4 0.204985 0.414352 0.057292 0.037698
4 0.295387 0.400132 0.054315 0.038360
9 0.178943 0.421958 0.140625 0.092593
4 0.262835 0.469577 0.067336 0.043651
4 0.186384 0.457341 0.069940 0.052249
4 0.129650 0.477513 0.077009 0.043651
4 0.090030 0.415675 0.052083 0.045635
4 0.371094 0.394180 0.056176 0.038360
4 0.479911 0.383598 0.052083 0.038360
4 0.340402 0.422619 0.055060 0.039683
4 0.647135 0.351190 0.052455 0.034392
4 0.559710 0.378307 0.044271 0.034392
4 0.697359 0.344577 0.045015 0.033069
4 0.629464 0.370040 0.046131 0.037698
0 0.508929 0.641865 0.114583 0.241402
1 0.022693 0.663690 0.015625 0.057540
10 0.001860 0.636905 0.003720 0.039683
3 0.151600 0.564815 0.035342 0.038360
3 0.207775 0.545966 0.030134 0.032407
1 0.136533 0.634590 0.021577 0.061508
0 0.353981 0.669312 0.190104 0.145503
1 0.148251 0.549934 0.014509 0.039021
0 0.319940 0.535053 0.264137 0.133598
3 0.615699 0.887897 0.040179 0.068122
2 0.619234 0.874669 0.023438 0.080026
3 0.602865 0.839616 0.037574 0.062831
2 0.604911 0.827050 0.025298 0.069444
10 0.607701 0.767857 0.030134 0.059524
1 0.680618 0.695437 0.016741 0.065476
1 0.723586 0.791997 0.018601 0.062831
1 0.546131 0.828704 0.027530 0.076720
1 0.659784 0.604828 0.014509 0.054894
1 0.670201 0.601521 0.013765 0.064153
7 0.681176 0.838624 0.049107 0.054233
3 0.731213 0.850198 0.029390 0.066799
10 0.752418 0.867725 0.026414 0.097884
1 0.707217 0.688161 0.015625 0.065476
1 0.822359 0.738426 0.020461 0.066799
2 0.844308 0.730489 0.021205 0.046958
2 0.832589 0.715939 0.019345 0.040344
10 0.780692 0.885582 0.044271 0.096561
3 0.627232 0.724206 0.037946 0.052910
2 0.628906 0.709325 0.022693 0.052249
1 0.858445 0.771164 0.023438 0.071429
1 0.925037 0.925595 0.026414 0.085317
1 0.961310 0.896495 0.028274 0.086640
1 0.669271 0.557540 0.011905 0.056878
1 0.660714 0.556217 0.011905 0.051587
0 0.203311 0.340939 0.406622 0.089286
1 0.740141 0.626653 0.015253 0.056217
1 0.728609 0.681548 0.017485 0.061508
1 0.735677 0.737765 0.014509 0.064153
1 0.743118 0.735119 0.011533 0.069444
1 0.806362 0.968254 0.020461 0.062169
1 0.586124 0.544643 0.011533 0.049603
1 0.648251 0.545966 0.011533 0.045635
1 0.644717 0.533730 0.011161 0.044974
1 0.740885 0.600860 0.014509 0.058862
3 0.485305 0.858135 0.044271 0.053571
3 0.632626 0.799934 0.025670 0.049603
3 0.649740 0.811177 0.028646 0.042989
