4 0.340588 0.932870 0.061384 0.132937
4 0.426153 0.925265 0.064360 0.129630
4 0.493490 0.896164 0.068824 0.119048
4 0.561756 0.890212 0.069940 0.115079
4 0.609375 0.831680 0.073661 0.105159
5 0.702753 0.964947 0.090774 0.070106
4 0.510975 0.637566 0.033110 0.060847
4 0.893787 0.631283 0.089658 0.058862
4 0.913132 0.566468 0.074033 0.050926
4 0.942894 0.549603 0.073289 0.044974
4 0.319010 0.466601 0.055432 0.031085
4 0.233631 0.447421 0.050595 0.035053
4 0.445312 0.437831 0.046131 0.033069
4 0.723958 0.529762 0.060268 0.043651
5 0.656622 0.534061 0.069940 0.062831
4 0.482143 0.519511 0.058036 0.045635
4 0.512835 0.508929 0.059152 0.037698
4 0.409412 0.477844 0.050967 0.037698
4 0.527716 0.488757 0.053943 0.038360
4 0.371094 0.509921 0.053943 0.044974
4 0.317894 0.451058 0.053199 0.038360
4 0.501302 0.455688 0.046503 0.038360
4 0.367746 0.490410 0.053199 0.042989
4 0.055060 0.446759 0.057292 0.041667
4 0.055432 0.436839 0.051339 0.032407
4 0.245164 0.493386 0.056548 0.043651
4 0.269717 0.478175 0.052083 0.038360
4 0.462798 0.471892 0.048363 0.036376
4 0.574963 0.455688 0.049479 0.039683
4 0.142485 0.495370 0.060268 0.043651
4 0.135045 0.466931 0.052083 0.037037
4 0.151414 0.453042 0.048363 0.038360
4 0.377976 0.418320 0.024554 0.029762
9 0.601749 0.466931 0.128348 0.076720
4 0.757068 0.482474 0.057292 0.037698
4 0.833147 0.476521 0.050223 0.035053
9 0.851749 0.503638 0.152158 0.090608
9 0.046503 0.545304 0.093006 0.135582
4 0.746466 0.495701 0.052455 0.042989
4 0.672619 0.474206 0.037202 0.038360
0 0.193824 0.303902 0.387649 0.221561
0 0.697917 0.669643 0.293155 0.220238
1 0.176711 0.713955 0.019345 0.061508
1 0.188616 0.705357 0.019345 0.053571
3 0.353609 0.687500 0.028646 0.029762
2 0.351190 0.669312 0.014881 0.050265
0 0.272135 0.745040 0.528646 0.171296
0 0.442708 0.561839 0.343750 0.098545
3 0.242374 0.563161 0.026414 0.027116
2 0.241071 0.544643 0.015625 0.032407
3 0.198475 0.539352 0.022693 0.021825
2 0.195312 0.525463 0.013393 0.029762
0 0.600074 0.389881 0.261161 0.087963
