4 0.398251 0.808862 0.050223 0.101852
4 0.467448 0.806548 0.052455 0.098545
4 0.524182 0.789021 0.055804 0.089947
4 0.582217 0.787037 0.058780 0.085979
4 0.625186 0.750661 0.060640 0.083333
4 0.428571 0.935847 0.066964 0.128307
4 0.502046 0.922288 0.066592 0.130291
4 0.569568 0.917989 0.074405 0.124339
6 0.660714 0.935185 0.095982 0.128307
5 0.703311 0.881283 0.085938 0.117063
4 0.544271 0.599537 0.030506 0.053571
4 0.978795 0.617725 0.040923 0.055556
4 0.890439 0.600198 0.071801 0.048280
4 0.848028 0.543651 0.065848 0.048942
4 0.929688 0.535714 0.063244 0.048942
4 0.694010 0.524140 0.059896 0.042989
4 0.710751 0.506944 0.062872 0.042989
4 0.468192 0.459987 0.050223 0.032407
4 0.385789 0.437500 0.046131 0.033730
4 0.526786 0.439484 0.046875 0.031085
4 0.560082 0.488426 0.056920 0.037698
5 0.526414 0.493386 0.061012 0.050265
4 0.417597 0.480820 0.051711 0.037037
4 0.436942 0.471561 0.053199 0.038360
4 0.551339 0.470569 0.046875 0.037698
4 0.642671 0.483796 0.053943 0.032407
4 0.319010 0.471230 0.049479 0.040344
4 0.479539 0.449074 0.043899 0.034392
4 0.582961 0.446759 0.043899 0.035053
4 0.325335 0.455026 0.047991 0.035714
4 0.224144 0.432540 0.047991 0.038360
4 0.252790 0.424603 0.038318 0.033069
4 0.605655 0.464286 0.046131 0.033069
4 0.643043 0.453373 0.047991 0.037698
4 0.319196 0.440807 0.043155 0.036376
4 0.439918 0.422950 0.032366 0.031085
9 0.733073 0.465278 0.120908 0.077381
4 0.808594 0.478175 0.045015 0.039683
4 0.877046 0.481151 0.050223 0.035053
9 0.935826 0.494048 0.127604 0.091270
4 0.704799 0.457341 0.038318 0.035053
4 0.095424 0.416667 0.043527 0.033069
4 0.177269 0.420966 0.034598 0.031085
0 0.241071 0.281746 0.384673 0.248677
0 0.689918 0.639881 0.216890 0.221561
0 0.023996 0.335979 0.047991 0.154762
1 0.013951 0.801918 0.013021 0.053571
11 0.019159 0.758598 0.021949 0.060847
1 0.183966 0.641534 0.013021 0.048942
1 0.050409 0.696098 0.013021 0.044312
1 0.066034 0.687500 0.017485 0.052249
1 0.053013 0.720238 0.015997 0.047619
1 0.220796 0.633267 0.015997 0.044312
1 0.102121 0.705026 0.015997 0.050265
1 0.138765 0.699735 0.018601 0.052910
1 0.119978 0.675265 0.016741 0.055556
3 0.336868 0.625661 0.027158 0.026455
2 0.334821 0.613426 0.013393 0.040344
0 0.372024 0.661376 0.415179 0.121693
0 0.442336 0.527116 0.343750 0.097884
3 0.211310 0.516865 0.019345 0.021825
2 0.209635 0.502976 0.015253 0.032407
3 0.181734 0.494048 0.022693 0.022487
2 0.177455 0.485780 0.010417 0.027116
0 0.897693 0.775132 0.203125 0.449735
0 0.598772 0.379960 0.214658 0.087963
