4 0.097284 0.910053 0.085938 0.133598
4 0.173921 0.850529 0.082961 0.119048
4 0.249256 0.814484 0.078125 0.107804
4 0.293899 0.743717 0.078125 0.094577
4 0.255952 0.958333 0.107887 0.080688
6 0.371280 0.943452 0.125744 0.111772
5 0.406994 0.869378 0.102679 0.130291
4 0.173363 0.587963 0.039435 0.064815
4 0.618118 0.481481 0.064360 0.050265
4 0.564360 0.434193 0.055060 0.042989
4 0.639695 0.410384 0.056920 0.042989
4 0.436942 0.447751 0.064360 0.043651
4 0.464286 0.428571 0.061012 0.039683
4 0.028460 0.412037 0.056920 0.043651
4 0.288318 0.470238 0.072917 0.050265
4 0.217076 0.456680 0.062128 0.052249
4 0.251488 0.403108 0.057292 0.037698
4 0.326265 0.396825 0.054315 0.038360
9 0.213170 0.420304 0.139881 0.091931
4 0.116815 0.486442 0.075893 0.045635
4 0.071615 0.471892 0.070312 0.052249
4 0.135045 0.415675 0.052083 0.045635
4 0.395833 0.389881 0.050595 0.039021
4 0.505394 0.383598 0.053199 0.039683
4 0.382812 0.415013 0.052083 0.040344
4 0.643787 0.347884 0.052455 0.034392
4 0.583891 0.374008 0.047247 0.035053
4 0.693080 0.341931 0.045387 0.033069
4 0.647507 0.364749 0.046503 0.037698
0 0.432292 0.630952 0.215030 0.239418
10 0.046875 0.636905 0.040179 0.039683
3 0.121838 0.570106 0.035342 0.038360
3 0.172433 0.555225 0.030134 0.032407
1 0.083519 0.643519 0.021205 0.060847
0 0.202195 0.671296 0.199033 0.145503
1 0.117560 0.556217 0.013393 0.039683
0 0.250558 0.544643 0.146205 0.110450
3 0.495536 0.772817 0.037202 0.057540
1 0.495164 0.764550 0.022321 0.064815
10 0.489583 0.734127 0.037202 0.066138
2 0.488095 0.733135 0.022321 0.073413
10 0.604725 0.759921 0.030134 0.059524
1 0.675409 0.687500 0.016741 0.065476
1 0.694940 0.760913 0.018601 0.062831
1 0.584077 0.833003 0.027530 0.077381
1 0.662760 0.620701 0.014509 0.057540
1 0.670201 0.610780 0.013765 0.058862
7 0.673177 0.830026 0.049479 0.054233
3 0.720796 0.842923 0.029390 0.066799
10 0.741257 0.859127 0.026414 0.097884
1 0.732515 0.710979 0.016369 0.071429
1 0.813058 0.729167 0.026414 0.066799
2 0.835379 0.723214 0.021205 0.046958
2 0.822917 0.709325 0.019345 0.040344
10 0.772693 0.870701 0.046875 0.095899
3 0.695312 0.745370 0.042411 0.058201
2 0.699591 0.729167 0.026414 0.056217
1 0.874814 0.735780 0.023438 0.072090
1 0.923177 0.947421 0.026414 0.081349
1 0.663318 0.550265 0.011905 0.056878
1 0.655878 0.552910 0.011905 0.051587
0 0.219122 0.340939 0.438244 0.087963
1 0.710007 0.629960 0.015253 0.056217
1 0.727865 0.680225 0.017485 0.061508
1 0.702939 0.701389 0.014509 0.061508
1 0.706287 0.694775 0.011533 0.064153
1 0.794829 0.960979 0.020461 0.076720
1 0.572359 0.530754 0.011533 0.049603
1 0.734561 0.594246 0.014509 0.058862
3 0.484561 0.852183 0.044271 0.053571
3 0.628162 0.791336 0.025670 0.049603
3 0.643787 0.801257 0.028646 0.042989
