4 0.045015 0.937500 0.073661 0.122354
4 0.144159 0.907407 0.080729 0.133598
4 0.217820 0.850529 0.079985 0.116402
4 0.290737 0.818452 0.076265 0.107804
4 0.335938 0.749669 0.075149 0.095899
4 0.290923 0.958003 0.101190 0.081349
6 0.404762 0.945437 0.125000 0.107804
5 0.440476 0.876323 0.102679 0.129630
4 0.218006 0.588955 0.039435 0.061508
4 0.659412 0.493717 0.064360 0.050926
4 0.574033 0.502976 0.078125 0.058862
4 0.045387 0.390212 0.046131 0.033069
4 0.627046 0.438492 0.061384 0.044974
4 0.707217 0.418651 0.060268 0.043651
4 0.464844 0.458333 0.059152 0.043651
4 0.535528 0.435516 0.056920 0.042989
4 0.309524 0.471230 0.063988 0.042989
4 0.308222 0.454034 0.061384 0.040344
4 0.117746 0.416997 0.056920 0.045635
4 0.150670 0.496032 0.075893 0.050265
4 0.110119 0.476521 0.066964 0.052249
4 0.014137 0.365410 0.028274 0.035053
4 0.338914 0.403108 0.057292 0.037698
4 0.413876 0.400794 0.053199 0.034392
9 0.311198 0.419312 0.132812 0.091270
4 0.023810 0.502646 0.047619 0.044974
4 0.104539 0.438492 0.055060 0.038360
4 0.221354 0.413690 0.052083 0.041667
4 0.482515 0.394841 0.046131 0.039683
4 0.579613 0.385251 0.052083 0.039021
4 0.484189 0.422288 0.049479 0.037698
4 0.683780 0.356481 0.052083 0.034392
4 0.659784 0.379630 0.047247 0.034392
4 0.733073 0.352183 0.045015 0.032407
0 0.030878 0.250992 0.061756 0.248016
0 0.392299 0.612434 0.362723 0.255291
1 0.057664 0.660714 0.021577 0.060847
0 0.106585 0.665675 0.096354 0.109127
0 0.182106 0.535714 0.060640 0.097884
1 0.122396 0.564153 0.013393 0.039683
3 0.626116 0.882606 0.037202 0.069444
1 0.624628 0.865741 0.022321 0.064815
10 0.641183 0.865741 0.043527 0.066138
2 0.641927 0.854828 0.022693 0.073413
10 0.642857 0.776124 0.030506 0.058862
1 0.711868 0.714616 0.017485 0.077381
1 0.714844 0.755952 0.018229 0.070106
1 0.673921 0.845569 0.021205 0.069444
1 0.720982 0.674934 0.015625 0.068122
1 0.730469 0.658730 0.016741 0.066138
7 0.712798 0.853175 0.049107 0.054233
3 0.760603 0.869378 0.029390 0.066799
10 0.781808 0.883598 0.026414 0.097884
1 0.814174 0.776455 0.029390 0.075397
1 0.855097 0.754960 0.027158 0.066799
2 0.879650 0.750992 0.021205 0.046958
2 0.866443 0.738426 0.019345 0.040344
10 0.815290 0.904431 0.047247 0.095899
3 0.847842 0.830357 0.046131 0.066799
2 0.848772 0.816799 0.030134 0.071429
1 0.932478 0.741071 0.023438 0.072090
1 0.703869 0.569444 0.011905 0.056878
1 0.695499 0.567130 0.011533 0.050926
0 0.326823 0.342262 0.306176 0.087963
1 0.701823 0.627976 0.015997 0.056217
1 0.777716 0.707341 0.014509 0.061508
1 0.710007 0.686839 0.014509 0.061508
1 0.718192 0.682870 0.014509 0.064153
1 0.844680 0.965939 0.020461 0.066799
1 0.712612 0.512235 0.012277 0.049603
1 0.603981 0.534722 0.011533 0.049603
1 0.765811 0.604167 0.015997 0.068122
3 0.518787 0.859458 0.044271 0.053571
3 0.669271 0.814153 0.026786 0.051587
3 0.684896 0.825066 0.029018 0.042989
