4 0.126302 0.934193 0.076265 0.128968
4 0.220610 0.906085 0.075893 0.132275
4 0.292039 0.858135 0.077381 0.114418
4 0.362165 0.833333 0.074033 0.108466
4 0.405692 0.767196 0.071801 0.097884
4 0.354539 0.965939 0.088542 0.065476
6 0.465030 0.958003 0.113839 0.081349
5 0.504650 0.903108 0.098586 0.135582
4 0.293899 0.598214 0.033482 0.061508
4 0.736235 0.526124 0.069940 0.052249
4 0.648251 0.531085 0.079241 0.059524
4 0.166109 0.398810 0.046503 0.033069
5 0.777902 0.458995 0.069940 0.059524
4 0.531250 0.476852 0.061012 0.044974
4 0.595796 0.457672 0.059896 0.043651
4 0.078869 0.464286 0.066964 0.039683
4 0.382999 0.484458 0.059152 0.042989
4 0.431176 0.464616 0.057292 0.042989
4 0.212984 0.492394 0.064360 0.042989
4 0.223586 0.471230 0.061012 0.040344
4 0.029576 0.449405 0.050223 0.040344
4 0.242188 0.423611 0.048363 0.045635
4 0.092262 0.509921 0.075893 0.050265
4 0.074033 0.483135 0.063988 0.042989
4 0.119792 0.380952 0.024554 0.034392
9 0.162388 0.429894 0.135789 0.075397
4 0.463728 0.420966 0.056920 0.037698
4 0.537760 0.415013 0.050223 0.035053
9 0.464472 0.431217 0.126860 0.091270
4 0.293341 0.438161 0.047991 0.037698
4 0.347284 0.423280 0.050967 0.039683
4 0.603423 0.410384 0.054315 0.040344
4 0.689360 0.399471 0.052083 0.038360
4 0.643787 0.434524 0.059896 0.038360
4 0.764137 0.385582 0.052083 0.034392
4 0.770275 0.406415 0.053199 0.035053
4 0.813802 0.378968 0.045015 0.038360
0 0.078683 0.268188 0.157366 0.248016
0 0.489211 0.622354 0.365327 0.255291
1 0.071057 0.683862 0.019345 0.060847
1 0.020833 0.705688 0.019345 0.054233
3 0.262463 0.647487 0.028646 0.030423
2 0.260231 0.635251 0.015253 0.050926
0 0.152344 0.703704 0.304688 0.170635
0 0.256324 0.544312 0.107887 0.097884
3 0.142299 0.538690 0.025670 0.029762
2 0.139509 0.528108 0.012649 0.040344
1 0.152716 0.576058 0.014509 0.039683
3 0.637835 0.685847 0.023438 0.054233
2 0.638579 0.674272 0.014509 0.057540
10 0.710193 0.822421 0.030506 0.058862
1 0.768043 0.770172 0.017485 0.077381
1 0.792969 0.803571 0.018229 0.070106
1 0.748326 0.882275 0.021205 0.070106
1 0.812872 0.753638 0.015625 0.068122
1 0.826451 0.742394 0.017485 0.078704
7 0.784970 0.903108 0.049107 0.053571
3 0.835751 0.925265 0.029390 0.066138
3 0.593936 0.757275 0.026414 0.054233
2 0.595424 0.743056 0.018229 0.064153
1 0.784040 0.605159 0.015253 0.056878
1 0.772693 0.603175 0.011905 0.056878
0 0.340588 0.354167 0.300967 0.087963
1 0.720424 0.641204 0.014509 0.053571
1 0.854911 0.764881 0.018601 0.068122
1 0.773251 0.691468 0.014509 0.061508
1 0.779948 0.690146 0.014509 0.064153
1 0.758743 0.555225 0.016741 0.049603
1 0.847284 0.644511 0.015997 0.068122
3 0.586496 0.894511 0.044271 0.053571
3 0.737165 0.858796 0.028646 0.054894
3 0.753906 0.872024 0.030134 0.042989
