4 0.211682 0.931217 0.069196 0.132275
4 0.301525 0.910714 0.069568 0.129630
4 0.369420 0.869709 0.071429 0.113757
4 0.436942 0.847553 0.071801 0.109127
4 0.481957 0.786706 0.071801 0.099868
5 0.583891 0.932209 0.100818 0.131614
4 0.378348 0.606812 0.033482 0.061508
4 0.822917 0.560516 0.069940 0.052249
4 0.733631 0.559524 0.080357 0.059524
4 0.052455 0.467262 0.057292 0.041667
4 0.271019 0.409061 0.046503 0.032407
4 0.803943 0.484127 0.060268 0.043651
5 0.706287 0.494048 0.070312 0.059524
4 0.485119 0.502315 0.061012 0.045635
4 0.533668 0.484127 0.058408 0.044974
4 0.153832 0.463294 0.056176 0.036376
4 0.266369 0.462632 0.057292 0.037698
4 0.344680 0.501323 0.056176 0.043651
4 0.053385 0.446759 0.060640 0.037698
4 0.287946 0.429233 0.046131 0.038360
4 0.367932 0.478505 0.057292 0.041667
4 0.207775 0.494378 0.062872 0.042989
4 0.213542 0.477183 0.058036 0.036376
4 0.203125 0.449405 0.048363 0.036376
4 0.371652 0.436177 0.049107 0.040344
4 0.088170 0.509259 0.072917 0.043651
4 0.086496 0.480489 0.058408 0.040344
4 0.221726 0.392857 0.024554 0.034392
9 0.342076 0.433862 0.123884 0.076720
4 0.574219 0.434854 0.056920 0.037698
4 0.663504 0.435516 0.050223 0.035053
9 0.616071 0.446429 0.134673 0.091270
4 0.010975 0.507275 0.021949 0.038360
4 0.475632 0.448413 0.047991 0.038360
4 0.474888 0.434524 0.046503 0.038360
4 0.725074 0.436177 0.054315 0.040344
4 0.794457 0.431878 0.059152 0.039683
4 0.795015 0.458664 0.060268 0.042989
4 0.864211 0.415013 0.060268 0.035053
4 0.882999 0.434854 0.053199 0.035053
4 0.924293 0.410714 0.059896 0.038360
0 0.131510 0.268188 0.263021 0.248016
0 0.596540 0.630952 0.391741 0.255291
3 0.291481 0.669974 0.028646 0.030423
2 0.288318 0.657077 0.014881 0.050926
0 0.200521 0.710317 0.401042 0.170635
0 0.329241 0.542659 0.140625 0.083995
3 0.204799 0.559854 0.026414 0.027116
2 0.200521 0.540344 0.015625 0.033069
3 0.146763 0.541667 0.024182 0.026455
2 0.143973 0.526786 0.013393 0.029762
1 0.200707 0.581349 0.014509 0.039683
3 0.749442 0.751984 0.023438 0.054233
2 0.753534 0.739749 0.014509 0.057540
10 0.799479 0.871362 0.030506 0.058862
1 0.859189 0.820767 0.017485 0.076720
1 0.885975 0.866402 0.024182 0.071429
1 0.862351 0.926918 0.021577 0.069444
1 0.936198 0.851852 0.021205 0.072751
1 0.946057 0.839286 0.022321 0.078042
3 0.725632 0.859788 0.030134 0.059524
2 0.726935 0.842923 0.020833 0.065476
0 0.442522 0.365410 0.300967 0.087963
1 0.957031 0.832672 0.019717 0.067460
1 0.858073 0.713955 0.014509 0.061508
1 0.868490 0.711310 0.014509 0.064153
1 0.811570 0.593585 0.016741 0.049603
1 0.934338 0.684854 0.015997 0.068122
3 0.664621 0.936839 0.044271 0.058862
3 0.825335 0.916997 0.033854 0.061508
3 0.846540 0.935516 0.033854 0.056217
