4 0.094680 0.914352 0.086682 0.136905
4 0.171689 0.853836 0.082961 0.119048
4 0.248698 0.818122 0.079241 0.107143
4 0.294643 0.743717 0.078125 0.094577
4 0.253348 0.960648 0.107887 0.077381
6 0.370164 0.944775 0.125744 0.109127
5 0.405878 0.871362 0.102679 0.130291
4 0.173735 0.587963 0.039435 0.064815
4 0.620350 0.485450 0.064360 0.050265
4 0.622024 0.429563 0.055060 0.042989
4 0.712426 0.414352 0.057292 0.042989
4 0.508743 0.439153 0.064360 0.043651
4 0.564732 0.418651 0.056548 0.039683
4 0.016183 0.409392 0.032366 0.043651
4 0.377976 0.455357 0.069940 0.049603
4 0.306362 0.448082 0.061384 0.052249
4 0.219122 0.410384 0.057292 0.037698
4 0.304315 0.398810 0.054315 0.038360
9 0.188616 0.421958 0.140625 0.092593
4 0.215960 0.473545 0.071801 0.044974
4 0.151042 0.459325 0.069940 0.052249
4 0.082031 0.480159 0.077009 0.043651
4 0.104539 0.416336 0.052083 0.045635
4 0.379278 0.393519 0.056176 0.038360
4 0.487351 0.383598 0.052083 0.038360
4 0.355283 0.419974 0.053571 0.039683
4 0.647135 0.351190 0.052455 0.034392
4 0.567894 0.376984 0.044271 0.034392
4 0.696057 0.344577 0.045387 0.033069
4 0.635603 0.369378 0.046503 0.037698
0 0.485119 0.639550 0.144345 0.239418
1 0.011347 0.666667 0.013765 0.058201
10 0.001860 0.636905 0.003720 0.039683
3 0.143787 0.566799 0.035342 0.038360
3 0.198103 0.549934 0.030134 0.032407
1 0.120350 0.637897 0.021205 0.061508
0 0.298921 0.671296 0.225074 0.145503
1 0.139881 0.551587 0.013393 0.039683
0 0.298363 0.541005 0.228423 0.132275
3 0.642299 0.911045 0.039807 0.068122
2 0.645089 0.895833 0.023810 0.080026
3 0.622396 0.857474 0.037202 0.062831
2 0.624256 0.845238 0.025298 0.068783
10 0.606957 0.765873 0.030134 0.059524
1 0.679129 0.692791 0.016741 0.065476
1 0.716146 0.780754 0.018601 0.062831
1 0.557664 0.831019 0.027530 0.077381
1 0.659040 0.610780 0.014509 0.054894
1 0.669829 0.603175 0.013021 0.056878
7 0.680804 0.835317 0.049107 0.054233
3 0.728981 0.848876 0.029390 0.066799
10 0.747954 0.864418 0.026414 0.097884
1 0.715216 0.695437 0.015253 0.061508
1 0.817894 0.734127 0.020461 0.066138
2 0.843192 0.729828 0.021205 0.046958
2 0.832217 0.714616 0.019345 0.040344
10 0.776972 0.879630 0.044271 0.096561
3 0.648251 0.726521 0.039807 0.053571
2 0.650112 0.712632 0.023438 0.052249
1 0.864769 0.761574 0.023438 0.072090
1 0.923177 0.933862 0.026414 0.084656
1 0.969680 0.901124 0.028646 0.086640
1 0.667783 0.556878 0.011905 0.056878
1 0.658482 0.556217 0.011905 0.051587
0 0.208147 0.340608 0.416295 0.088624
1 0.730469 0.631283 0.015253 0.056217
1 0.727865 0.680225 0.017485 0.061508
1 0.724516 0.726521 0.014509 0.062831
1 0.732329 0.723214 0.011533 0.066799
1 0.803013 0.966601 0.020461 0.065476
1 0.582031 0.540675 0.011533 0.049603
1 0.650484 0.540344 0.011533 0.044974
1 0.737537 0.598214 0.014509 0.058862
3 0.485305 0.856151 0.044271 0.053571
3 0.631882 0.796627 0.025670 0.049603
3 0.648996 0.807870 0.028646 0.042989
