4 0.300037 0.931548 0.065104 0.135582
4 0.385045 0.918651 0.066964 0.129630
4 0.453683 0.885582 0.071057 0.119048
4 0.521019 0.871032 0.071801 0.109788
4 0.566964 0.815146 0.072173 0.105159
5 0.663318 0.952712 0.093750 0.094577
4 0.467076 0.622024 0.033110 0.061508
4 0.934710 0.608135 0.062872 0.053571
4 0.835379 0.601852 0.085193 0.059524
4 0.949963 0.549934 0.074033 0.050926
4 0.969680 0.525132 0.059152 0.044974
4 0.231027 0.460648 0.058036 0.029762
4 0.145647 0.445437 0.053199 0.036376
4 0.383557 0.422288 0.046131 0.032407
4 0.754836 0.515212 0.060268 0.043651
5 0.674851 0.522156 0.069940 0.062831
4 0.482515 0.516204 0.058036 0.045635
4 0.518415 0.499339 0.058408 0.044974
4 0.321801 0.465939 0.051339 0.037698
4 0.441406 0.475529 0.053943 0.038360
4 0.363653 0.507606 0.054688 0.044312
4 0.230097 0.445437 0.055432 0.037698
4 0.426897 0.442460 0.046503 0.038360
4 0.361607 0.486442 0.053571 0.042989
4 0.230655 0.493386 0.058036 0.043651
4 0.248698 0.476852 0.056176 0.038360
4 0.370908 0.459325 0.048363 0.036376
4 0.515439 0.447751 0.049479 0.039683
4 0.121652 0.497685 0.065476 0.042989
4 0.122024 0.471230 0.052083 0.036376
4 0.053571 0.453704 0.048363 0.038360
4 0.325893 0.404431 0.024554 0.033730
9 0.510975 0.449735 0.128348 0.076720
4 0.697173 0.460979 0.057292 0.038360
4 0.779204 0.460979 0.050223 0.034392
9 0.765811 0.478175 0.135789 0.091270
9 0.021763 0.569444 0.043527 0.138889
4 0.032180 0.491071 0.059152 0.037698
4 0.022879 0.470238 0.045759 0.043651
4 0.653088 0.472553 0.047991 0.037698
4 0.602493 0.456349 0.046503 0.038360
4 0.849330 0.471230 0.049107 0.041667
4 0.921131 0.470899 0.063988 0.039683
4 0.961682 0.500661 0.065476 0.042328
4 0.973958 0.452712 0.051339 0.035053
0 0.173177 0.342262 0.346354 0.169974
0 0.692150 0.657407 0.382068 0.244709
1 0.156436 0.713624 0.019717 0.060847
1 0.151786 0.703042 0.019345 0.054233
3 0.334263 0.681217 0.028646 0.030423
2 0.332217 0.665675 0.014881 0.050926
0 0.246466 0.744709 0.477307 0.170635
0 0.410714 0.557540 0.293899 0.097884
3 0.231585 0.559193 0.026414 0.027116
2 0.228423 0.542659 0.015625 0.032407
3 0.182478 0.540013 0.022693 0.021825
2 0.178199 0.524802 0.013393 0.029762
0 0.556176 0.384590 0.295387 0.087963
