4 0.095052 0.913360 0.086682 0.136243
4 0.172061 0.853175 0.082961 0.119048
4 0.248884 0.817460 0.078869 0.107143
4 0.294643 0.743717 0.078125 0.094577
4 0.253720 0.960317 0.107887 0.078042
6 0.370536 0.944444 0.125744 0.109788
5 0.406250 0.870701 0.102679 0.130291
4 0.173735 0.587963 0.039435 0.064815
4 0.619606 0.485450 0.064360 0.050265
4 0.611235 0.430886 0.055060 0.042989
4 0.699033 0.413690 0.057292 0.042989
4 0.496466 0.441138 0.064360 0.043651
4 0.546689 0.420966 0.057664 0.040344
4 0.018229 0.410053 0.036458 0.043651
4 0.362351 0.458003 0.071429 0.049603
4 0.288504 0.450728 0.061384 0.052249
4 0.225446 0.409061 0.057292 0.037698
4 0.308780 0.398148 0.054315 0.038360
9 0.193080 0.421958 0.140625 0.092593
4 0.196429 0.476190 0.072173 0.044974
4 0.135789 0.461971 0.069940 0.052249
4 0.063988 0.482143 0.073661 0.043651
4 0.111235 0.416997 0.052083 0.045635
4 0.382999 0.393519 0.056176 0.038360
4 0.490699 0.383598 0.052083 0.038360
4 0.361607 0.418651 0.052827 0.039683
4 0.646763 0.350529 0.052455 0.034392
4 0.571243 0.376323 0.044271 0.034392
4 0.695499 0.344577 0.045015 0.033069
4 0.637835 0.369378 0.046503 0.037698
0 0.476004 0.639220 0.158854 0.238757
10 0.001860 0.636905 0.003720 0.039683
3 0.140439 0.568122 0.035342 0.038360
3 0.195126 0.552579 0.030134 0.032407
1 0.113281 0.639881 0.021205 0.061508
0 0.269903 0.671296 0.251116 0.145503
1 0.135789 0.551587 0.013393 0.039683
0 0.289249 0.543651 0.213170 0.130952
3 0.654576 0.922288 0.039807 0.068122
2 0.656622 0.906085 0.023810 0.079365
3 0.631696 0.867394 0.037202 0.062831
2 0.634301 0.852513 0.025298 0.068783
10 0.606585 0.764550 0.030134 0.059524
1 0.678757 0.692791 0.016741 0.065476
1 0.712054 0.777447 0.018601 0.062831
1 0.562128 0.831680 0.027530 0.077381
1 0.659412 0.612434 0.014509 0.054233
1 0.669085 0.603175 0.013021 0.055556
7 0.679315 0.833995 0.049107 0.054233
3 0.727493 0.847553 0.029390 0.066799
10 0.746466 0.863095 0.026414 0.097884
1 0.721168 0.695437 0.015253 0.060185
1 0.816964 0.732804 0.021577 0.066138
2 0.841704 0.728505 0.021205 0.046958
2 0.830357 0.713294 0.019345 0.040344
10 0.776042 0.877646 0.044643 0.096561
3 0.656808 0.728836 0.037574 0.052910
2 0.658668 0.714616 0.022693 0.053571
1 0.866629 0.756283 0.023438 0.072090
1 0.923177 0.936177 0.026414 0.083995
1 0.973586 0.904101 0.026786 0.085979
1 0.667039 0.556217 0.011905 0.056878
1 0.657366 0.556217 0.011905 0.051587
0 0.210193 0.340939 0.420387 0.087963
1 0.726376 0.633267 0.015253 0.056217
1 0.727865 0.680225 0.017485 0.061508
1 0.720052 0.722222 0.014509 0.062169
1 0.727865 0.718585 0.011533 0.065476
1 0.800781 0.965278 0.020461 0.068122
1 0.580543 0.539352 0.011533 0.049603
1 0.736793 0.597553 0.014509 0.058862
3 0.485305 0.855489 0.044271 0.053571
3 0.631138 0.795304 0.025670 0.049603
3 0.647879 0.806548 0.028646 0.042989
