4 0.357887 0.926587 0.059524 0.129630
4 0.442708 0.920966 0.063244 0.127646
4 0.508929 0.893849 0.067708 0.118386
4 0.577009 0.890873 0.068452 0.115079
4 0.625186 0.833003 0.073289 0.103836
5 0.715030 0.967593 0.090774 0.064815
4 0.527716 0.638558 0.033110 0.058862
4 0.912946 0.636574 0.090774 0.058862
4 0.890439 0.576389 0.071801 0.050926
4 0.917411 0.556548 0.072917 0.045635
4 0.354725 0.469246 0.053943 0.031085
4 0.269903 0.448743 0.050223 0.035053
4 0.471726 0.445106 0.046131 0.033069
4 0.706101 0.533730 0.060268 0.043651
5 0.644717 0.536706 0.069940 0.062831
4 0.479167 0.522156 0.058036 0.045635
4 0.507626 0.508929 0.059152 0.037698
4 0.446987 0.484458 0.050967 0.037698
4 0.561198 0.496693 0.053943 0.038360
4 0.373326 0.509921 0.053943 0.044974
4 0.355097 0.455026 0.050967 0.038360
4 0.531064 0.459656 0.046503 0.038360
4 0.371094 0.490410 0.053199 0.042989
4 0.094680 0.447421 0.056176 0.040344
4 0.101935 0.437500 0.047619 0.032407
4 0.249256 0.493386 0.055060 0.043651
4 0.274740 0.478175 0.050223 0.038360
4 0.500372 0.477183 0.048363 0.036376
4 0.603237 0.467593 0.049479 0.039683
4 0.148624 0.488426 0.059896 0.044312
4 0.191964 0.453704 0.046875 0.038360
4 0.398810 0.423611 0.024554 0.029762
9 0.641555 0.471561 0.128348 0.076720
4 0.779390 0.490079 0.057292 0.038360
4 0.853981 0.479828 0.050223 0.035053
9 0.888207 0.511574 0.152158 0.090608
9 0.057850 0.538029 0.099330 0.128968
4 0.787388 0.504960 0.052455 0.042989
4 0.695499 0.481812 0.037574 0.037698
4 0.026600 0.437500 0.034598 0.031085
0 0.202381 0.296627 0.399554 0.248016
0 0.665179 0.669974 0.227679 0.220899
1 0.183036 0.713955 0.019345 0.061508
1 0.199219 0.702381 0.018229 0.054233
3 0.357701 0.687500 0.028646 0.029762
2 0.355283 0.668981 0.014881 0.049603
0 0.289993 0.741071 0.520461 0.166005
0 0.447545 0.565146 0.343750 0.098545
3 0.246094 0.559193 0.026414 0.027116
2 0.245164 0.541997 0.015625 0.032407
3 0.205915 0.536045 0.022693 0.021825
2 0.202381 0.523148 0.011905 0.030423
0 0.896391 0.793651 0.204985 0.408730
0 0.599888 0.388558 0.253348 0.087963
