4 0.095796 0.912368 0.086682 0.135582
4 0.172805 0.852513 0.082961 0.119048
4 0.248884 0.816468 0.078869 0.107804
4 0.294271 0.743717 0.078125 0.094577
4 0.254464 0.959325 0.107887 0.078704
6 0.370908 0.944114 0.125744 0.110450
5 0.406622 0.870040 0.102679 0.130291
4 0.173735 0.587963 0.039435 0.064815
4 0.618490 0.485450 0.064360 0.050265
4 0.596726 0.431548 0.055060 0.042989
4 0.681176 0.413690 0.057292 0.042989
4 0.479725 0.443783 0.064360 0.043651
4 0.522693 0.424272 0.059524 0.040344
4 0.021019 0.410714 0.042039 0.043651
4 0.341518 0.461640 0.072917 0.050265
4 0.265067 0.454034 0.061384 0.052249
4 0.233631 0.407077 0.057292 0.037698
4 0.315476 0.398148 0.054315 0.038360
9 0.199033 0.421958 0.140625 0.092593
4 0.170945 0.480820 0.071801 0.044974
4 0.115327 0.466601 0.069940 0.052249
4 0.039807 0.485119 0.069196 0.044312
4 0.120164 0.416997 0.052083 0.045635
4 0.386719 0.392196 0.056176 0.038360
4 0.495164 0.383598 0.052083 0.038360
4 0.369420 0.416997 0.052083 0.040344
4 0.646019 0.349206 0.052455 0.034392
4 0.575335 0.375661 0.045015 0.034392
4 0.694754 0.344577 0.045015 0.033069
4 0.640811 0.368056 0.046503 0.037698
0 0.463728 0.638558 0.178199 0.237434
10 0.006324 0.639550 0.012649 0.039683
3 0.134487 0.568122 0.035342 0.038360
3 0.189174 0.552579 0.030134 0.032407
1 0.104725 0.641204 0.021205 0.061508
0 0.235677 0.671296 0.265997 0.145503
1 0.130208 0.552249 0.013393 0.039683
0 0.276786 0.547288 0.192708 0.128968
10 0.606213 0.763228 0.030134 0.059524
1 0.677641 0.692791 0.016741 0.065476
1 0.706845 0.772817 0.018601 0.062831
1 0.568824 0.833664 0.027530 0.077381
1 0.660156 0.614087 0.014509 0.053571
1 0.669085 0.605159 0.013021 0.056878
7 0.677455 0.832672 0.049107 0.054233
3 0.725260 0.846230 0.029390 0.066799
10 0.744978 0.861772 0.026414 0.097884
1 0.725632 0.701389 0.015253 0.062831
1 0.815848 0.731812 0.023065 0.066799
2 0.839844 0.726521 0.021205 0.046958
2 0.828125 0.711971 0.019345 0.040344
10 0.774926 0.875661 0.045387 0.096561
3 0.669829 0.731812 0.036830 0.056217
2 0.671689 0.719907 0.023438 0.053571
1 0.869234 0.750331 0.023438 0.072090
1 0.923177 0.939815 0.026414 0.083333
1 0.979167 0.908730 0.024554 0.085979
1 0.665923 0.554233 0.011905 0.056878
1 0.656994 0.554894 0.011905 0.051587
0 0.212984 0.340939 0.425967 0.087963
1 0.720796 0.634590 0.015253 0.056217
1 0.727865 0.680225 0.017485 0.061508
1 0.713728 0.715939 0.014509 0.061508
1 0.721912 0.711971 0.011533 0.064153
1 0.797805 0.963955 0.020461 0.070767
1 0.577939 0.536706 0.011533 0.049603
1 0.736421 0.596892 0.014509 0.058862
3 0.484933 0.854167 0.044271 0.053571
3 0.630022 0.793981 0.025670 0.049603
3 0.646763 0.804563 0.028646 0.042989
