4 0.039249 0.938492 0.069568 0.120370
4 0.136347 0.908069 0.080729 0.133598
4 0.210751 0.850529 0.079985 0.117725
4 0.284040 0.817791 0.076265 0.107804
4 0.329613 0.748347 0.075149 0.095899
4 0.283854 0.957672 0.102679 0.082011
6 0.397879 0.944775 0.125372 0.109127
5 0.433780 0.874339 0.102679 0.129630
4 0.209821 0.587963 0.039435 0.060847
4 0.651972 0.489087 0.064360 0.050926
4 0.568080 0.502976 0.078125 0.058862
4 0.030134 0.386574 0.051339 0.036376
4 0.640811 0.435847 0.061384 0.044974
4 0.722470 0.414683 0.060268 0.043651
4 0.478609 0.455688 0.059152 0.043651
4 0.547433 0.431878 0.056920 0.043651
4 0.326823 0.468585 0.064360 0.042989
4 0.326079 0.450728 0.061384 0.040344
4 0.106585 0.415013 0.056920 0.045635
4 0.165551 0.493386 0.075893 0.050265
4 0.120164 0.473214 0.066964 0.052249
4 0.009673 0.365410 0.019345 0.035053
4 0.327381 0.401786 0.057292 0.037698
4 0.400484 0.399140 0.053199 0.033730
9 0.296317 0.417989 0.132812 0.091270
4 0.026786 0.501323 0.053571 0.046296
4 0.083705 0.438492 0.055060 0.038360
4 0.206101 0.414021 0.052083 0.044974
4 0.469680 0.394841 0.046503 0.039683
4 0.567708 0.384921 0.052083 0.039683
4 0.469680 0.419643 0.050223 0.039021
4 0.677083 0.355159 0.052083 0.034392
4 0.650112 0.378968 0.047247 0.034392
4 0.727307 0.350860 0.045387 0.032407
4 0.709077 0.372354 0.046131 0.037037
0 0.026414 0.249669 0.052827 0.248016
0 0.383557 0.612434 0.365327 0.255291
1 0.057664 0.660714 0.021577 0.060847
0 0.092448 0.670635 0.109747 0.123016
0 0.175967 0.535714 0.052083 0.097884
1 0.121280 0.563823 0.013393 0.040344
3 0.606399 0.866733 0.037202 0.069444
1 0.606027 0.849868 0.022321 0.064815
10 0.618862 0.847222 0.043527 0.066138
2 0.617374 0.834987 0.022693 0.073413
10 0.636161 0.773479 0.030506 0.058862
1 0.704799 0.702381 0.015253 0.060847
1 0.709635 0.754960 0.018229 0.068122
1 0.662760 0.844907 0.021205 0.069444
1 0.711310 0.666997 0.015625 0.068122
1 0.719680 0.652116 0.016741 0.066138
7 0.704055 0.847884 0.049479 0.054233
3 0.752046 0.867394 0.029390 0.066799
10 0.773251 0.876323 0.026414 0.097884
1 0.797805 0.767857 0.029390 0.075397
1 0.846912 0.750331 0.027158 0.066799
2 0.870350 0.745701 0.021205 0.046958
2 0.856399 0.732474 0.019345 0.040344
10 0.805246 0.899802 0.047247 0.095899
3 0.823661 0.815807 0.046131 0.066799
2 0.821987 0.802910 0.030134 0.071429
1 0.919085 0.737103 0.023438 0.072090
1 0.698661 0.567460 0.011905 0.056878
1 0.690290 0.565807 0.011533 0.050926
0 0.311198 0.342262 0.326265 0.087963
1 0.701451 0.627315 0.016741 0.056217
1 0.771019 0.702712 0.014509 0.061508
1 0.707031 0.687500 0.014509 0.061508
1 0.715216 0.683532 0.014509 0.064153
1 0.834263 0.966601 0.020461 0.065476
1 0.707775 0.506283 0.012277 0.049603
1 0.596168 0.533399 0.011533 0.049603
1 0.760231 0.602183 0.015997 0.068122
3 0.512091 0.856812 0.044271 0.053571
3 0.662202 0.809524 0.026042 0.050265
3 0.678199 0.820437 0.029018 0.042989
