4 0.289062 0.931217 0.065476 0.134921
4 0.374442 0.917328 0.067336 0.129630
4 0.442150 0.881944 0.071057 0.118386
4 0.510231 0.867394 0.071801 0.109127
4 0.556176 0.811508 0.072173 0.104497
5 0.653460 0.948743 0.098586 0.102513
4 0.454613 0.618717 0.033482 0.061508
4 0.917969 0.600198 0.062872 0.053571
4 0.820871 0.595238 0.085193 0.059524
4 0.952195 0.541997 0.074033 0.050926
4 0.975260 0.519180 0.047991 0.044974
4 0.206845 0.461310 0.058036 0.029762
4 0.122210 0.446098 0.055432 0.037698
4 0.368118 0.419974 0.046503 0.033069
4 0.759673 0.510582 0.060268 0.043651
5 0.677455 0.518188 0.069940 0.062831
4 0.481027 0.513558 0.058036 0.045635
4 0.518787 0.496693 0.058408 0.044974
4 0.299851 0.463294 0.051339 0.037698
4 0.418713 0.472222 0.053943 0.038360
4 0.358445 0.504960 0.055432 0.044312
4 0.207403 0.444775 0.056176 0.037698
4 0.407924 0.439815 0.046503 0.038360
4 0.359561 0.485119 0.054688 0.042989
4 0.225446 0.493386 0.058036 0.043651
4 0.241257 0.476521 0.056920 0.037698
4 0.348586 0.456019 0.048363 0.036376
4 0.504278 0.445767 0.049479 0.039683
4 0.116443 0.499669 0.066220 0.042989
4 0.116071 0.472553 0.052083 0.036376
4 0.031436 0.454365 0.041295 0.038360
4 0.311942 0.403439 0.024182 0.034392
9 0.488095 0.447090 0.127232 0.076720
4 0.680804 0.457011 0.057292 0.038360
4 0.765439 0.456019 0.050223 0.035053
9 0.746094 0.472884 0.135789 0.091270
4 0.027530 0.494709 0.054315 0.038360
4 0.019531 0.473545 0.039062 0.043651
4 0.628906 0.467593 0.047991 0.038360
4 0.585751 0.451720 0.046503 0.038360
4 0.832031 0.463955 0.049479 0.041667
4 0.902902 0.465608 0.063988 0.039683
4 0.938802 0.498677 0.065104 0.043651
4 0.963542 0.449074 0.060268 0.034392
0 0.168341 0.353505 0.336682 0.162037
0 0.675781 0.652778 0.391741 0.255291
1 0.148065 0.711640 0.019345 0.060847
1 0.141369 0.703042 0.019345 0.054233
3 0.327939 0.679233 0.028646 0.030423
2 0.325893 0.663690 0.014881 0.050926
0 0.240699 0.744709 0.465774 0.170635
0 0.391927 0.557540 0.256324 0.097884
3 0.226749 0.559854 0.026414 0.027116
2 0.223214 0.542659 0.015625 0.032407
3 0.176339 0.541336 0.022321 0.021825
2 0.171875 0.525463 0.013393 0.029762
10 0.888765 0.928571 0.029762 0.059524
1 0.951451 0.879630 0.017485 0.078042
1 0.984375 0.932870 0.023810 0.072090
0 0.543341 0.381944 0.300967 0.087963
1 0.954427 0.748677 0.014509 0.060847
1 0.963356 0.747354 0.014509 0.063492
