4 0.017485 0.941468 0.034970 0.115741
4 0.099330 0.909061 0.085565 0.132937
4 0.175967 0.849868 0.082589 0.119048
4 0.250744 0.814153 0.078125 0.107143
4 0.295201 0.743717 0.077753 0.094577
4 0.256696 0.958003 0.107887 0.081349
6 0.371652 0.943122 0.125744 0.112434
5 0.407366 0.868717 0.102679 0.130291
4 0.173735 0.587963 0.039435 0.064815
4 0.618862 0.479167 0.064360 0.050926
4 0.549479 0.436177 0.055060 0.042989
4 0.625186 0.413029 0.056920 0.042989
4 0.416853 0.449735 0.064360 0.043651
4 0.440104 0.430556 0.061012 0.039683
4 0.031436 0.410714 0.061384 0.043651
4 0.266927 0.474868 0.074033 0.050265
4 0.198475 0.458664 0.063616 0.052249
4 0.259301 0.402447 0.057292 0.037698
4 0.331473 0.396164 0.054315 0.038360
9 0.219680 0.419312 0.139509 0.091270
4 0.093006 0.489087 0.075893 0.045635
4 0.052083 0.473214 0.069940 0.052249
4 0.139881 0.414352 0.052083 0.045635
4 0.400112 0.389550 0.046503 0.039683
4 0.509673 0.382937 0.052827 0.039683
4 0.392857 0.415013 0.052083 0.040344
4 0.641927 0.347884 0.052455 0.034392
4 0.588728 0.372685 0.047247 0.035053
4 0.692336 0.341270 0.045387 0.033069
4 0.651414 0.364087 0.046131 0.037698
0 0.419085 0.628968 0.232515 0.243386
10 0.065848 0.632275 0.040179 0.039683
3 0.114769 0.572751 0.035342 0.038360
3 0.164993 0.557870 0.030134 0.032407
1 0.076823 0.644180 0.021205 0.060847
0 0.202195 0.671296 0.199033 0.145503
1 0.114583 0.557870 0.013393 0.040344
0 0.240141 0.534392 0.125372 0.089947
3 0.507068 0.782407 0.037202 0.062169
1 0.507068 0.773148 0.022321 0.064815
10 0.502976 0.747354 0.037202 0.066138
2 0.501488 0.745040 0.022321 0.073413
10 0.604353 0.758598 0.030134 0.059524
1 0.674293 0.688492 0.016741 0.064815
1 0.693824 0.758267 0.018601 0.062831
1 0.592076 0.833995 0.024926 0.074074
1 0.664249 0.626653 0.014509 0.058862
1 0.670945 0.616071 0.012277 0.064153
7 0.673549 0.831349 0.049479 0.054233
3 0.721540 0.842923 0.029390 0.066799
10 0.741629 0.859788 0.026414 0.097884
1 0.737351 0.715939 0.016369 0.074735
1 0.813430 0.729828 0.027158 0.066799
2 0.836496 0.723876 0.021205 0.046958
2 0.823661 0.709325 0.019345 0.040344
10 0.773251 0.871362 0.047247 0.095899
3 0.707775 0.750331 0.043527 0.061508
2 0.713356 0.734788 0.027902 0.060847
1 0.878162 0.732474 0.023438 0.072090
1 0.926897 0.952050 0.026414 0.081349
1 0.662946 0.549603 0.011905 0.056878
1 0.656250 0.552249 0.011905 0.051587
0 0.221912 0.341601 0.443824 0.087963
1 0.705915 0.628638 0.015253 0.056217
1 0.727865 0.680225 0.017485 0.061508
1 0.700335 0.696759 0.014509 0.061508
1 0.704055 0.690807 0.012277 0.064153
1 0.794085 0.959656 0.020461 0.079365
1 0.575335 0.530754 0.011533 0.049603
1 0.733817 0.592923 0.014509 0.058862
3 0.484561 0.850860 0.044271 0.053571
3 0.628534 0.791336 0.025670 0.049603
3 0.644531 0.801918 0.028646 0.042989
