4 0.384859 0.729497 0.045015 0.078042
4 0.445685 0.727183 0.049107 0.076058
4 0.494234 0.713955 0.047991 0.074735
4 0.545201 0.711310 0.050223 0.073413
4 0.583333 0.681217 0.052083 0.066138
4 0.414621 0.832341 0.056920 0.110450
4 0.477493 0.817130 0.057664 0.105159
4 0.533482 0.811839 0.063988 0.101190
6 0.611421 0.835317 0.080729 0.132275
5 0.648438 0.781085 0.070685 0.092593
4 0.446243 0.970899 0.067336 0.054233
4 0.523065 0.955026 0.063244 0.083333
4 0.588914 0.943452 0.069196 0.095899
4 0.668527 0.954034 0.081101 0.087963
4 0.727679 0.929563 0.093750 0.114418
4 0.513765 0.563492 0.030506 0.043651
4 0.912202 0.569444 0.072917 0.044974
4 0.818824 0.558201 0.063988 0.043651
4 0.669643 0.498347 0.052083 0.037698
4 0.799107 0.507937 0.056548 0.039683
4 0.887649 0.502976 0.053571 0.040344
4 0.734747 0.486442 0.051339 0.036376
4 0.548177 0.483466 0.051711 0.038360
4 0.559152 0.467262 0.052083 0.032407
4 0.489025 0.450066 0.046503 0.032407
4 0.421689 0.432209 0.044271 0.029762
4 0.510975 0.424603 0.047247 0.027778
4 0.457589 0.456349 0.043155 0.035714
5 0.427083 0.461971 0.055060 0.042989
4 0.340774 0.454034 0.048363 0.035053
4 0.365885 0.447090 0.046503 0.031746
4 0.558222 0.454696 0.042783 0.033730
4 0.641741 0.462302 0.046131 0.033069
4 0.252232 0.451720 0.042411 0.033069
4 0.518043 0.436839 0.043527 0.031085
4 0.566406 0.431217 0.039062 0.033069
4 0.259859 0.436177 0.045015 0.036376
4 0.269903 0.425595 0.045015 0.037698
4 0.299293 0.416667 0.038318 0.033069
4 0.363281 0.429894 0.039062 0.029101
4 0.429688 0.413690 0.037202 0.025794
4 0.688430 0.445437 0.038318 0.035053
4 0.150112 0.411706 0.043527 0.031085
4 0.225260 0.416005 0.029390 0.027778
0 0.260045 0.274802 0.345238 0.244048
0 0.650484 0.598214 0.216890 0.221561
0 0.047433 0.335317 0.079241 0.154762
1 0.045015 0.740410 0.011905 0.050926
11 0.042225 0.701058 0.021949 0.059524
1 0.021763 0.643849 0.011533 0.052249
1 0.043341 0.662037 0.013021 0.041005
1 0.019159 0.662037 0.017485 0.048942
1 0.144717 0.607804 0.017113 0.046296
1 0.083147 0.653108 0.013021 0.044312
1 0.087240 0.639881 0.013021 0.046958
1 0.111979 0.666997 0.014881 0.046958
1 0.195126 0.601852 0.013021 0.042328
1 0.149926 0.656415 0.011905 0.044312
1 0.182106 0.648479 0.016741 0.044312
1 0.172805 0.633598 0.015253 0.050265
3 0.280320 0.593915 0.025670 0.023810
2 0.279576 0.581019 0.011533 0.040344
0 0.373884 0.619048 0.337054 0.101852
0 0.383185 0.510582 0.343750 0.097884
0 0.879836 0.770172 0.239583 0.458333
0 0.597842 0.373347 0.186012 0.087963
