4 0.386533 0.748347 0.046131 0.082672
4 0.449777 0.745040 0.052083 0.080026
4 0.499628 0.731481 0.049851 0.078042
4 0.552083 0.728505 0.052083 0.073413
4 0.590960 0.696098 0.053199 0.068122
4 0.416853 0.858135 0.058408 0.117063
4 0.482329 0.841931 0.059896 0.111111
4 0.540551 0.835979 0.066220 0.108466
6 0.620908 0.861772 0.084077 0.140212
5 0.659970 0.803571 0.074405 0.097884
4 0.527530 0.972553 0.063244 0.052249
4 0.597470 0.963624 0.069196 0.068783
4 0.678943 0.971561 0.081101 0.054233
4 0.753534 0.959325 0.097842 0.078704
4 0.518973 0.570106 0.030506 0.043651
4 0.932292 0.580688 0.072917 0.044974
4 0.834449 0.567460 0.063988 0.043651
4 0.707403 0.507606 0.052455 0.042989
4 0.849516 0.519511 0.061384 0.039021
4 0.951265 0.515212 0.058036 0.043651
4 0.777530 0.498016 0.057292 0.038360
4 0.579055 0.490079 0.053199 0.038360
4 0.590774 0.475529 0.052827 0.033069
4 0.483631 0.453373 0.047619 0.032407
4 0.410900 0.433532 0.044271 0.029762
4 0.513579 0.427910 0.047247 0.027778
4 0.479725 0.464616 0.045015 0.037698
5 0.449219 0.469907 0.056176 0.046958
4 0.357887 0.460317 0.049107 0.035714
4 0.381324 0.454034 0.052083 0.033730
4 0.556362 0.460317 0.045759 0.037037
4 0.641741 0.468254 0.046131 0.033069
4 0.267299 0.455026 0.045759 0.038360
4 0.508371 0.440146 0.043527 0.031085
4 0.569382 0.435847 0.039807 0.034392
4 0.273438 0.440146 0.045387 0.036376
4 0.253720 0.430556 0.045387 0.038360
4 0.284412 0.419312 0.038318 0.033069
4 0.611979 0.453704 0.046131 0.031746
4 0.621652 0.439153 0.046131 0.034392
4 0.349888 0.432540 0.040551 0.031746
4 0.430246 0.417989 0.035342 0.027778
4 0.695126 0.450066 0.038318 0.035053
4 0.136347 0.413690 0.043527 0.032407
4 0.211868 0.417659 0.029390 0.027116
0 0.255580 0.276124 0.357143 0.245370
0 0.661272 0.609458 0.216890 0.221561
0 0.040179 0.334656 0.074405 0.154762
1 0.037202 0.755622 0.012649 0.052249
11 0.037760 0.715278 0.021949 0.060185
1 0.009115 0.655754 0.011533 0.052249
1 0.030506 0.671296 0.012649 0.041005
1 0.004650 0.673942 0.009301 0.052910
1 0.152530 0.616733 0.017113 0.046958
1 0.074963 0.668320 0.013021 0.044312
1 0.082031 0.650463 0.013021 0.046958
1 0.096726 0.679894 0.015625 0.047619
1 0.201265 0.612434 0.016369 0.042328
1 0.138765 0.668651 0.016369 0.044974
1 0.170573 0.661706 0.018229 0.046958
1 0.158296 0.644511 0.015253 0.052249
3 0.293341 0.603505 0.025670 0.024471
2 0.292225 0.589616 0.011533 0.040344
0 0.373326 0.630622 0.358259 0.110450
0 0.393229 0.509259 0.343750 0.097884
0 0.884673 0.771825 0.229911 0.455026
0 0.598214 0.375331 0.193452 0.087963
