4 0.396949 0.801587 0.049851 0.099206
4 0.465402 0.798942 0.052083 0.096561
4 0.521205 0.782077 0.055060 0.089286
4 0.578497 0.780093 0.058036 0.083995
4 0.621094 0.743717 0.059896 0.081349
4 0.427269 0.928571 0.066592 0.132275
4 0.499442 0.914021 0.065848 0.132275
4 0.566220 0.909722 0.073661 0.125000
6 0.656622 0.927579 0.095238 0.134259
5 0.697731 0.871362 0.084449 0.114418
4 0.541667 0.596230 0.030506 0.053571
4 0.974702 0.614418 0.049851 0.055556
4 0.882626 0.596892 0.071801 0.048280
4 0.829427 0.539683 0.060640 0.048942
4 0.983073 0.554894 0.033110 0.044974
4 0.909970 0.531085 0.063244 0.048942
4 0.678385 0.520172 0.059152 0.042989
4 0.695499 0.502976 0.063616 0.040344
4 0.470424 0.459325 0.050223 0.032407
4 0.388951 0.437169 0.045759 0.033069
4 0.525670 0.438823 0.046875 0.029762
4 0.549851 0.485780 0.055804 0.037698
5 0.517113 0.490410 0.060268 0.050926
4 0.410714 0.478505 0.051339 0.036376
4 0.429129 0.470238 0.053199 0.038360
4 0.552455 0.469907 0.046131 0.037698
4 0.642857 0.482474 0.053571 0.032407
4 0.313058 0.468915 0.049479 0.039683
4 0.483817 0.448082 0.043527 0.032407
4 0.581659 0.445767 0.042783 0.034392
4 0.318824 0.454365 0.046875 0.035714
4 0.227679 0.432540 0.046875 0.038360
4 0.256882 0.424603 0.038318 0.033069
4 0.606399 0.463624 0.046131 0.033069
4 0.640997 0.450728 0.047619 0.036376
4 0.322917 0.440146 0.043155 0.036376
4 0.438802 0.422950 0.032366 0.031085
9 0.733817 0.463294 0.120908 0.077381
4 0.805618 0.474868 0.045015 0.039683
4 0.872396 0.479167 0.049851 0.035053
9 0.935268 0.493386 0.128720 0.091270
4 0.704799 0.457341 0.038318 0.035053
4 0.100260 0.416667 0.043527 0.033069
4 0.181362 0.420966 0.034598 0.031085
0 0.243490 0.280754 0.383557 0.249339
0 0.687686 0.635913 0.216890 0.221561
0 0.025856 0.335317 0.051711 0.154762
1 0.017299 0.795304 0.013021 0.053571
11 0.021763 0.752646 0.021949 0.060847
1 0.179874 0.638228 0.013021 0.048942
1 0.052641 0.694114 0.013021 0.044312
1 0.067894 0.683201 0.015997 0.050265
1 0.058222 0.715608 0.015997 0.047619
1 0.218564 0.631283 0.015997 0.044312
1 0.106957 0.701058 0.015997 0.050265
1 0.142857 0.695437 0.019345 0.052249
1 0.124814 0.671296 0.015997 0.054233
3 0.331845 0.623016 0.026786 0.026455
2 0.329613 0.610450 0.012649 0.039683
0 0.373140 0.654101 0.408482 0.117725
0 0.438244 0.523810 0.343750 0.097884
3 0.204985 0.513558 0.019345 0.021825
2 0.203497 0.500331 0.015625 0.032407
3 0.175037 0.492394 0.022693 0.023148
2 0.171503 0.483796 0.010417 0.027116
0 0.896391 0.772487 0.206473 0.451058
0 0.598586 0.379299 0.212054 0.087963
