4 0.090960 0.919643 0.087426 0.140873
4 0.168713 0.859127 0.082961 0.119048
4 0.247954 0.822751 0.080729 0.108466
4 0.294457 0.749008 0.077753 0.094577
4 0.248140 0.963294 0.107887 0.072090
6 0.366071 0.947090 0.125744 0.104497
5 0.403274 0.875992 0.102679 0.130291
4 0.173363 0.588955 0.039435 0.066799
4 0.693080 0.422950 0.050595 0.042989
4 0.577753 0.434524 0.057292 0.043651
4 0.478237 0.447751 0.067336 0.048942
4 0.421317 0.436839 0.061384 0.052249
4 0.187872 0.415013 0.057292 0.037698
4 0.276042 0.400794 0.056548 0.038360
9 0.158482 0.422950 0.147321 0.091931
4 0.353423 0.460317 0.066220 0.043651
4 0.260417 0.452712 0.063988 0.052249
4 0.227121 0.469577 0.073289 0.043651
4 0.085007 0.496693 0.079241 0.054233
4 0.055060 0.474868 0.069940 0.050265
4 0.061384 0.413029 0.054315 0.045635
4 0.351004 0.394841 0.056176 0.038360
4 0.463170 0.390873 0.054315 0.039683
4 0.312686 0.425265 0.055432 0.039683
4 0.647135 0.351190 0.052455 0.034392
4 0.540737 0.380952 0.044271 0.034392
4 0.699777 0.346561 0.045387 0.033069
4 0.614025 0.374669 0.046503 0.037698
0 0.562128 0.645833 0.066964 0.245370
1 0.045945 0.657077 0.018973 0.056217
10 0.001860 0.636905 0.003720 0.039683
3 0.168713 0.559524 0.035342 0.038360
1 0.166667 0.632606 0.021577 0.061508
0 0.397693 0.663690 0.255952 0.143519
1 0.161272 0.546296 0.017485 0.038360
0 0.369978 0.531085 0.358259 0.133598
3 0.568080 0.845569 0.040179 0.068122
2 0.571615 0.834656 0.023438 0.080688
3 0.565290 0.808532 0.037574 0.062831
2 0.569568 0.793320 0.025298 0.069444
10 0.609561 0.773148 0.030134 0.059524
1 0.682106 0.699405 0.016741 0.065476
1 0.741257 0.805886 0.018229 0.070767
1 0.522321 0.826720 0.027530 0.076720
1 0.658482 0.593254 0.013393 0.054233
1 0.668713 0.592923 0.011533 0.057540
7 0.681920 0.845899 0.049107 0.054233
3 0.731585 0.858796 0.029390 0.066799
10 0.752790 0.873677 0.026414 0.097884
1 0.691034 0.677910 0.015253 0.060847
1 0.825335 0.743717 0.016741 0.066799
2 0.850260 0.737103 0.021205 0.046958
2 0.835379 0.723876 0.018973 0.040344
10 0.782180 0.892857 0.044271 0.096561
3 0.585938 0.719907 0.034226 0.052249
2 0.587054 0.704034 0.021577 0.052249
1 0.830543 0.773810 0.023438 0.071429
1 0.935454 0.927579 0.026414 0.085317
1 0.943824 0.890542 0.028274 0.087963
1 0.671131 0.558201 0.011905 0.056878
1 0.662946 0.557870 0.011905 0.050926
0 0.193638 0.341270 0.387277 0.089947
1 0.753162 0.625992 0.015253 0.056217
1 0.732701 0.688823 0.017485 0.061508
1 0.756882 0.765212 0.014509 0.067460
1 0.764695 0.762566 0.011533 0.074074
1 0.811198 0.973876 0.020461 0.050926
1 0.593192 0.551918 0.011533 0.049603
1 0.645647 0.559193 0.011533 0.045635
1 0.643043 0.547950 0.011533 0.045635
1 0.744234 0.603505 0.014509 0.058862
3 0.486049 0.861442 0.044271 0.053571
3 0.634115 0.805886 0.025670 0.049603
3 0.650484 0.817130 0.028646 0.042989
