4 0.097470 0.910053 0.086310 0.133598
4 0.174293 0.849868 0.082961 0.119048
4 0.249256 0.814153 0.078125 0.107143
4 0.293899 0.743717 0.078125 0.094577
4 0.256324 0.958333 0.107887 0.080688
6 0.371280 0.943122 0.125744 0.112434
5 0.406994 0.869378 0.102679 0.130291
4 0.173363 0.587963 0.039435 0.064815
4 0.618118 0.480489 0.064360 0.050926
4 0.560640 0.434193 0.055060 0.042989
4 0.635975 0.411045 0.056920 0.042989
4 0.432106 0.448413 0.064360 0.043651
4 0.457589 0.429233 0.061012 0.039683
4 0.029204 0.411376 0.057664 0.043651
4 0.282924 0.471561 0.073289 0.050265
4 0.212426 0.457341 0.062500 0.052249
4 0.253348 0.403108 0.057292 0.037698
4 0.327753 0.396825 0.054315 0.038360
9 0.214844 0.420304 0.139509 0.091931
4 0.110863 0.487103 0.075893 0.045635
4 0.066592 0.471892 0.069940 0.052249
4 0.136161 0.415013 0.052083 0.045635
4 0.396949 0.389881 0.049851 0.039021
4 0.506510 0.383598 0.053199 0.039683
4 0.385045 0.415013 0.052083 0.040344
4 0.643415 0.347884 0.052455 0.034392
4 0.585007 0.373347 0.047247 0.035053
4 0.693080 0.341931 0.045387 0.033069
4 0.648251 0.364087 0.046503 0.037698
0 0.429129 0.630291 0.219122 0.239418
10 0.051339 0.635582 0.040179 0.039683
3 0.119978 0.570767 0.035342 0.038360
3 0.170573 0.555886 0.030134 0.032407
1 0.080915 0.643519 0.021205 0.060847
0 0.202195 0.671296 0.199033 0.145503
1 0.116815 0.556878 0.013393 0.039683
0 0.247954 0.541997 0.140997 0.105159
3 0.498512 0.775463 0.037202 0.058862
1 0.498140 0.766534 0.022321 0.064815
10 0.492932 0.737434 0.037202 0.066138
2 0.491443 0.736442 0.022321 0.073413
10 0.604725 0.759259 0.030134 0.059524
1 0.674665 0.686177 0.016741 0.065476
1 0.694568 0.760251 0.018601 0.062831
1 0.585938 0.833003 0.027530 0.077381
1 0.665737 0.618056 0.014509 0.052249
1 0.672805 0.613426 0.011533 0.064153
7 0.672805 0.830026 0.049479 0.054233
3 0.720424 0.842262 0.029390 0.066799
10 0.740885 0.859127 0.026414 0.097884
1 0.733259 0.711640 0.016369 0.072751
1 0.812872 0.729167 0.026786 0.066799
2 0.835007 0.722553 0.021205 0.046958
2 0.822173 0.709325 0.019345 0.040344
10 0.772507 0.870040 0.047247 0.095899
3 0.697731 0.746032 0.044271 0.062169
2 0.703311 0.730159 0.027902 0.058201
1 0.875558 0.734458 0.023438 0.072090
1 0.923177 0.948082 0.026414 0.081349
1 0.662946 0.549603 0.011905 0.056878
1 0.655878 0.552249 0.011905 0.051587
0 0.219866 0.340939 0.439732 0.087963
1 0.708891 0.629960 0.015253 0.056217
1 0.727865 0.680225 0.017485 0.061508
1 0.701823 0.700066 0.014509 0.061508
1 0.704799 0.693452 0.011533 0.064153
1 0.794829 0.960648 0.020461 0.077381
1 0.573103 0.530754 0.011533 0.049603
1 0.734189 0.593585 0.014509 0.058862
3 0.484561 0.851521 0.044271 0.053571
3 0.627790 0.790675 0.025670 0.049603
3 0.643415 0.800595 0.028646 0.042989
