4 0.055432 0.936177 0.081101 0.125000
4 0.157552 0.906746 0.080729 0.133598
4 0.230283 0.850198 0.078869 0.114418
4 0.302455 0.820106 0.075149 0.108466
4 0.347098 0.752976 0.075149 0.095899
4 0.303199 0.958333 0.098958 0.080688
6 0.416853 0.946759 0.124628 0.105159
5 0.452753 0.879630 0.102679 0.129630
4 0.233259 0.590939 0.039435 0.061508
4 0.673921 0.500331 0.064360 0.050926
4 0.587426 0.505291 0.078125 0.059524
4 0.072173 0.390212 0.046131 0.033069
4 0.605283 0.445767 0.061012 0.044974
4 0.684152 0.424603 0.060268 0.043651
4 0.441778 0.466931 0.059152 0.043651
4 0.515811 0.441799 0.056920 0.043651
4 0.282924 0.475860 0.064360 0.042989
4 0.282924 0.459325 0.061384 0.040344
4 0.143415 0.417659 0.056920 0.045635
4 0.135789 0.498677 0.075893 0.050265
4 0.101190 0.477844 0.066964 0.052249
4 0.037760 0.366402 0.030134 0.034392
9 0.039435 0.423280 0.078869 0.075397
4 0.361979 0.405093 0.057292 0.037698
4 0.439546 0.402778 0.053199 0.034392
9 0.341890 0.419312 0.129464 0.091270
4 0.018229 0.505291 0.036458 0.042328
4 0.143601 0.437831 0.055060 0.038360
4 0.247396 0.414683 0.052083 0.039683
4 0.505952 0.396164 0.046131 0.039683
4 0.606585 0.386905 0.059152 0.039683
4 0.518787 0.418981 0.049479 0.037698
4 0.700521 0.359788 0.052083 0.034392
4 0.680246 0.382937 0.047247 0.034392
4 0.751674 0.355820 0.045015 0.033069
0 0.038318 0.252315 0.076637 0.248016
0 0.407552 0.613426 0.358259 0.254630
1 0.060826 0.664683 0.019717 0.060847
0 0.134115 0.673942 0.089658 0.101852
0 0.207589 0.535714 0.107887 0.097884
1 0.128348 0.566799 0.013393 0.039683
3 0.665365 0.923280 0.045759 0.070106
1 0.667783 0.906746 0.025298 0.079365
10 0.688988 0.906746 0.047619 0.072751
2 0.691406 0.893849 0.022693 0.073413
10 0.656250 0.784722 0.030506 0.058862
1 0.718750 0.726190 0.017113 0.070106
1 0.730469 0.763889 0.018229 0.070106
1 0.690662 0.851521 0.021205 0.069444
1 0.738095 0.689484 0.015625 0.068122
1 0.749442 0.677579 0.017485 0.074735
7 0.728051 0.862434 0.049107 0.054233
3 0.775856 0.875331 0.029390 0.066799
10 0.797061 0.896164 0.026414 0.097884
1 0.843936 0.792989 0.029390 0.075397
1 0.870350 0.764220 0.027158 0.066799
2 0.896763 0.760913 0.021205 0.046958
2 0.884673 0.749669 0.019345 0.040344
10 0.832775 0.913690 0.047247 0.095899
3 0.891369 0.857474 0.046131 0.066799
2 0.896019 0.842593 0.030134 0.071429
1 0.718006 0.574074 0.011905 0.056878
1 0.710751 0.573743 0.011533 0.054894
0 0.271391 0.345569 0.387277 0.086640
1 0.705357 0.629299 0.014137 0.056217
1 0.791481 0.715278 0.014509 0.061508
1 0.720796 0.686839 0.014509 0.061508
1 0.728237 0.682870 0.014509 0.064153
1 0.722656 0.519511 0.012277 0.049603
1 0.617746 0.536706 0.011533 0.049603
1 0.783296 0.610780 0.015997 0.068122
3 0.532924 0.866733 0.044271 0.053571
3 0.681362 0.821759 0.027902 0.053571
3 0.696801 0.833003 0.029762 0.042989
