4 0.029576 0.939815 0.059152 0.119048
4 0.122024 0.908730 0.081845 0.133598
4 0.197545 0.850529 0.081101 0.119048
4 0.271577 0.816138 0.077381 0.107143
4 0.317150 0.745701 0.075521 0.095899
4 0.270089 0.957341 0.105655 0.082672
6 0.384115 0.943452 0.125372 0.111772
5 0.420015 0.870701 0.102679 0.130291
4 0.193824 0.587632 0.039435 0.062831
4 0.638207 0.485780 0.064360 0.050926
4 0.553943 0.498347 0.078125 0.058862
4 0.017485 0.385913 0.034970 0.036376
4 0.669085 0.426257 0.058408 0.045635
4 0.502976 0.447090 0.058780 0.043651
4 0.573103 0.424603 0.056920 0.043651
4 0.360677 0.462632 0.064360 0.042989
4 0.362351 0.443452 0.061012 0.040344
4 0.079055 0.415344 0.056920 0.044974
4 0.196057 0.488757 0.075893 0.050265
4 0.140811 0.467923 0.067336 0.052249
4 0.299479 0.401124 0.057292 0.037698
4 0.374070 0.396825 0.053943 0.033069
9 0.267299 0.416005 0.132812 0.091270
4 0.043899 0.497685 0.063244 0.046958
4 0.021763 0.480489 0.042039 0.045635
4 0.041853 0.439815 0.053199 0.038360
4 0.186756 0.416005 0.052083 0.044974
4 0.445126 0.394841 0.046503 0.039683
4 0.545015 0.384259 0.049851 0.039683
4 0.440104 0.415675 0.052083 0.040344
4 0.664807 0.351190 0.052083 0.034392
4 0.626674 0.376653 0.047247 0.035053
4 0.713914 0.346230 0.045387 0.032407
4 0.688616 0.370040 0.046131 0.037698
0 0.017671 0.248347 0.035342 0.248016
0 0.388393 0.615410 0.335565 0.251984
1 0.065290 0.649471 0.021205 0.060847
0 0.098214 0.668320 0.174851 0.147487
1 0.117932 0.563161 0.013393 0.040344
3 0.566592 0.831019 0.037202 0.069444
1 0.568452 0.818783 0.022321 0.064815
10 0.570871 0.808201 0.038318 0.066138
2 0.570871 0.801257 0.022693 0.073413
10 0.622768 0.767857 0.030506 0.059524
1 0.694940 0.696429 0.016369 0.062169
1 0.699405 0.753307 0.018601 0.064815
1 0.640439 0.844246 0.021205 0.069444
1 0.691964 0.652447 0.015625 0.068122
1 0.698847 0.638889 0.016741 0.066138
7 0.689918 0.841270 0.049479 0.054233
3 0.738653 0.855489 0.029390 0.066799
10 0.758743 0.869709 0.026414 0.097884
1 0.772507 0.748016 0.021949 0.075397
1 0.830543 0.741733 0.027158 0.066799
2 0.856585 0.736442 0.021205 0.046958
2 0.842634 0.720569 0.019345 0.040344
10 0.789621 0.887235 0.047247 0.095899
3 0.781250 0.794643 0.046131 0.066799
2 0.781622 0.778439 0.029762 0.064815
1 0.901228 0.733135 0.023438 0.072090
1 0.684896 0.562831 0.011905 0.056878
1 0.677083 0.561839 0.011905 0.050926
0 0.280134 0.342262 0.367560 0.087963
1 0.705729 0.628638 0.016369 0.056217
1 0.755022 0.694114 0.015253 0.061508
1 0.701079 0.688823 0.014509 0.061508
1 0.709263 0.684854 0.014509 0.064153
1 0.818638 0.963624 0.020461 0.068783
1 0.704427 0.498347 0.012277 0.049603
1 0.587984 0.532738 0.011533 0.049603
1 0.749442 0.596892 0.015997 0.068122
3 0.500558 0.854828 0.044271 0.053571
3 0.647135 0.801257 0.025670 0.049603
3 0.663504 0.812500 0.028646 0.042989
