4 0.399554 0.815807 0.050595 0.103836
4 0.469680 0.813492 0.052455 0.100529
4 0.527158 0.795966 0.056548 0.091931
4 0.585751 0.794312 0.059896 0.087302
4 0.629278 0.756944 0.061384 0.085317
4 0.429315 0.940807 0.066964 0.118386
4 0.504650 0.928902 0.067336 0.123677
4 0.572917 0.924934 0.075149 0.121032
6 0.664062 0.941138 0.095982 0.116402
5 0.708519 0.890873 0.087426 0.119048
4 0.546503 0.602183 0.030506 0.053571
4 0.982887 0.621032 0.032738 0.055556
4 0.896391 0.604167 0.071801 0.048280
4 0.866629 0.547619 0.066592 0.048942
4 0.948475 0.539021 0.059896 0.048942
4 0.709821 0.528108 0.061012 0.042989
4 0.726004 0.511243 0.063616 0.043651
4 0.465960 0.461310 0.050223 0.032407
4 0.382626 0.438161 0.046503 0.035053
4 0.528088 0.440146 0.046503 0.031085
4 0.571243 0.491733 0.056920 0.037698
5 0.536086 0.496032 0.061012 0.050265
4 0.424479 0.483796 0.052083 0.037698
4 0.446615 0.472222 0.053199 0.038360
4 0.549293 0.471892 0.047991 0.037698
4 0.642671 0.485119 0.053943 0.032407
4 0.324777 0.473545 0.049851 0.041005
4 0.475074 0.449735 0.044643 0.035714
4 0.584077 0.447421 0.044643 0.036376
4 0.331659 0.456019 0.048735 0.035053
4 0.220424 0.432540 0.048735 0.038360
4 0.248698 0.424603 0.038318 0.033069
4 0.604539 0.465608 0.046131 0.033069
4 0.644903 0.455688 0.048735 0.038360
4 0.315104 0.440807 0.043155 0.036376
4 0.441034 0.422950 0.032366 0.031085
9 0.730469 0.465939 0.120908 0.077381
4 0.808966 0.478836 0.046503 0.039683
4 0.880766 0.481812 0.050223 0.035053
9 0.936012 0.496693 0.127232 0.091270
4 0.704799 0.457341 0.038318 0.035053
4 0.090960 0.416667 0.043527 0.033069
4 0.172805 0.420966 0.034598 0.031085
0 0.238467 0.282738 0.385417 0.249339
0 0.691778 0.643188 0.216890 0.221561
0 0.022135 0.336640 0.044271 0.154762
1 0.010975 0.808532 0.013021 0.053571
11 0.016555 0.764550 0.021949 0.060847
1 0.186942 0.644180 0.013021 0.050265
1 0.046689 0.701058 0.013021 0.046296
1 0.062686 0.690807 0.017485 0.052249
1 0.046317 0.726852 0.017485 0.050265
1 0.223028 0.637235 0.014509 0.045635
1 0.096912 0.710979 0.015997 0.051587
1 0.134859 0.703373 0.017485 0.053571
1 0.114955 0.679894 0.017113 0.056878
3 0.341704 0.628307 0.027902 0.027778
2 0.340030 0.616402 0.014137 0.039683
0 0.371094 0.668981 0.422247 0.126323
0 0.446429 0.529101 0.343750 0.097884
3 0.216146 0.518849 0.019345 0.021825
2 0.214472 0.505622 0.015253 0.032407
3 0.186198 0.496693 0.022693 0.022487
2 0.182292 0.488426 0.010417 0.027116
0 0.899182 0.777116 0.200149 0.445767
0 0.598772 0.380622 0.216890 0.087963
