4 0.090588 0.919974 0.087426 0.141534
4 0.168341 0.859788 0.082961 0.119048
4 0.247954 0.823413 0.080729 0.108466
4 0.294457 0.749669 0.077753 0.094577
4 0.247396 0.963624 0.107887 0.071429
6 0.364955 0.947421 0.125744 0.103836
5 0.402530 0.877315 0.102679 0.130291
4 0.173177 0.588624 0.039807 0.067460
4 0.698475 0.422619 0.047991 0.043651
4 0.582217 0.433201 0.057292 0.043651
4 0.486049 0.447751 0.067336 0.048942
4 0.431362 0.436177 0.061384 0.052249
4 0.186012 0.415013 0.057292 0.037698
4 0.272879 0.400794 0.056920 0.038360
9 0.155506 0.423280 0.148810 0.091270
4 0.365327 0.458333 0.066220 0.043651
4 0.271949 0.451389 0.063988 0.052249
4 0.240141 0.469577 0.070312 0.043651
4 0.095424 0.494709 0.079241 0.054233
4 0.067336 0.474868 0.069940 0.050265
4 0.057292 0.412368 0.055060 0.045635
4 0.347656 0.394841 0.056176 0.038360
4 0.460379 0.388889 0.053199 0.039683
4 0.308966 0.425926 0.055432 0.039683
4 0.647135 0.351190 0.052455 0.034392
4 0.538132 0.380952 0.044271 0.034392
4 0.700149 0.347222 0.045387 0.033069
4 0.612165 0.374669 0.046503 0.037698
1 0.481027 0.776455 0.017857 0.068783
1 0.049107 0.656415 0.019345 0.056217
10 0.001860 0.636905 0.003720 0.039683
3 0.170945 0.559524 0.035342 0.038360
1 0.171131 0.631283 0.021577 0.061508
0 0.403460 0.663690 0.266741 0.143519
1 0.161272 0.546296 0.017485 0.038360
0 0.386905 0.531085 0.392113 0.133598
3 0.561384 0.840278 0.040179 0.068122
2 0.564918 0.828704 0.023438 0.080688
3 0.559524 0.803241 0.037202 0.062831
2 0.564360 0.789352 0.025298 0.069444
10 0.609933 0.773810 0.030134 0.059524
1 0.682106 0.699405 0.016741 0.065476
1 0.743490 0.808532 0.018229 0.070767
1 0.518973 0.826058 0.027530 0.076720
1 0.658296 0.592593 0.013765 0.055556
1 0.668155 0.591601 0.011161 0.057540
7 0.681920 0.847222 0.049107 0.054233
3 0.731585 0.860119 0.029390 0.066799
10 0.752790 0.874339 0.026414 0.097884
1 0.688058 0.677249 0.015253 0.059524
1 0.826079 0.743717 0.020461 0.066799
2 0.851004 0.737765 0.021205 0.046958
2 0.835751 0.725198 0.018973 0.040344
10 0.782180 0.893519 0.044271 0.096561
3 0.579985 0.719246 0.033482 0.052249
2 0.581101 0.703373 0.021577 0.052249
1 0.826823 0.773810 0.023438 0.071429
1 0.936942 0.928241 0.026414 0.085317
1 0.941220 0.889881 0.028274 0.087963
1 0.671503 0.558201 0.011905 0.056878
1 0.663318 0.558532 0.011905 0.050926
0 0.192336 0.341270 0.384673 0.089947
1 0.754278 0.625992 0.015253 0.056217
1 0.733073 0.688823 0.017485 0.061508
1 0.759859 0.769180 0.014509 0.067460
1 0.767671 0.766534 0.011533 0.075397
1 0.811198 0.973876 0.020461 0.050926
2 0.730469 0.978505 0.028646 0.041667
1 0.593936 0.552579 0.011533 0.049603
1 0.644903 0.560516 0.011533 0.045635
1 0.642671 0.549934 0.011533 0.045635
1 0.744234 0.603505 0.014509 0.058862
3 0.486049 0.861442 0.044271 0.053571
3 0.634115 0.806548 0.025670 0.049603
3 0.650484 0.817791 0.028646 0.042989
