4 0.378906 0.896164 0.056920 0.121693
4 0.459821 0.892196 0.060268 0.119048
4 0.523996 0.868717 0.065104 0.111772
4 0.589286 0.866071 0.066220 0.107804
4 0.637463 0.815146 0.071057 0.098545
4 0.498326 0.982804 0.068824 0.033069
4 0.578683 0.981481 0.077009 0.035714
5 0.735677 0.958664 0.091146 0.082672
4 0.552455 0.635913 0.033482 0.056217
4 0.938244 0.640542 0.090774 0.058862
4 0.853609 0.567791 0.072545 0.048280
4 0.878348 0.547950 0.069196 0.046958
4 0.407924 0.469577 0.055432 0.033069
4 0.319754 0.445767 0.048735 0.035714
4 0.505952 0.448413 0.046131 0.033069
4 0.674107 0.524471 0.058036 0.039683
5 0.621838 0.529101 0.067336 0.059524
4 0.474330 0.512897 0.055804 0.041667
4 0.503162 0.497354 0.053199 0.038360
4 0.495722 0.483135 0.050967 0.037698
4 0.611793 0.498677 0.053943 0.033069
4 0.374256 0.498347 0.052083 0.045635
4 0.404390 0.455688 0.049107 0.038360
4 0.563802 0.460979 0.046503 0.038360
4 0.370536 0.481812 0.052083 0.042989
4 0.147879 0.443122 0.053943 0.038360
4 0.165737 0.432540 0.040551 0.033069
4 0.261533 0.482804 0.054315 0.043651
4 0.284412 0.467262 0.049479 0.036376
4 0.553199 0.477183 0.048363 0.036376
4 0.634673 0.466931 0.049107 0.039683
4 0.159784 0.477183 0.059896 0.045635
4 0.250558 0.448743 0.045015 0.036376
4 0.422805 0.425926 0.027902 0.030423
9 0.691034 0.473545 0.123884 0.076720
4 0.805060 0.491402 0.057292 0.038360
4 0.885231 0.484458 0.050223 0.035053
9 0.916481 0.512897 0.142485 0.090608
9 0.091704 0.505952 0.100074 0.126984
4 0.841146 0.510251 0.052083 0.042989
4 0.698661 0.472884 0.037946 0.037037
4 0.017113 0.420966 0.031994 0.032407
4 0.095052 0.428902 0.034598 0.031085
0 0.213542 0.292328 0.395089 0.248677
0 0.678385 0.665675 0.216890 0.221561
0 0.007068 0.336640 0.014137 0.154762
1 0.199033 0.684193 0.013393 0.053571
1 0.226004 0.679233 0.018229 0.054233
1 0.010045 0.777778 0.019345 0.054233
1 0.054501 0.765542 0.018229 0.062831
1 0.030320 0.730159 0.018973 0.060847
3 0.366257 0.668320 0.028646 0.029762
2 0.365327 0.655093 0.014881 0.048280
0 0.322545 0.725198 0.473214 0.151455
0 0.476190 0.551918 0.343750 0.098545
3 0.249442 0.546958 0.022693 0.025132
2 0.248884 0.532077 0.015625 0.032407
3 0.212612 0.524802 0.022693 0.021825
2 0.208705 0.512235 0.010417 0.031085
0 0.891555 0.793981 0.206473 0.409392
0 0.599516 0.385913 0.242188 0.087963
