4 0.034784 0.938823 0.065848 0.119709
4 0.130580 0.908069 0.081101 0.133598
4 0.205543 0.850860 0.080729 0.118386
4 0.279018 0.816799 0.076637 0.107143
4 0.324777 0.747024 0.075149 0.095899
4 0.278832 0.957672 0.103795 0.082011
6 0.392671 0.944444 0.125372 0.109788
5 0.428571 0.873016 0.102679 0.129630
4 0.203869 0.587632 0.039435 0.061508
4 0.646763 0.487765 0.064360 0.050926
4 0.562872 0.501653 0.078125 0.058862
4 0.026786 0.386574 0.051339 0.036376
4 0.651414 0.432870 0.060268 0.045635
4 0.489025 0.453704 0.059152 0.043651
4 0.557106 0.429233 0.056920 0.043651
4 0.339844 0.466601 0.064360 0.042989
4 0.339472 0.448082 0.061384 0.040344
4 0.098400 0.414021 0.056920 0.044974
4 0.177083 0.491402 0.075893 0.050265
4 0.127976 0.471230 0.066964 0.052249
4 0.318080 0.401124 0.057292 0.037698
4 0.390625 0.398479 0.053571 0.033730
9 0.285528 0.417328 0.132812 0.091270
4 0.030878 0.500331 0.058036 0.046958
4 0.015253 0.482804 0.030506 0.043651
4 0.067894 0.438492 0.054688 0.038360
4 0.200149 0.415344 0.052083 0.044974
4 0.460379 0.394841 0.046503 0.039683
4 0.560082 0.384921 0.050223 0.039683
4 0.458891 0.417989 0.050967 0.039683
4 0.672247 0.354497 0.052083 0.034392
4 0.643043 0.378307 0.047247 0.034392
4 0.726190 0.350860 0.045387 0.032407
4 0.703497 0.372354 0.046131 0.037037
0 0.023251 0.249008 0.046503 0.248016
0 0.380022 0.612434 0.373140 0.255291
1 0.060640 0.655423 0.021577 0.060847
0 0.089100 0.672288 0.128348 0.132937
1 0.120164 0.563823 0.013393 0.040344
3 0.591890 0.854828 0.037202 0.069444
1 0.592262 0.837963 0.022321 0.064815
10 0.602121 0.833333 0.043527 0.066138
2 0.598772 0.820437 0.022693 0.073413
10 0.630952 0.771495 0.030506 0.058862
1 0.702753 0.700066 0.015625 0.061508
1 0.705729 0.754299 0.018601 0.066799
1 0.654204 0.844907 0.021205 0.069444
1 0.703869 0.661706 0.015625 0.068122
1 0.711868 0.646825 0.016741 0.066138
7 0.698847 0.845238 0.049479 0.054233
3 0.746838 0.862765 0.029390 0.066799
10 0.767671 0.873677 0.026414 0.097884
1 0.788318 0.760251 0.026786 0.074735
1 0.840588 0.747024 0.027158 0.066799
2 0.865141 0.741733 0.021205 0.046958
2 0.851190 0.727844 0.019345 0.040344
10 0.799293 0.895172 0.047247 0.095899
3 0.807664 0.807870 0.046131 0.066799
2 0.806734 0.793651 0.030134 0.068783
1 0.912388 0.735119 0.023438 0.072090
1 0.694568 0.566138 0.011905 0.056878
1 0.686570 0.565146 0.011533 0.050926
0 0.299665 0.342262 0.341890 0.087963
1 0.704427 0.627976 0.016741 0.056217
1 0.766183 0.699405 0.014509 0.061508
1 0.704799 0.688161 0.014509 0.061508
1 0.712984 0.684193 0.014509 0.064153
1 0.829055 0.965939 0.020461 0.065476
1 0.707031 0.502976 0.012277 0.049603
1 0.592820 0.532738 0.011533 0.049603
1 0.756510 0.600860 0.015997 0.068122
3 0.507626 0.856151 0.044271 0.053571
3 0.656808 0.805886 0.025670 0.049603
3 0.673177 0.817130 0.028646 0.042989
