4 0.090402 0.920966 0.087798 0.142196
4 0.168341 0.860450 0.082961 0.119048
4 0.247954 0.824074 0.080729 0.108466
4 0.294457 0.750331 0.077753 0.094577
4 0.246652 0.964286 0.107887 0.070106
6 0.364211 0.947751 0.125744 0.103175
5 0.402158 0.878638 0.102679 0.130291
4 0.173177 0.588294 0.039807 0.068122
4 0.704055 0.422619 0.045015 0.043651
4 0.586310 0.433201 0.057292 0.043651
4 0.494234 0.447751 0.067336 0.048942
4 0.441778 0.435516 0.061384 0.052249
4 0.184524 0.415013 0.057292 0.037698
4 0.270089 0.400794 0.057292 0.038360
9 0.152716 0.423942 0.150670 0.091270
4 0.376116 0.458333 0.066220 0.043651
4 0.283854 0.448082 0.063988 0.052249
4 0.253348 0.470569 0.066964 0.042989
4 0.105841 0.493386 0.079241 0.054233
4 0.080729 0.472222 0.069940 0.050265
4 0.053385 0.412037 0.055432 0.044974
4 0.344308 0.395503 0.056176 0.038360
4 0.457589 0.386905 0.052083 0.039683
4 0.305618 0.426587 0.055432 0.039683
4 0.647135 0.351190 0.052455 0.034392
4 0.535528 0.381614 0.044271 0.034392
4 0.700149 0.347222 0.045387 0.033069
4 0.610305 0.374669 0.046503 0.037698
1 0.481399 0.778108 0.018601 0.069444
1 0.052641 0.655754 0.019717 0.056217
10 0.001860 0.636905 0.003720 0.039683
3 0.173177 0.559524 0.035342 0.038360
1 0.175967 0.629960 0.021577 0.061508
0 0.441964 0.662037 0.344494 0.141534
0 0.354725 0.477183 0.344122 0.098545
3 0.243118 0.563823 0.026414 0.027116
2 0.241815 0.545304 0.015625 0.032407
3 0.199591 0.539352 0.022693 0.021825
2 0.196429 0.526124 0.013393 0.029762
1 0.161272 0.546296 0.017485 0.038360
0 0.403832 0.531085 0.425967 0.133598
3 0.558408 0.837632 0.040179 0.068122
2 0.561942 0.826058 0.023438 0.080688
3 0.556920 0.801257 0.037202 0.062831
2 0.561756 0.787368 0.025298 0.069444
10 0.610305 0.774471 0.030134 0.059524
1 0.682850 0.699405 0.016741 0.065476
1 0.746466 0.810847 0.018229 0.071429
1 0.518973 0.826058 0.027530 0.076720
1 0.658296 0.592262 0.014509 0.056217
1 0.667969 0.590278 0.010789 0.057540
7 0.682292 0.848545 0.049107 0.054233
3 0.731957 0.861442 0.029390 0.066799
10 0.752790 0.875661 0.026414 0.097884
1 0.687686 0.674934 0.015253 0.060185
1 0.826451 0.745040 0.014509 0.066799
2 0.852121 0.739087 0.021205 0.046958
2 0.836496 0.726521 0.018973 0.040344
10 0.782552 0.894841 0.044271 0.096561
1 0.822359 0.768519 0.023438 0.071429
1 0.938802 0.929563 0.026414 0.085317
1 0.938988 0.889220 0.028274 0.087963
0 0.295387 0.227183 0.086310 0.081349
1 0.671503 0.558201 0.011905 0.056878
1 0.663318 0.558532 0.011905 0.050926
0 0.191034 0.341601 0.382068 0.090608
1 0.755766 0.625992 0.015253 0.056217
1 0.733817 0.689484 0.017485 0.061508
1 0.762835 0.773479 0.014509 0.068122
1 0.771019 0.770833 0.011533 0.076058
1 0.811198 0.973876 0.020461 0.050926
2 0.722284 0.974537 0.028646 0.049603
1 0.593936 0.552579 0.011533 0.049603
1 0.644531 0.562500 0.011533 0.045635
1 0.642299 0.551918 0.011533 0.045635
1 0.744234 0.603505 0.014509 0.058862
3 0.486049 0.861442 0.044271 0.053571
3 0.634487 0.807870 0.025670 0.049603
3 0.650856 0.819114 0.028646 0.042989
0 0.801153 0.676918 0.117932 0.300926
