4 0.384487 0.726190 0.045015 0.078042
4 0.444754 0.724206 0.048735 0.075397
4 0.493490 0.710979 0.047991 0.074074
4 0.544271 0.708664 0.049851 0.073413
4 0.582031 0.678902 0.051711 0.065476
4 0.414435 0.828042 0.056548 0.109788
4 0.476562 0.813161 0.057292 0.103836
4 0.532366 0.807870 0.063244 0.099868
6 0.609933 0.831349 0.079985 0.130952
5 0.646577 0.777447 0.069940 0.091931
4 0.446615 0.968254 0.067336 0.059524
4 0.522321 0.952381 0.063244 0.088624
4 0.587798 0.939815 0.069196 0.097884
4 0.667039 0.951720 0.081101 0.092593
4 0.725260 0.925595 0.092634 0.114418
4 0.513021 0.562169 0.030506 0.043651
4 0.909598 0.568122 0.072917 0.044974
4 0.817336 0.556217 0.063988 0.043651
4 0.664062 0.497024 0.052083 0.037698
4 0.792039 0.506283 0.055804 0.040344
4 0.878162 0.500331 0.053199 0.039021
4 0.727865 0.484458 0.050223 0.035053
4 0.543155 0.482143 0.051339 0.038360
4 0.554315 0.465939 0.052083 0.032407
4 0.490141 0.449405 0.046503 0.032407
4 0.424293 0.431548 0.044271 0.029762
4 0.511719 0.424603 0.047247 0.027778
4 0.454613 0.455357 0.043155 0.035053
5 0.423921 0.460648 0.054688 0.042989
4 0.338542 0.453373 0.048363 0.035053
4 0.363467 0.446098 0.045387 0.031085
4 0.558780 0.454365 0.042411 0.033069
4 0.642113 0.461640 0.046131 0.033069
4 0.249814 0.451389 0.042039 0.032407
4 0.520275 0.436839 0.043527 0.031085
4 0.566220 0.430225 0.039435 0.032407
4 0.257999 0.435516 0.045015 0.036376
4 0.272879 0.424603 0.045015 0.037037
4 0.301897 0.416005 0.038318 0.033069
4 0.366257 0.429894 0.039062 0.029101
4 0.430432 0.413029 0.037202 0.025794
4 0.687686 0.444775 0.038318 0.035053
4 0.152716 0.411706 0.043527 0.031085
4 0.227493 0.416005 0.029390 0.027778
0 0.260789 0.274471 0.343006 0.243386
0 0.648624 0.596892 0.216890 0.221561
0 0.048921 0.332011 0.079241 0.154762
1 0.046131 0.737103 0.011905 0.050926
11 0.043527 0.698743 0.021577 0.058862
1 0.025112 0.643519 0.011533 0.051587
1 0.047061 0.659392 0.013021 0.041005
1 0.022507 0.657407 0.017485 0.044974
1 0.143973 0.606481 0.017113 0.046296
1 0.085751 0.651124 0.013021 0.044312
1 0.089472 0.638558 0.013021 0.046958
1 0.115141 0.664352 0.015253 0.046958
1 0.195312 0.600198 0.013393 0.041667
1 0.152902 0.653770 0.011905 0.044312
1 0.184524 0.646164 0.016369 0.043651
1 0.175595 0.631614 0.015625 0.050265
3 0.278832 0.592262 0.025670 0.024471
2 0.277716 0.579034 0.011533 0.040344
0 0.373884 0.617725 0.333333 0.100529
0 0.382812 0.507937 0.343750 0.097884
0 0.879092 0.770172 0.241071 0.458333
0 0.597842 0.373347 0.184524 0.087963
