4 0.062500 0.935847 0.081845 0.125661
4 0.164435 0.906085 0.080357 0.133598
4 0.236979 0.850529 0.078869 0.113757
4 0.308780 0.821429 0.075149 0.108466
4 0.353237 0.754299 0.074777 0.095899
4 0.308966 0.958995 0.097842 0.079365
6 0.422247 0.947751 0.123512 0.101852
5 0.458519 0.881944 0.102307 0.130291
4 0.240327 0.591931 0.039435 0.060847
4 0.680990 0.501653 0.064360 0.050926
4 0.594680 0.507937 0.078497 0.059524
4 0.081845 0.391534 0.046131 0.033069
4 0.596726 0.449735 0.061012 0.044974
4 0.674479 0.429233 0.060268 0.043651
4 0.435454 0.468915 0.059152 0.043651
4 0.507254 0.444775 0.056920 0.042989
4 0.273624 0.477844 0.064360 0.042989
4 0.275484 0.461310 0.061384 0.040344
4 0.154204 0.418320 0.055432 0.045635
4 0.129464 0.500661 0.075893 0.050265
4 0.097098 0.477844 0.066964 0.052249
4 0.047433 0.368386 0.028646 0.034392
9 0.048177 0.423942 0.096354 0.075397
4 0.375000 0.405754 0.057292 0.037698
4 0.450707 0.403439 0.053199 0.034392
9 0.354911 0.419312 0.127976 0.091270
4 0.015997 0.506283 0.031994 0.041667
4 0.161086 0.437831 0.055060 0.038360
4 0.258185 0.415344 0.052083 0.039683
4 0.515997 0.397487 0.046131 0.039683
4 0.616257 0.387566 0.059152 0.039683
4 0.531436 0.420304 0.049479 0.037698
4 0.709449 0.361772 0.052083 0.034392
4 0.689546 0.384259 0.047247 0.034392
4 0.758743 0.358135 0.045015 0.032407
0 0.041667 0.252976 0.083333 0.248016
0 0.415737 0.613426 0.356027 0.253307
1 0.062128 0.666005 0.019345 0.060847
0 0.122954 0.658730 0.062872 0.101852
0 0.218750 0.538360 0.107887 0.097884
1 0.131324 0.567460 0.012649 0.039683
3 0.683222 0.935185 0.047247 0.070106
1 0.683780 0.920966 0.025298 0.081349
10 0.710379 0.926918 0.047991 0.073413
2 0.710751 0.910053 0.022693 0.072751
10 0.662574 0.789352 0.030506 0.058862
1 0.725446 0.723876 0.017113 0.065476
1 0.737165 0.767857 0.018229 0.070106
1 0.697359 0.855159 0.021205 0.070106
1 0.745536 0.695437 0.015625 0.068122
1 0.757626 0.685847 0.017485 0.078042
7 0.733631 0.866402 0.049107 0.054233
3 0.782552 0.882606 0.029390 0.066799
10 0.804874 0.901455 0.026414 0.097884
1 0.857701 0.802910 0.029390 0.075397
1 0.878906 0.768849 0.027158 0.066799
2 0.905506 0.766204 0.021577 0.046958
2 0.893229 0.754960 0.019345 0.040344
10 0.838356 0.917659 0.047247 0.095899
3 0.912202 0.872024 0.046131 0.066799
2 0.916481 0.856481 0.030134 0.071429
3 0.526600 0.707011 0.026414 0.054233
2 0.525856 0.690807 0.018229 0.064153
1 0.724330 0.576058 0.011905 0.056878
1 0.717634 0.576720 0.011905 0.056878
0 0.289062 0.347884 0.335565 0.087302
1 0.707403 0.630622 0.013021 0.056217
1 0.797805 0.718585 0.014509 0.061508
1 0.726004 0.686839 0.014509 0.061508
1 0.732701 0.682870 0.014509 0.064153
1 0.727121 0.523479 0.012277 0.049603
1 0.623698 0.538690 0.011533 0.049603
1 0.791109 0.614087 0.015997 0.068122
3 0.538876 0.869378 0.044271 0.053571
3 0.686756 0.825397 0.028274 0.054233
3 0.701637 0.836310 0.029762 0.042989
