3 0.676996 0.855275 0.093487 0.240896
3 0.457721 0.836134 0.074055 0.258637
3 0.555672 0.421569 0.050420 0.122316
4 0.458246 0.366947 0.036239 0.136321
4 0.544380 0.072362 0.029937 0.071895
3 0.043855 0.659197 0.087710 0.207283
3 0.097164 0.490663 0.088235 0.159664
3 0.466387 0.051821 0.030462 0.077498
3 0.607405 0.092904 0.044643 0.056956
6 0.418067 0.076097 0.018908 0.051354
1 0.418592 0.067694 0.010504 0.040149
0 0.363183 0.211951 0.012080 0.057890
0 0.359769 0.202614 0.011555 0.056022
1 0.420168 0.062092 0.012605 0.032680
4 0.203519 0.189076 0.040441 0.083100
3 0.226628 0.132586 0.042542 0.078431
3 0.746586 0.066293 0.040441 0.056022
0 0.952206 0.547152 0.022059 0.065359
0 0.929359 0.526144 0.027836 0.077498
3 0.095851 0.116713 0.067752 0.065359
0 0.015756 0.224090 0.014706 0.063492
2 0.022321 0.247432 0.033088 0.042951
2 0.055672 0.232026 0.021008 0.056956
1 0.058298 0.226891 0.023109 0.054155
2 0.074580 0.204949 0.016807 0.038282
1 0.073004 0.196545 0.016807 0.043884
0 0.312763 0.140990 0.015231 0.059757
6 0.326418 0.297386 0.038340 0.098039
4 0.033613 0.410364 0.067227 0.084967
