3 0.572742 0.683007 0.038340 0.075630
3 0.559349 0.581699 0.029412 0.052288
4 0.545693 0.483660 0.023109 0.050420
3 0.522059 0.395425 0.018908 0.028945
5 0.505252 0.316993 0.012605 0.023343
3 0.621586 0.621382 0.040441 0.053221
3 0.195116 0.536415 0.065651 0.042017
3 0.528099 0.334734 0.013130 0.021475
3 0.336660 0.546685 0.047269 0.042017
3 0.508666 0.295985 0.013130 0.020542
3 0.430672 0.430906 0.022059 0.038282
3 0.475578 0.556489 0.029937 0.061625
3 0.469538 0.474790 0.024160 0.042017
3 0.482668 0.429972 0.018908 0.034547
4 0.576943 0.960784 0.053046 0.076564
3 0.471901 0.363679 0.016282 0.028945
3 0.464811 0.388422 0.016807 0.031746
4 0.457458 0.408030 0.017857 0.041083
4 0.438025 0.367414 0.017857 0.032680
3 0.924895 0.932773 0.090336 0.125117
0 0.634191 0.619981 0.014181 0.044818
3 0.192752 0.565826 0.052521 0.057890
3 0.269170 0.503735 0.054097 0.045752
4 0.326418 0.381886 0.041492 0.033613
3 0.368960 0.450514 0.027836 0.036415
0 0.169380 0.899627 0.009979 0.058824
9 0.369485 0.711018 0.019433 0.042017
0 0.746586 0.638189 0.017332 0.040149
9 0.506040 0.552288 0.016282 0.034547
0 0.380515 0.690476 0.016282 0.053221
0 0.370011 0.654995 0.012080 0.045752
6 0.805672 0.675070 0.047269 0.048553
9 0.564338 0.414099 0.013130 0.047619
3 0.055147 0.814659 0.090336 0.081232
6 0.051208 0.901494 0.035189 0.060691
9 0.432511 0.541083 0.012080 0.043884
0 0.230830 0.474790 0.008929 0.028945
0 0.218750 0.457049 0.030987 0.042017
4 0.595588 0.483193 0.024160 0.055089
0 0.487658 0.133987 0.022584 0.040149
0 0.490809 0.181606 0.045693 0.028945
0 0.491334 0.205415 0.057248 0.024276
0 0.791754 0.648459 0.011029 0.042017
0 0.627363 0.585901 0.015231 0.045752
0 0.717174 0.530812 0.014181 0.040149
5 0.652574 0.514939 0.020483 0.073763
6 0.374212 0.516807 0.040441 0.043884
3 0.945378 0.808123 0.082983 0.070028
3 0.897321 0.726891 0.069853 0.064426
0 0.521271 0.535948 0.012080 0.041083
0 0.528361 0.524276 0.010504 0.049486
0 0.351628 0.275910 0.027836 0.049486
3 0.323267 0.350607 0.016282 0.036415
3 0.513393 0.246965 0.014181 0.027077
9 0.542542 0.315126 0.007353 0.021475
9 0.506040 0.266573 0.007878 0.021475
3 0.291754 0.429972 0.056197 0.032680
0 0.665966 0.542017 0.010504 0.040149
0 0.676208 0.535014 0.013130 0.041083
