3 0.577468 0.657330 0.037290 0.067227
3 0.566176 0.538749 0.028361 0.048553
4 0.531775 0.430906 0.020483 0.042017
3 0.514181 0.342204 0.014706 0.025210
5 0.504727 0.281979 0.010504 0.018674
3 0.647584 0.718487 0.036765 0.073763
3 0.030200 0.596172 0.059349 0.045752
3 0.524422 0.304388 0.013130 0.020542
3 0.174107 0.612045 0.067752 0.049486
3 0.509716 0.272176 0.017332 0.025210
3 0.425683 0.461718 0.025735 0.045752
3 0.468487 0.602708 0.033613 0.068161
3 0.482143 0.509337 0.026261 0.049486
4 0.573267 0.859477 0.044643 0.111111
3 0.466124 0.394024 0.021534 0.035481
3 0.469538 0.446312 0.021008 0.041083
4 0.449317 0.482726 0.022584 0.057890
4 0.430410 0.415500 0.019433 0.041083
0 0.691176 0.719888 0.012605 0.050420
4 0.837710 0.634921 0.065126 0.056022
3 0.141544 0.640523 0.064601 0.063492
3 0.238445 0.556489 0.066176 0.056022
4 0.311712 0.400093 0.045693 0.036415
3 0.355830 0.484594 0.030987 0.042951
9 0.341124 0.864146 0.019433 0.060691
0 0.786502 0.685808 0.017332 0.040149
9 0.510242 0.614846 0.016282 0.034547
0 0.362658 0.807190 0.016282 0.053221
6 0.882878 0.797852 0.054622 0.058824
9 0.555147 0.378618 0.012605 0.040149
9 0.416229 0.703548 0.012080 0.062558
6 0.353729 0.723156 0.048845 0.049486
0 0.212447 0.498133 0.016282 0.028945
0 0.181985 0.499066 0.039391 0.056956
4 0.612132 0.526144 0.023634 0.055089
0 0.486082 0.121849 0.022584 0.040149
0 0.489233 0.169468 0.045693 0.028945
0 0.489758 0.196078 0.057248 0.028011
0 0.861082 0.760504 0.011029 0.042017
0 0.626838 0.677404 0.015231 0.045752
0 0.754464 0.596172 0.017332 0.042017
5 0.679884 0.567227 0.020483 0.073763
6 0.358718 0.577498 0.040966 0.043884
0 0.521796 0.600840 0.015231 0.049486
0 0.535452 0.584967 0.014181 0.056956
0 0.347426 0.277778 0.027836 0.049486
3 0.310662 0.358077 0.016282 0.036415
9 0.539128 0.302054 0.007878 0.021475
9 0.496061 0.247899 0.007878 0.021475
5 0.743435 0.728291 0.066702 0.140056
3 0.271796 0.456116 0.056197 0.040149
9 0.433036 0.351541 0.008929 0.023343
9 0.454044 0.302521 0.007878 0.018674
0 0.700893 0.603175 0.012080 0.041083
0 0.697742 0.585434 0.014181 0.041083
6 0.344275 0.535481 0.020483 0.043884
