3 0.566964 0.563025 0.036239 0.061625
3 0.556460 0.443044 0.026786 0.043884
4 0.519433 0.337068 0.016807 0.041083
3 0.510504 0.245098 0.013655 0.023343
5 0.500263 0.201214 0.009979 0.019608
3 0.699055 0.855742 0.047269 0.111111
3 0.522847 0.227358 0.016282 0.028945
3 0.508666 0.191877 0.017332 0.025210
3 0.413340 0.468721 0.030462 0.056022
3 0.475315 0.671335 0.038866 0.095238
4 0.584296 0.780112 0.041492 0.111111
3 0.455620 0.403361 0.022584 0.042951
3 0.454832 0.534547 0.030462 0.068161
4 0.419643 0.652194 0.036765 0.105509
4 0.421744 0.409897 0.024160 0.054155
4 0.836134 0.715219 0.084034 0.076564
3 0.056197 0.751634 0.101891 0.097106
3 0.180672 0.608310 0.080882 0.070028
4 0.283088 0.388889 0.053571 0.045752
3 0.327206 0.504669 0.034664 0.055089
0 0.863183 0.761438 0.017332 0.040149
9 0.517069 0.697012 0.016282 0.056956
9 0.547794 0.298319 0.013655 0.038282
6 0.307511 0.878151 0.065651 0.081232
9 0.307248 0.811391 0.042017 0.052288
0 0.162553 0.503735 0.016282 0.030812
0 0.117384 0.512138 0.057248 0.068161
0 0.201943 0.673669 0.013130 0.056956
0 0.220326 0.667134 0.014181 0.051354
4 0.642069 0.570962 0.030987 0.073763
0 0.484506 0.061158 0.022584 0.040149
0 0.487132 0.101307 0.045693 0.028945
0 0.487132 0.143324 0.056197 0.060691
0 0.643120 0.798786 0.015231 0.045752
0 0.823792 0.646592 0.017332 0.042017
0 0.770746 0.744631 0.017332 0.047619
5 0.724527 0.612045 0.025735 0.083100
9 0.944590 0.697012 0.030987 0.051354
6 0.325893 0.637255 0.062500 0.053221
0 0.534926 0.660598 0.015231 0.049486
0 0.548582 0.650327 0.014181 0.056956
0 0.933561 0.774510 0.020483 0.068161
0 0.904674 0.674603 0.014181 0.042017
0 0.922006 0.662465 0.014181 0.047619
0 0.332721 0.210551 0.027836 0.047619
3 0.283876 0.333800 0.016282 0.036415
0 0.644433 0.371615 0.006303 0.052288
0 0.653361 0.368814 0.007353 0.039216
0 0.661502 0.370215 0.011029 0.045752
0 0.309874 0.309991 0.010504 0.037348
0 0.323004 0.306256 0.012605 0.031746
9 0.538603 0.228291 0.007878 0.021475
5 0.823004 0.876751 0.120798 0.207283
3 0.238971 0.453782 0.055672 0.054155
9 0.423057 0.307190 0.007878 0.031746
9 0.450368 0.276377 0.007878 0.020542
0 0.758929 0.637255 0.011555 0.051354
0 0.746849 0.640990 0.013655 0.047619
6 0.313550 0.572362 0.023109 0.050420
4 0.359244 0.206816 0.032563 0.034547
