3 0.574842 0.694678 0.039391 0.076564
3 0.558298 0.589636 0.028361 0.053221
4 0.548057 0.491130 0.022584 0.048553
3 0.523634 0.403828 0.018908 0.028945
5 0.505515 0.321195 0.013130 0.024276
3 0.621061 0.618581 0.041492 0.051354
3 0.208771 0.536415 0.065651 0.042017
3 0.529149 0.338936 0.013130 0.022409
3 0.351366 0.543884 0.048319 0.042017
3 0.509191 0.301587 0.013130 0.020542
3 0.430935 0.430439 0.021534 0.039216
3 0.477153 0.540149 0.028887 0.058824
3 0.469538 0.469188 0.023109 0.042017
3 0.482931 0.426237 0.018382 0.034547
3 0.472689 0.361345 0.015756 0.029879
3 0.464548 0.384687 0.016282 0.031746
4 0.457983 0.403828 0.016807 0.040149
4 0.440126 0.362745 0.017857 0.032680
3 0.919905 0.923903 0.089811 0.124183
0 0.632090 0.617647 0.014181 0.042017
3 0.195378 0.563025 0.052521 0.057890
3 0.270746 0.500934 0.054097 0.045752
4 0.327468 0.381886 0.041492 0.033613
3 0.370011 0.448646 0.027836 0.036415
0 0.169905 0.901494 0.009979 0.058824
9 0.370536 0.710084 0.019433 0.042017
0 0.746586 0.638189 0.017332 0.040149
9 0.506040 0.547619 0.016282 0.034547
0 0.382090 0.682073 0.016282 0.053221
0 0.372111 0.648459 0.012080 0.045752
6 0.803309 0.667600 0.046744 0.048553
9 0.565389 0.418768 0.013130 0.047619
3 0.058824 0.803455 0.092437 0.081232
3 0.032563 0.970588 0.065126 0.056956
6 0.060137 0.887488 0.035189 0.060691
9 0.433561 0.535481 0.012080 0.043884
0 0.231092 0.474790 0.010504 0.028945
0 0.220326 0.457049 0.030987 0.042017
4 0.595851 0.480392 0.024685 0.055089
0 0.487658 0.135854 0.022584 0.040149
0 0.490809 0.182540 0.045693 0.028945
0 0.491334 0.206816 0.057248 0.025210
0 0.788603 0.641923 0.011029 0.042017
0 0.629989 0.577498 0.015231 0.045752
0 0.714811 0.526611 0.014706 0.039216
5 0.652574 0.515873 0.020483 0.073763
6 0.374737 0.513072 0.040441 0.043884
3 0.939338 0.798786 0.079307 0.066293
3 0.895746 0.725023 0.069853 0.064426
0 0.521534 0.529879 0.011555 0.040149
0 0.528099 0.519141 0.009979 0.048553
0 0.351628 0.276844 0.027836 0.049486
3 0.324317 0.350607 0.016282 0.036415
3 0.513918 0.248833 0.014181 0.027077
9 0.543330 0.316993 0.007878 0.021475
9 0.507616 0.268441 0.007878 0.021475
3 0.293855 0.427171 0.056197 0.032680
