3 0.579307 0.658263 0.037815 0.069094
3 0.565914 0.530345 0.026786 0.044818
4 0.527574 0.422969 0.019433 0.039216
3 0.513393 0.332866 0.014181 0.023343
5 0.503939 0.279645 0.009979 0.019608
3 0.666492 0.789916 0.039916 0.087768
3 0.523372 0.302988 0.016282 0.028945
3 0.091912 0.656396 0.084034 0.052288
3 0.511817 0.264239 0.014181 0.024276
3 0.422794 0.488796 0.027311 0.047619
3 0.469275 0.726891 0.040441 0.096172
3 0.480830 0.577498 0.030987 0.060691
4 0.576681 0.866480 0.043067 0.112045
3 0.461134 0.421102 0.023109 0.035481
3 0.467174 0.492063 0.025735 0.046685
4 0.441439 0.543417 0.025735 0.067227
4 0.429622 0.440243 0.022059 0.045752
4 0.840599 0.683940 0.075105 0.062558
3 0.109769 0.701214 0.077731 0.072829
3 0.219275 0.597572 0.071954 0.059757
4 0.301471 0.420168 0.049370 0.039216
3 0.346376 0.515406 0.033088 0.044818
0 0.814338 0.738095 0.017332 0.040149
9 0.512342 0.664799 0.016282 0.041083
0 0.346901 0.900560 0.016282 0.053221
9 0.555672 0.373016 0.011555 0.028945
9 0.401523 0.870682 0.012080 0.062558
6 0.340599 0.800654 0.050945 0.053221
9 0.330620 0.742764 0.034139 0.047619
0 0.194590 0.526144 0.016282 0.028945
0 0.161502 0.530812 0.044643 0.062558
0 0.250263 0.628852 0.013130 0.056956
0 0.269958 0.627451 0.013655 0.050420
4 0.626050 0.563959 0.032563 0.056022
0 0.483981 0.119048 0.022584 0.040149
0 0.486607 0.161998 0.045693 0.028945
0 0.489233 0.203081 0.058298 0.047619
0 0.903624 0.827731 0.011029 0.042017
0 0.631040 0.740896 0.015231 0.045752
0 0.776523 0.637255 0.017332 0.042017
5 0.695116 0.600840 0.021534 0.073763
6 0.345851 0.619514 0.040441 0.043884
0 0.525998 0.644725 0.015231 0.049486
0 0.541229 0.627918 0.014181 0.056956
0 0.867910 0.738095 0.020483 0.068161
0 0.344538 0.272176 0.027311 0.049486
3 0.303309 0.372082 0.016282 0.036415
9 0.537553 0.302988 0.007878 0.021475
9 0.492910 0.246965 0.007878 0.021475
5 0.775210 0.801587 0.076681 0.154062
3 0.260767 0.484127 0.056197 0.040149
9 0.430672 0.364146 0.007353 0.031746
9 0.452994 0.321195 0.007878 0.018674
0 0.724265 0.642390 0.011555 0.048553
0 0.714023 0.630252 0.014181 0.041083
6 0.333771 0.573763 0.020483 0.043884
