3 0.647584 0.751634 0.072479 0.197946
3 0.566439 0.391690 0.042542 0.099907
4 0.552521 0.137722 0.026261 0.068161
3 0.766282 0.873483 0.094538 0.187675
0 0.819328 0.916433 0.022059 0.084967
3 0.368435 0.337535 0.044643 0.118581
3 0.482668 0.687675 0.049370 0.202614
3 0.420431 0.374883 0.040441 0.120448
5 0.889443 0.426237 0.140231 0.286648
3 0.172794 0.435107 0.058824 0.130719
3 0.222426 0.296919 0.054097 0.100840
3 0.484506 0.181139 0.025735 0.082166
5 0.275735 0.133053 0.050420 0.139122
3 0.539128 0.033613 0.022584 0.046685
1 0.093225 0.814192 0.025735 0.082166
2 0.094013 0.835668 0.033613 0.102708
4 0.790441 0.274977 0.035714 0.088702
0 0.603466 0.225023 0.007353 0.052288
3 0.712973 0.081699 0.030987 0.051354
3 0.075893 0.296452 0.066702 0.090570
3 0.162290 0.231092 0.095588 0.068161
4 0.162553 0.145658 0.049895 0.087768
3 0.155200 0.103641 0.036239 0.056022
3 0.194590 0.099907 0.036239 0.050420
3 0.131828 0.081699 0.039916 0.043884
3 0.198004 0.058357 0.028361 0.051354
4 0.946429 0.281046 0.045168 0.104575
0 0.041229 0.143324 0.071954 0.120448
6 0.960872 0.204482 0.055147 0.076564
3 0.874212 0.196545 0.038340 0.083100
