3 0.694065 0.901494 0.091912 0.193277
3 0.466124 0.710551 0.066702 0.222222
3 0.565914 0.464986 0.053046 0.128852
4 0.464023 0.293184 0.035189 0.123249
4 0.551208 0.090570 0.032038 0.072829
3 0.051996 0.618581 0.103992 0.198880
3 0.112920 0.459851 0.084034 0.150327
3 0.469275 0.026144 0.027836 0.052288
3 0.607405 0.082633 0.039391 0.055089
6 0.423845 0.042017 0.016807 0.052288
1 0.424370 0.036881 0.010504 0.040149
0 0.367384 0.194211 0.012080 0.056022
0 0.362395 0.188142 0.008403 0.056956
1 0.425945 0.027544 0.010504 0.034547
4 0.213498 0.171335 0.039391 0.073763
3 0.234506 0.118114 0.042542 0.077498
3 0.743960 0.052754 0.038340 0.053221
0 0.949580 0.526611 0.022059 0.067227
0 0.926471 0.505135 0.028361 0.074697
3 0.106355 0.102241 0.065651 0.064426
0 0.029674 0.205882 0.014181 0.062558
2 0.035452 0.228758 0.033088 0.042951
2 0.068540 0.212885 0.017332 0.056022
1 0.067489 0.208217 0.025735 0.054155
2 0.086134 0.188142 0.016807 0.038282
1 0.085872 0.180205 0.014181 0.044818
0 0.045431 0.336601 0.019433 0.070028
0 0.320116 0.125117 0.015231 0.059757
6 0.331933 0.279178 0.037815 0.097106
4 0.040441 0.383287 0.080882 0.084967
