3 0.580095 0.722689 0.041492 0.080299
3 0.557511 0.612045 0.029937 0.060691
4 0.551733 0.509804 0.022584 0.052288
3 0.528361 0.425303 0.021008 0.030812
5 0.506828 0.333800 0.014706 0.025210
3 0.620798 0.614379 0.040966 0.050420
3 0.234506 0.539216 0.064601 0.043884
3 0.531775 0.349206 0.014181 0.022409
3 0.379202 0.542017 0.052521 0.043884
3 0.509716 0.310924 0.013130 0.020542
3 0.431723 0.430906 0.023109 0.038282
3 0.480567 0.516807 0.027311 0.055089
3 0.469538 0.460317 0.023109 0.041083
3 0.483193 0.420635 0.017857 0.032680
3 0.473477 0.359477 0.015231 0.028011
3 0.465074 0.380486 0.014181 0.030812
4 0.458508 0.398226 0.015756 0.040149
4 0.445116 0.354342 0.016282 0.030812
3 0.915441 0.914099 0.088235 0.119514
0 0.629989 0.615313 0.014181 0.039216
3 0.199055 0.560224 0.052521 0.056022
3 0.272321 0.498599 0.054097 0.046685
4 0.329569 0.383287 0.040441 0.034547
3 0.371586 0.449580 0.026786 0.036415
0 0.172006 0.905229 0.009979 0.058824
9 0.372637 0.708217 0.019433 0.042017
0 0.746586 0.638189 0.017332 0.040149
9 0.505515 0.540149 0.016282 0.034547
0 0.385767 0.675537 0.016282 0.053221
0 0.376313 0.640056 0.012080 0.045752
6 0.803309 0.665266 0.045693 0.049486
9 0.567489 0.429972 0.013130 0.047619
3 0.065914 0.783847 0.096113 0.081232
3 0.036502 0.966853 0.073004 0.060691
6 0.062763 0.880019 0.035189 0.060691
0 0.018908 0.874416 0.037815 0.064426
9 0.435137 0.523343 0.012080 0.043884
0 0.232143 0.475724 0.013655 0.028945
0 0.222952 0.456116 0.030987 0.042017
4 0.595326 0.482260 0.023634 0.055089
0 0.487658 0.138655 0.022584 0.040149
0 0.491334 0.185341 0.045693 0.028945
0 0.491334 0.209617 0.057248 0.025210
0 0.787553 0.639122 0.011029 0.042017
0 0.639968 0.584034 0.015231 0.045752
0 0.710872 0.533613 0.017332 0.042017
5 0.652574 0.517740 0.020483 0.073763
6 0.376313 0.511204 0.040441 0.043884
3 0.939338 0.798786 0.079307 0.066293
3 0.892595 0.721289 0.069853 0.064426
0 0.521796 0.535014 0.013130 0.044818
0 0.528624 0.521008 0.012080 0.052288
0 0.352153 0.280579 0.027836 0.049486
3 0.326418 0.350607 0.016282 0.036415
3 0.515494 0.254435 0.014181 0.027077
9 0.544905 0.326797 0.007878 0.024276
9 0.510767 0.276844 0.007878 0.021475
3 0.294380 0.429038 0.056197 0.032680
