3 0.620011 0.901027 0.055147 0.119514
3 0.573529 0.732493 0.038866 0.077498
4 0.563025 0.580766 0.024160 0.059757
3 0.553571 0.513539 0.024160 0.039216
5 0.519695 0.397759 0.017332 0.031746
3 0.629727 0.616246 0.039916 0.050420
3 0.175158 0.538749 0.050945 0.042951
3 0.341912 0.548086 0.047269 0.042951
3 0.544118 0.397759 0.015756 0.024276
3 0.459559 0.525677 0.033613 0.046685
3 0.517332 0.356209 0.014706 0.023343
3 0.438813 0.439309 0.021534 0.036415
3 0.496324 0.477591 0.023109 0.045752
3 0.474265 0.445378 0.021008 0.035481
3 0.489496 0.414566 0.017857 0.031746
3 0.480830 0.355742 0.015231 0.026144
3 0.470588 0.374416 0.012605 0.028011
4 0.466387 0.390289 0.014706 0.039216
4 0.463761 0.336134 0.012605 0.026144
3 0.919118 0.900560 0.087185 0.112979
0 0.640231 0.616713 0.014706 0.040149
3 0.215336 0.567227 0.052521 0.053221
3 0.287027 0.508403 0.055147 0.047619
4 0.340599 0.389823 0.036239 0.030812
3 0.382353 0.457983 0.026261 0.036415
0 0.183561 0.938842 0.009979 0.058824
9 0.389968 0.701681 0.019433 0.042017
0 0.764968 0.662465 0.017332 0.040149
9 0.514443 0.548553 0.016282 0.034547
0 0.403099 0.673669 0.016282 0.053221
0 0.398372 0.618581 0.012080 0.045752
6 0.805935 0.659664 0.038340 0.034547
9 0.421481 0.914566 0.013130 0.056956
9 0.577468 0.487862 0.013130 0.047619
3 0.094275 0.785714 0.096113 0.081232
3 0.052784 0.946312 0.101366 0.066293
6 0.095326 0.864146 0.025735 0.055089
0 0.030200 0.868814 0.053046 0.064426
9 0.444590 0.508403 0.012080 0.043884
0 0.235557 0.490663 0.016282 0.028945
0 0.235032 0.465453 0.030987 0.042017
4 0.601628 0.492530 0.023634 0.055089
0 0.488708 0.150794 0.022584 0.040149
0 0.492910 0.195612 0.045693 0.028945
0 0.492384 0.219421 0.057248 0.024276
0 0.790704 0.642857 0.011029 0.042017
0 0.715599 0.532680 0.017332 0.042017
5 0.656775 0.520542 0.020483 0.073763
3 0.937237 0.788515 0.075105 0.060691
3 0.896271 0.718487 0.069853 0.064426
0 0.528624 0.537348 0.015231 0.049486
0 0.537815 0.522876 0.013655 0.056022
0 0.362658 0.286181 0.027836 0.049486
3 0.334296 0.362745 0.016282 0.036415
3 0.521271 0.284314 0.014181 0.027077
3 0.502363 0.253501 0.011029 0.017740
9 0.553834 0.358077 0.007878 0.028945
9 0.524422 0.303922 0.007878 0.021475
3 0.303309 0.435574 0.056197 0.032680
