3 0.630515 0.640990 0.068803 0.178338
3 0.543330 0.294585 0.043592 0.096172
4 0.539653 0.024743 0.026786 0.049486
3 0.027311 0.737628 0.054622 0.205415
3 0.462973 0.337535 0.040441 0.139122
3 0.628414 0.192344 0.050945 0.069094
3 0.406513 0.096172 0.032563 0.067227
3 0.463235 0.020542 0.028361 0.041083
0 0.646008 0.180672 0.013655 0.043884
6 0.392069 0.338469 0.028887 0.090570
1 0.389968 0.338002 0.017332 0.041083
0 0.345588 0.345005 0.010504 0.064426
0 0.340861 0.329132 0.008403 0.056956
1 0.394695 0.323529 0.013130 0.045752
4 0.156250 0.320261 0.055147 0.106443
3 0.186712 0.236228 0.055147 0.100840
3 0.785189 0.152661 0.046218 0.066293
5 0.736082 0.041550 0.060399 0.083100
3 0.267595 0.023343 0.032038 0.046685
3 0.043592 0.208217 0.078782 0.070962
0 0.288603 0.248833 0.015231 0.060691
6 0.294905 0.456116 0.038340 0.098039
