3 0.560662 0.461718 0.035189 0.056956
3 0.554884 0.349206 0.024685 0.042951
4 0.519433 0.248366 0.016807 0.039216
3 0.510504 0.166200 0.012605 0.022409
3 0.720588 0.861811 0.052521 0.130719
3 0.523634 0.149860 0.015756 0.027077
3 0.412027 0.419701 0.030987 0.060691
3 0.476891 0.724556 0.047269 0.128852
4 0.591124 0.683007 0.038340 0.103641
3 0.456670 0.361345 0.023634 0.048553
3 0.451418 0.540149 0.036239 0.083100
4 0.409139 0.721289 0.044118 0.133520
4 0.420431 0.354809 0.024685 0.057890
4 0.829044 0.689076 0.092962 0.089636
3 0.051471 0.750233 0.102941 0.111111
3 0.163603 0.578431 0.087710 0.075630
4 0.275473 0.326797 0.056197 0.044818
3 0.319590 0.464052 0.035189 0.057890
0 0.887342 0.733427 0.017332 0.040149
9 0.522321 0.689542 0.016282 0.056956
9 0.549895 0.215686 0.013655 0.033613
6 0.297532 0.895892 0.065651 0.081232
9 0.295956 0.809991 0.044643 0.060691
0 0.146796 0.456116 0.016282 0.034547
0 0.097952 0.478525 0.068803 0.079365
0 0.175683 0.671802 0.013130 0.056956
0 0.198792 0.665266 0.014181 0.053221
4 0.653361 0.532213 0.044118 0.078431
0 0.484506 0.028945 0.022584 0.039216
0 0.486082 0.064893 0.045693 0.028945
0 0.486607 0.096639 0.057248 0.032680
0 0.659401 0.788515 0.015231 0.045752
0 0.856092 0.630252 0.016807 0.052288
0 0.798057 0.736228 0.017332 0.047619
5 0.741597 0.596172 0.034664 0.103641
9 0.945641 0.701681 0.030987 0.051354
6 0.317489 0.592437 0.062500 0.053221
0 0.539653 0.636321 0.015231 0.051354
0 0.554359 0.616246 0.014181 0.057890
0 0.968225 0.767040 0.020483 0.068161
0 0.935662 0.648459 0.014181 0.042017
0 0.959296 0.641923 0.014181 0.047619
0 0.336922 0.152661 0.027836 0.049486
3 0.275473 0.274043 0.016282 0.036415
0 0.729779 0.270308 0.007878 0.038282
0 0.653099 0.297386 0.006828 0.053221
0 0.660977 0.290850 0.007878 0.040149
0 0.668855 0.297386 0.011029 0.045752
0 0.300158 0.254435 0.011029 0.038282
0 0.310137 0.250700 0.013130 0.032680
5 0.851103 0.892624 0.127626 0.211018
3 0.226891 0.413632 0.055672 0.054155
9 0.420956 0.267974 0.007878 0.031746
9 0.450368 0.245565 0.007878 0.024276
0 0.774160 0.617647 0.011555 0.051354
0 0.765756 0.623249 0.013655 0.047619
6 0.304097 0.546685 0.027311 0.053221
4 0.356618 0.147993 0.032563 0.036415
