3 0.629202 0.593371 0.069328 0.169001
3 0.556723 0.253501 0.039916 0.088702
4 0.545168 0.020075 0.024160 0.040149
3 0.677784 0.425303 0.063550 0.112979
3 0.361082 0.446312 0.053046 0.136321
3 0.461397 0.361345 0.042542 0.132586
0 0.717437 0.436975 0.018908 0.065359
0 0.297006 0.737628 0.016282 0.082166
0 0.290441 0.713819 0.011555 0.064426
3 0.381040 0.088702 0.037290 0.085901
3 0.477941 0.168534 0.033613 0.088702
3 0.435137 0.026611 0.028887 0.053221
4 0.036502 0.698880 0.070903 0.176471
3 0.086397 0.523810 0.084559 0.164332
3 0.886292 0.364613 0.069853 0.105509
5 0.804884 0.141457 0.098214 0.204482
3 0.223739 0.151727 0.043067 0.084967
3 0.256828 0.058357 0.042017 0.068161
1 0.221901 0.277311 0.016282 0.046685
2 0.222689 0.294118 0.018908 0.048553
4 0.737920 0.044818 0.036765 0.070962
3 0.066439 0.304855 0.102416 0.071895
3 0.130515 0.061158 0.055147 0.075630
4 0.873162 0.049486 0.036239 0.074697
0 0.221901 0.541083 0.015231 0.077498
