3 0.576943 0.703548 0.040441 0.077498
3 0.557773 0.596172 0.028361 0.055089
4 0.549632 0.496732 0.022584 0.050420
3 0.524947 0.410831 0.019433 0.029879
5 0.505777 0.325397 0.013655 0.025210
3 0.621061 0.614379 0.041492 0.050420
3 0.218487 0.537348 0.065126 0.042017
3 0.529937 0.342670 0.013655 0.022409
3 0.361870 0.543417 0.050420 0.042951
3 0.509454 0.305322 0.013655 0.020542
3 0.431197 0.430906 0.022059 0.038282
3 0.478466 0.528945 0.028361 0.056956
3 0.469538 0.465453 0.023109 0.042017
3 0.482931 0.424370 0.018382 0.034547
3 0.473214 0.359944 0.015756 0.028945
3 0.464548 0.382353 0.015231 0.030812
4 0.458508 0.401027 0.016807 0.040149
4 0.441964 0.359477 0.017332 0.031746
3 0.917542 0.918768 0.089286 0.123249
0 0.630515 0.615313 0.014181 0.041083
3 0.196954 0.561625 0.052521 0.056956
3 0.271271 0.500000 0.054097 0.045752
4 0.328519 0.381886 0.041492 0.033613
3 0.370798 0.448646 0.027311 0.036415
0 0.170956 0.903361 0.009979 0.058824
9 0.371061 0.709150 0.019433 0.042017
0 0.746586 0.638189 0.017332 0.040149
9 0.505515 0.543884 0.016282 0.034547
0 0.383141 0.676471 0.016282 0.053221
0 0.373687 0.645658 0.012080 0.045752
6 0.803046 0.666200 0.047269 0.051354
9 0.566439 0.423436 0.013130 0.047619
3 0.061187 0.795051 0.094013 0.081232
3 0.033876 0.969188 0.067752 0.057890
6 0.061187 0.884687 0.035189 0.060691
0 0.017595 0.874416 0.035189 0.064426
9 0.434086 0.530812 0.012080 0.043884
0 0.231618 0.475724 0.011555 0.028945
0 0.221376 0.456116 0.030987 0.042017
4 0.595851 0.478525 0.024685 0.055089
0 0.487658 0.136788 0.022584 0.040149
0 0.491334 0.183473 0.045693 0.028945
0 0.491334 0.207750 0.057248 0.025210
0 0.787027 0.638189 0.011029 0.042017
0 0.633666 0.580299 0.015231 0.045752
0 0.712447 0.531279 0.016282 0.041083
5 0.652574 0.516807 0.020483 0.073763
6 0.375263 0.510271 0.040441 0.043884
3 0.939338 0.798786 0.079307 0.066293
3 0.894695 0.723156 0.069853 0.064426
0 0.521534 0.531746 0.012605 0.042017
0 0.528099 0.519608 0.011029 0.049486
0 0.352153 0.278711 0.027836 0.049486
3 0.324842 0.350607 0.016282 0.036415
3 0.514443 0.250700 0.014181 0.027077
9 0.544118 0.318861 0.007353 0.021475
9 0.509191 0.270308 0.007878 0.021475
3 0.293855 0.428105 0.056197 0.032680
