3 0.579307 0.658730 0.037815 0.068161
3 0.566176 0.533613 0.027311 0.047619
4 0.528624 0.425770 0.019433 0.041083
3 0.513393 0.336134 0.014181 0.024276
5 0.504464 0.280112 0.009979 0.018674
3 0.659664 0.764239 0.038866 0.083100
3 0.523897 0.303922 0.016282 0.028945
3 0.123950 0.639589 0.071429 0.048553
3 0.509191 0.264706 0.017332 0.025210
3 0.423582 0.478525 0.025735 0.045752
3 0.468750 0.678338 0.037290 0.084967
3 0.481880 0.553221 0.028887 0.056956
4 0.575105 0.864146 0.044118 0.111111
3 0.462710 0.411298 0.023109 0.034547
3 0.467962 0.475257 0.024160 0.044818
4 0.444590 0.519608 0.024685 0.062558
4 0.430147 0.432306 0.021008 0.044818
4 0.840074 0.668067 0.071954 0.062558
3 0.121849 0.680672 0.072479 0.069094
3 0.226103 0.582633 0.069853 0.057890
4 0.305935 0.413165 0.048845 0.038282
3 0.350315 0.504669 0.031513 0.043884
0 0.805410 0.720355 0.017332 0.040149
9 0.511817 0.645191 0.016282 0.035481
0 0.352153 0.868814 0.016282 0.053221
6 0.910977 0.852941 0.058298 0.064426
9 0.555410 0.374883 0.012080 0.032680
9 0.406775 0.802521 0.012080 0.062558
6 0.344800 0.772642 0.048845 0.049486
9 0.336134 0.720355 0.033613 0.047619
0 0.200368 0.516807 0.016282 0.028945
0 0.170168 0.516807 0.040966 0.058824
4 0.621586 0.551354 0.029937 0.055089
0 0.484506 0.119981 0.022584 0.040149
0 0.487132 0.164799 0.045693 0.028945
0 0.489496 0.200747 0.057773 0.041083
0 0.889968 0.801587 0.011029 0.042017
0 0.629989 0.717554 0.015231 0.045752
0 0.768645 0.623249 0.017332 0.042017
5 0.689863 0.590570 0.020483 0.073763
6 0.350578 0.605509 0.040441 0.043884
0 0.524422 0.629785 0.015231 0.049486
0 0.539128 0.613912 0.014181 0.056956
0 0.853204 0.723156 0.020483 0.068161
0 0.346376 0.277778 0.027836 0.049486
3 0.305935 0.367414 0.016282 0.036415
9 0.538078 0.302054 0.007878 0.021475
9 0.493960 0.246965 0.007878 0.021475
5 0.766544 0.774977 0.066702 0.140056
3 0.264443 0.474790 0.056197 0.040149
9 0.431985 0.359477 0.007878 0.029879
9 0.453519 0.314659 0.007878 0.018674
0 0.716912 0.630719 0.011555 0.047619
0 0.707721 0.615313 0.014181 0.041083
6 0.339023 0.560691 0.020483 0.043884
