3 0.573529 0.736228 0.044118 0.109244
4 0.553834 0.485994 0.024685 0.071895
3 0.353466 0.790383 0.054622 0.155929
3 0.183036 0.734360 0.067752 0.126050
3 0.489758 0.671802 0.030987 0.120448
5 0.258666 0.526144 0.058298 0.157796
3 0.537553 0.390756 0.020483 0.051354
5 0.479254 0.379085 0.027836 0.070962
5 0.534139 0.335668 0.016807 0.045752
3 0.576943 0.350607 0.019433 0.045752
3 0.462710 0.284781 0.015756 0.044818
3 0.545168 0.306723 0.013655 0.034547
3 0.480305 0.267507 0.014181 0.038282
3 0.528099 0.280112 0.015231 0.035481
3 0.451681 0.249300 0.016807 0.035481
3 0.493697 0.247432 0.014706 0.031746
3 0.470588 0.232026 0.014706 0.036415
3 0.490284 0.213819 0.012080 0.029879
4 0.843487 0.695612 0.038866 0.102708
0 0.620798 0.632120 0.006303 0.056022
3 0.729254 0.461718 0.036239 0.058824
3 0.127889 0.656396 0.095063 0.067227
4 0.131565 0.548086 0.064601 0.113912
3 0.131828 0.494865 0.040966 0.065359
3 0.174632 0.489729 0.039391 0.058824
3 0.106092 0.476657 0.036765 0.047619
3 0.183561 0.443978 0.025735 0.062558
4 0.309611 0.310458 0.040441 0.036415
3 0.342700 0.285247 0.033088 0.030812
0 0.024422 0.515873 0.048845 0.120448
0 0.097426 0.420635 0.086660 0.071895
0 0.308036 0.516340 0.012080 0.057890
