3 0.636292 0.609244 0.067752 0.170868
3 0.562763 0.262372 0.041492 0.091503
4 0.548582 0.022876 0.026786 0.045752
3 0.713761 0.548553 0.077731 0.140990
3 0.344800 0.641923 0.061450 0.185808
3 0.462447 0.580766 0.054097 0.186741
0 0.758929 0.574697 0.019958 0.077498
0 0.268382 0.940243 0.012605 0.067227
3 0.376838 0.140523 0.041492 0.094304
3 0.480567 0.301120 0.037815 0.118581
3 0.430672 0.106909 0.034664 0.083100
3 0.044905 0.683007 0.089811 0.211951
3 0.938288 0.469188 0.083508 0.120448
5 0.837973 0.204949 0.109769 0.236228
3 0.204569 0.215219 0.045693 0.101774
3 0.242384 0.105042 0.045693 0.075630
1 0.182511 0.417834 0.019433 0.053221
2 0.183824 0.436508 0.023109 0.064426
4 0.759979 0.088235 0.042017 0.079365
0 0.591387 0.047152 0.007353 0.045752
3 0.041229 0.404762 0.082458 0.086835
3 0.107931 0.108310 0.060399 0.074697
4 0.905462 0.095238 0.037815 0.082166
0 0.193540 0.704482 0.017332 0.083100
6 0.930410 0.035948 0.055147 0.064426
3 0.847426 0.030345 0.038340 0.056956
