3 0.579044 0.658730 0.037290 0.068161
3 0.566176 0.535948 0.028361 0.048553
4 0.529412 0.427171 0.019958 0.042017
3 0.513918 0.338002 0.014181 0.024276
5 0.504989 0.281046 0.009979 0.018674
3 0.654937 0.746032 0.037815 0.080299
3 0.523897 0.303922 0.015231 0.025210
3 0.146534 0.628385 0.061975 0.046685
3 0.510767 0.264706 0.017332 0.025210
3 0.424632 0.471989 0.025735 0.045752
3 0.468750 0.647526 0.035189 0.077498
3 0.482143 0.535948 0.027311 0.054155
4 0.574317 0.862278 0.044643 0.111111
3 0.464023 0.404762 0.022584 0.034547
3 0.468487 0.464519 0.023109 0.043884
4 0.446429 0.506069 0.024160 0.061625
4 0.430410 0.426237 0.020483 0.043884
0 0.706408 0.747432 0.012605 0.051354
4 0.839286 0.654995 0.069328 0.062558
3 0.131040 0.665733 0.068803 0.067227
3 0.231355 0.571429 0.067752 0.056022
4 0.308298 0.408497 0.047269 0.038282
3 0.352679 0.496732 0.030987 0.042951
0 0.798057 0.707283 0.017332 0.040149
9 0.511292 0.633520 0.016282 0.034547
0 0.355830 0.845472 0.016282 0.053221
6 0.901523 0.835201 0.058298 0.064426
9 0.555410 0.376284 0.012080 0.035481
9 0.409926 0.760504 0.012080 0.062558
6 0.347426 0.752101 0.048845 0.049486
9 0.340861 0.704015 0.033613 0.046685
0 0.204569 0.509337 0.016282 0.028945
0 0.175683 0.508403 0.039391 0.056956
4 0.617647 0.542017 0.027311 0.055089
0 0.485032 0.120915 0.022584 0.040149
0 0.488183 0.166667 0.045693 0.028945
0 0.489496 0.199346 0.057773 0.036415
0 0.879989 0.781979 0.011029 0.042017
0 0.629464 0.700747 0.015231 0.045752
0 0.763393 0.612979 0.017332 0.042017
5 0.686187 0.582166 0.020483 0.073763
6 0.354254 0.594304 0.040441 0.043884
0 0.523372 0.618581 0.015231 0.049486
0 0.537553 0.602708 0.014181 0.056956
0 0.346901 0.277778 0.027836 0.049486
3 0.307511 0.364613 0.016282 0.036415
9 0.538603 0.302054 0.007878 0.021475
9 0.494485 0.246965 0.007878 0.021475
5 0.757616 0.757236 0.066702 0.140056
3 0.267595 0.467320 0.056197 0.040149
9 0.432248 0.356676 0.008403 0.028011
9 0.453519 0.309991 0.007878 0.018674
0 0.711134 0.620915 0.011555 0.044818
0 0.704044 0.604108 0.014181 0.041083
6 0.341124 0.551354 0.020483 0.043884
