3 0.627101 0.591036 0.069328 0.168067
3 0.554097 0.253501 0.038866 0.088702
4 0.543592 0.019141 0.025210 0.038282
3 0.669118 0.369748 0.063025 0.102708
3 0.370536 0.364613 0.049895 0.120448
3 0.462447 0.273109 0.039391 0.111111
0 0.699317 0.380019 0.018382 0.063492
0 0.307773 0.641457 0.014706 0.080299
0 0.301208 0.618581 0.011029 0.062558
3 0.383141 0.060691 0.038340 0.078431
3 0.477941 0.112512 0.031513 0.075630
4 0.054359 0.601774 0.086660 0.159664
3 0.112395 0.449113 0.074580 0.138189
3 0.861607 0.313725 0.063550 0.091503
5 0.787027 0.110644 0.089811 0.195145
3 0.233456 0.119048 0.040441 0.079365
3 0.264443 0.035014 0.039391 0.062558
1 0.240809 0.217554 0.016282 0.046685
2 0.241334 0.232960 0.016282 0.043884
3 0.082195 0.258170 0.102416 0.071895
3 0.143382 0.034080 0.052521 0.062558
3 0.858456 0.032213 0.033088 0.064426
0 0.238183 0.463119 0.015231 0.072829
6 0.220851 0.859477 0.078256 0.180205
