3 0.560924 0.471989 0.034664 0.060691
3 0.555410 0.359477 0.024685 0.042951
4 0.519170 0.257703 0.015231 0.037348
3 0.510504 0.174603 0.012605 0.022409
3 0.717700 0.860411 0.050945 0.127918
3 0.523634 0.153595 0.015756 0.025210
3 0.412553 0.426237 0.030987 0.060691
3 0.477153 0.718021 0.045693 0.123249
4 0.591649 0.691877 0.039391 0.104575
3 0.456670 0.364146 0.023634 0.048553
3 0.451155 0.536881 0.034664 0.076564
4 0.408613 0.711018 0.044118 0.129785
4 0.420956 0.361345 0.025735 0.057890
4 0.829307 0.690943 0.091387 0.087768
3 0.051471 0.747432 0.102941 0.111111
3 0.165966 0.577031 0.087185 0.074697
4 0.275998 0.334267 0.055147 0.044818
3 0.320116 0.465453 0.035189 0.056956
0 0.885242 0.735294 0.017332 0.040149
9 0.521796 0.690476 0.016282 0.056956
9 0.549895 0.225023 0.013655 0.033613
6 0.299107 0.891223 0.065651 0.081232
9 0.296481 0.805322 0.044643 0.056956
0 0.147847 0.458450 0.016282 0.037348
0 0.100053 0.483193 0.068803 0.079365
0 0.178834 0.671802 0.013130 0.056956
0 0.201418 0.666200 0.014181 0.055089
4 0.652836 0.531746 0.044118 0.075630
0 0.484506 0.033147 0.022584 0.040149
0 0.485557 0.070495 0.045693 0.028945
0 0.487132 0.098506 0.057248 0.025210
0 0.657300 0.790383 0.015231 0.045752
0 0.853204 0.625117 0.017332 0.042017
0 0.794380 0.735294 0.017332 0.047619
5 0.740021 0.598506 0.033613 0.100840
9 0.945641 0.701681 0.030987 0.051354
6 0.318015 0.596172 0.062500 0.053221
0 0.539653 0.633520 0.015231 0.049486
0 0.553834 0.614846 0.014181 0.056956
0 0.963498 0.762372 0.020483 0.068161
0 0.933036 0.646592 0.014181 0.042017
0 0.956145 0.641923 0.014181 0.047619
0 0.336922 0.159197 0.027836 0.049486
3 0.275998 0.281513 0.016282 0.036415
0 0.728729 0.274043 0.007878 0.038282
0 0.652574 0.303922 0.006828 0.053221
0 0.659926 0.301120 0.007878 0.040149
0 0.667805 0.305789 0.011029 0.045752
0 0.301208 0.258170 0.011029 0.038282
0 0.310662 0.253501 0.013130 0.032680
5 0.848477 0.892624 0.127626 0.211018
3 0.227941 0.419234 0.055672 0.054155
9 0.420956 0.273576 0.007878 0.031746
9 0.450368 0.249300 0.007878 0.024276
0 0.772584 0.621382 0.011555 0.051354
0 0.763655 0.626984 0.013655 0.047619
6 0.305147 0.549486 0.026261 0.053221
4 0.357143 0.150794 0.032563 0.036415
