3 0.648897 0.781046 0.073004 0.200747
3 0.566964 0.417834 0.043592 0.101774
4 0.553571 0.168534 0.025210 0.070028
3 0.773109 0.912698 0.094538 0.172736
3 0.366859 0.372549 0.044643 0.121382
3 0.483456 0.753035 0.050945 0.219421
3 0.418855 0.417834 0.041492 0.126050
5 0.896796 0.460784 0.146534 0.290383
3 0.168592 0.471055 0.059874 0.133520
3 0.220063 0.330065 0.055672 0.103641
3 0.485294 0.219888 0.026261 0.086835
5 0.274422 0.162465 0.050945 0.140056
3 0.539391 0.065359 0.022059 0.050420
5 0.475840 0.023343 0.029412 0.046685
5 0.534664 0.011204 0.019958 0.022409
3 0.575893 0.012138 0.019433 0.024276
2 0.079832 0.901961 0.035714 0.106443
4 0.794380 0.307656 0.035189 0.090570
0 0.605042 0.255836 0.007353 0.052288
3 0.714548 0.110177 0.032038 0.052288
3 0.070116 0.332866 0.068803 0.092437
3 0.161502 0.271709 0.095063 0.069094
4 0.161502 0.178805 0.049895 0.088702
3 0.153887 0.133987 0.036765 0.056956
3 0.193803 0.131186 0.036765 0.051354
3 0.131565 0.114846 0.040441 0.042951
3 0.198267 0.085434 0.028887 0.051354
4 0.951155 0.316527 0.046218 0.106443
0 0.039653 0.175070 0.071954 0.120448
0 0.121586 0.054622 0.086660 0.071895
6 0.964023 0.232026 0.055147 0.079365
3 0.877889 0.224556 0.038340 0.083100
