3 0.592700 0.871615 0.047794 0.105509
4 0.565651 0.626517 0.029412 0.069094
5 0.127889 0.911765 0.110819 0.172736
3 0.549632 0.540616 0.025735 0.046685
5 0.486870 0.813259 0.060924 0.169935
5 0.548319 0.469188 0.022059 0.038282
3 0.610032 0.554155 0.030987 0.043884
3 0.330620 0.494865 0.050945 0.039216
3 0.439601 0.481793 0.038866 0.042951
3 0.553046 0.436508 0.016807 0.027077
3 0.477941 0.450980 0.018908 0.035481
3 0.526523 0.398226 0.017332 0.027077
3 0.446166 0.410831 0.019433 0.031746
3 0.497111 0.418301 0.019433 0.035481
3 0.473477 0.400560 0.017332 0.031746
3 0.491071 0.378151 0.015756 0.026144
3 0.487395 0.319328 0.012605 0.022409
3 0.472952 0.332866 0.013130 0.021475
4 0.472164 0.345938 0.012605 0.028945
3 0.841124 0.755836 0.064601 0.079365
0 0.626050 0.553688 0.006303 0.039216
3 0.029937 0.855742 0.059874 0.101774
3 0.048845 0.758170 0.050420 0.104575
3 0.256040 0.508403 0.053046 0.049486
3 0.310662 0.462652 0.047794 0.038282
4 0.356355 0.368814 0.029937 0.031746
3 0.394433 0.423436 0.025210 0.034547
0 0.237132 0.837068 0.009979 0.058824
9 0.403624 0.614846 0.019433 0.042017
0 0.746586 0.633520 0.017332 0.040149
9 0.510242 0.492530 0.016282 0.034547
0 0.417805 0.590570 0.016282 0.036415
0 0.414128 0.550420 0.012080 0.045752
6 0.764443 0.586835 0.038340 0.034547
9 0.465599 0.564426 0.011029 0.042017
9 0.578519 0.516807 0.013130 0.047619
3 0.162553 0.661531 0.074055 0.060691
3 0.133403 0.776844 0.107143 0.065359
0 0.243960 0.462652 0.016282 0.028945
0 0.262868 0.427171 0.030987 0.042017
4 0.591124 0.456116 0.023634 0.055089
0 0.490284 0.165733 0.022584 0.040149
0 0.494485 0.209617 0.045693 0.028945
0 0.493960 0.232960 0.057248 0.023343
0 0.737658 0.572829 0.011029 0.042017
0 0.689601 0.491130 0.016807 0.041083
5 0.638918 0.475724 0.018382 0.058824
3 0.869485 0.687675 0.067752 0.049486
3 0.841124 0.630719 0.069853 0.064426
0 0.382090 0.272176 0.027836 0.049486
3 0.526523 0.304855 0.014181 0.027077
3 0.506565 0.272176 0.011029 0.017740
3 0.322216 0.404295 0.051996 0.031746
