3 0.691176 0.894024 0.092437 0.208217
3 0.464548 0.734360 0.067752 0.230626
3 0.563813 0.455649 0.051996 0.126984
4 0.463498 0.307190 0.036239 0.125117
4 0.549895 0.086835 0.031513 0.072829
3 0.049895 0.626517 0.099790 0.199813
3 0.109769 0.465453 0.085084 0.150327
3 0.468487 0.029412 0.027311 0.058824
3 0.606880 0.085434 0.040441 0.056956
6 0.422794 0.047619 0.016807 0.052288
1 0.423845 0.042484 0.010504 0.040149
0 0.367384 0.197946 0.014181 0.056022
0 0.361870 0.190009 0.008403 0.056956
1 0.424895 0.031279 0.012605 0.028945
4 0.211397 0.175070 0.039391 0.075630
3 0.232931 0.120915 0.042542 0.077498
3 0.744485 0.055089 0.038340 0.054155
0 0.950630 0.532213 0.023109 0.067227
0 0.926733 0.510271 0.028887 0.077498
3 0.104254 0.105042 0.065651 0.064426
0 0.026786 0.209617 0.014706 0.062558
2 0.032826 0.232493 0.033088 0.042951
2 0.065914 0.216620 0.018382 0.056022
1 0.065651 0.211951 0.025210 0.054155
2 0.083771 0.191877 0.016282 0.038282
1 0.083246 0.183473 0.015231 0.043884
0 0.038603 0.341270 0.019433 0.070028
0 0.318540 0.128852 0.015231 0.059757
6 0.330882 0.282913 0.037815 0.097106
4 0.039128 0.388889 0.078256 0.084967
