3 0.576418 0.652194 0.038340 0.066293
3 0.562763 0.524276 0.027836 0.045752
4 0.523634 0.417834 0.017857 0.038282
3 0.511029 0.326797 0.013655 0.024276
5 0.501576 0.277311 0.010504 0.020542
3 0.674895 0.828665 0.042017 0.094304
3 0.522847 0.302054 0.016282 0.028945
3 0.045956 0.682540 0.082458 0.054155
3 0.510242 0.262838 0.017332 0.025210
3 0.418330 0.502801 0.027836 0.047619
3 0.467437 0.816527 0.047269 0.127918
3 0.477416 0.618114 0.032563 0.070962
4 0.576681 0.867880 0.043067 0.112979
3 0.457721 0.435574 0.022584 0.038282
3 0.462710 0.519608 0.027311 0.051354
4 0.433561 0.585434 0.027836 0.074697
4 0.426471 0.451914 0.022059 0.046685
4 0.839548 0.714286 0.078256 0.074697
3 0.091649 0.732493 0.085609 0.077498
3 0.205095 0.619048 0.075105 0.063492
4 0.295168 0.430439 0.050420 0.041083
3 0.340599 0.531746 0.035189 0.045752
0 0.827994 0.767040 0.017332 0.040149
9 0.513393 0.693744 0.016282 0.048553
0 0.337973 0.949580 0.016282 0.070962
9 0.551208 0.375817 0.012080 0.040149
6 0.331670 0.840336 0.063550 0.076564
9 0.323267 0.778245 0.034139 0.047619
0 0.183298 0.534547 0.015756 0.038282
0 0.146534 0.546685 0.050420 0.064426
0 0.235032 0.658730 0.013130 0.056956
0 0.253414 0.658730 0.014181 0.051354
4 0.630252 0.584967 0.032563 0.066293
0 0.482931 0.117180 0.022584 0.040149
0 0.485032 0.158263 0.045693 0.028945
0 0.488971 0.197946 0.057773 0.041083
0 0.926208 0.866947 0.011029 0.042017
0 0.630777 0.774510 0.014706 0.051354
0 0.787553 0.657796 0.017332 0.042017
0 0.732931 0.742764 0.017332 0.047619
5 0.703519 0.612979 0.024685 0.073763
6 0.339023 0.641923 0.040441 0.043884
0 0.528361 0.667600 0.014706 0.050420
0 0.541754 0.648926 0.014181 0.057890
0 0.889968 0.764239 0.020483 0.068161
0 0.339811 0.253968 0.027311 0.048553
3 0.294905 0.386088 0.016282 0.036415
9 0.537027 0.302988 0.007878 0.021475
9 0.491334 0.246965 0.007878 0.021475
5 0.788340 0.836601 0.091387 0.173669
3 0.253939 0.492997 0.056197 0.046685
9 0.426996 0.370682 0.007353 0.031746
9 0.450893 0.329599 0.007878 0.018674
0 0.735294 0.655929 0.011555 0.051354
0 0.722952 0.648459 0.014181 0.042017
6 0.325893 0.593371 0.020483 0.043884
