3 0.643120 0.661531 0.070903 0.182073
3 0.565389 0.305789 0.041492 0.096172
4 0.551208 0.056489 0.025735 0.068161
3 0.741597 0.702148 0.091387 0.183007
3 0.330620 0.878618 0.069853 0.239029
3 0.460084 0.865079 0.063025 0.266106
0 0.792279 0.731559 0.020483 0.090570
3 0.372899 0.221755 0.043067 0.105509
3 0.481880 0.467787 0.042542 0.153128
3 0.425945 0.223156 0.037815 0.102708
3 0.966649 0.599907 0.064601 0.142857
5 0.863708 0.297386 0.119223 0.264239
3 0.190389 0.307656 0.051996 0.112979
3 0.231880 0.185341 0.051996 0.086835
3 0.483981 0.055556 0.024685 0.075630
5 0.280725 0.048086 0.047794 0.096172
1 0.142857 0.588702 0.021008 0.064426
2 0.144433 0.605042 0.027311 0.089636
4 0.776786 0.160598 0.037815 0.082166
0 0.598214 0.114846 0.007353 0.052288
3 0.089548 0.183473 0.061450 0.084967
3 0.168330 0.123716 0.096113 0.068161
4 0.171481 0.042484 0.049895 0.077498
4 0.927784 0.169935 0.041492 0.095238
6 0.949317 0.095705 0.055147 0.064426
3 0.860032 0.086368 0.038340 0.083100
