3 0.588498 0.875350 0.048845 0.105509
4 0.563288 0.620915 0.028887 0.067227
5 0.160189 0.876284 0.101891 0.241830
3 0.546218 0.533613 0.024160 0.040149
5 0.485032 0.694211 0.049895 0.126050
5 0.547269 0.469188 0.021008 0.040149
3 0.600578 0.530345 0.025735 0.039216
3 0.355567 0.479925 0.040966 0.031746
3 0.448792 0.461718 0.033088 0.040149
3 0.552521 0.435107 0.016807 0.028011
3 0.479254 0.433240 0.018382 0.033613
3 0.527836 0.401027 0.016807 0.028945
3 0.447216 0.400560 0.018382 0.031746
3 0.496061 0.403828 0.018382 0.034547
3 0.472689 0.388889 0.017857 0.030812
3 0.490546 0.366013 0.014706 0.026144
3 0.487658 0.309991 0.012080 0.022409
3 0.471639 0.321195 0.012605 0.018674
4 0.472689 0.334734 0.011555 0.025210
3 0.811975 0.710084 0.057773 0.071895
0 0.618172 0.532213 0.008403 0.037348
3 0.058036 0.788049 0.074055 0.085901
3 0.082458 0.707750 0.037815 0.089636
3 0.266544 0.490663 0.048845 0.051354
3 0.317489 0.448179 0.047794 0.039216
4 0.360557 0.360411 0.027836 0.029879
3 0.397847 0.410831 0.022584 0.031746
0 0.033088 0.649393 0.066176 0.071895
0 0.253939 0.786648 0.009979 0.058824
9 0.406775 0.584967 0.019433 0.042017
0 0.732931 0.613912 0.017332 0.040149
9 0.507090 0.475724 0.016282 0.034547
0 0.419905 0.564426 0.016282 0.036415
0 0.416754 0.528945 0.012080 0.045752
6 0.747637 0.560691 0.038340 0.034547
9 0.467700 0.522409 0.011029 0.042017
9 0.574317 0.511204 0.013130 0.047619
3 0.184086 0.626050 0.074055 0.060691
3 0.161502 0.721755 0.084559 0.057890
0 0.248950 0.445378 0.015756 0.028011
0 0.271796 0.415966 0.030987 0.042017
4 0.587447 0.437442 0.023634 0.055089
0 0.490809 0.169468 0.022584 0.040149
0 0.495011 0.212418 0.045693 0.028945
0 0.494485 0.235761 0.057248 0.023343
0 0.720851 0.550420 0.011029 0.042017
3 0.842174 0.642857 0.067752 0.049486
0 0.386817 0.264706 0.027836 0.049486
3 0.526523 0.307656 0.014181 0.027077
3 0.506040 0.274977 0.011029 0.017740
3 0.328782 0.394024 0.048319 0.031746
