3 0.595851 0.852007 0.047794 0.103641
4 0.569590 0.626050 0.029937 0.070028
3 0.555672 0.544351 0.024160 0.042951
5 0.492910 0.941643 0.060399 0.116713
5 0.545956 0.459851 0.023634 0.038282
3 0.622374 0.576097 0.035714 0.046685
3 0.297006 0.509804 0.054097 0.046685
3 0.427784 0.503735 0.046744 0.045752
3 0.554622 0.432773 0.016807 0.027077
3 0.478466 0.469188 0.021008 0.038282
3 0.526523 0.390756 0.017332 0.027077
3 0.445903 0.420168 0.021008 0.033613
3 0.499737 0.433240 0.020483 0.039216
3 0.475578 0.412232 0.018382 0.030812
3 0.492647 0.389823 0.016807 0.027077
3 0.487132 0.330065 0.013130 0.021475
3 0.474527 0.346405 0.013130 0.024276
4 0.471901 0.358543 0.013130 0.031746
5 0.476103 0.305789 0.011029 0.025210
3 0.873424 0.803922 0.072479 0.089636
0 0.634454 0.574697 0.008403 0.038282
3 0.021534 0.813725 0.043067 0.116713
3 0.241071 0.528011 0.052521 0.049486
3 0.305410 0.478058 0.048845 0.039216
4 0.353729 0.375817 0.030987 0.032680
3 0.392332 0.434174 0.026261 0.035481
0 0.223477 0.882820 0.009979 0.058824
9 0.402574 0.646592 0.019433 0.042017
0 0.759191 0.655929 0.017332 0.040149
9 0.513918 0.513072 0.016282 0.034547
0 0.416229 0.618581 0.016282 0.036415
0 0.414128 0.571895 0.012080 0.045752
6 0.782300 0.612979 0.038340 0.034547
9 0.462447 0.617647 0.011029 0.042017
9 0.582721 0.516807 0.013130 0.047619
3 0.144695 0.693277 0.084559 0.070028
3 0.107931 0.831466 0.109769 0.066293
6 0.149422 0.772642 0.025735 0.055089
0 0.091912 0.761905 0.057773 0.063492
0 0.241859 0.473856 0.016282 0.028945
0 0.254464 0.441176 0.030987 0.042017
4 0.597952 0.470121 0.023634 0.055089
0 0.489758 0.161998 0.022584 0.040149
0 0.493960 0.205882 0.045693 0.028945
0 0.493435 0.229692 0.057248 0.024276
0 0.758666 0.600840 0.011029 0.042017
0 0.701943 0.504669 0.017332 0.042017
5 0.648897 0.490663 0.019433 0.066293
3 0.899422 0.721289 0.067752 0.049486
3 0.863708 0.659664 0.069853 0.064426
0 0.378414 0.276844 0.027836 0.049486
3 0.345851 0.344071 0.016282 0.036415
3 0.527574 0.302054 0.014181 0.027077
3 0.508141 0.269374 0.011029 0.017740
9 0.559611 0.372082 0.007878 0.028945
9 0.530462 0.319795 0.008403 0.021475
3 0.319065 0.414099 0.056197 0.032680
3 0.033351 0.479458 0.056197 0.043884
4 0.027048 0.520075 0.046744 0.050420
