3 0.594275 0.861811 0.048845 0.104575
4 0.567489 0.625584 0.029937 0.069094
5 0.111345 0.934641 0.114496 0.128852
3 0.552784 0.543884 0.024685 0.043884
5 0.489758 0.903828 0.067752 0.190476
5 0.547006 0.465453 0.023634 0.040149
3 0.616859 0.564893 0.034139 0.044818
3 0.312500 0.503268 0.055672 0.042951
3 0.434086 0.495798 0.042542 0.044818
3 0.554097 0.434641 0.016807 0.027077
3 0.478204 0.461251 0.020483 0.037348
3 0.526523 0.394491 0.017332 0.027077
3 0.446166 0.415966 0.020483 0.032680
3 0.498424 0.426704 0.019958 0.037348
3 0.474790 0.407096 0.017857 0.031746
3 0.491859 0.384687 0.016282 0.026144
3 0.487132 0.324930 0.013130 0.022409
3 0.473477 0.340336 0.013130 0.023343
4 0.471901 0.352941 0.013130 0.029879
3 0.859769 0.784314 0.068277 0.084034
0 0.631303 0.564426 0.006303 0.038282
3 0.029937 0.790850 0.052521 0.112045
3 0.246586 0.522409 0.053046 0.051354
3 0.308036 0.471989 0.047794 0.038282
4 0.354517 0.373016 0.030462 0.032680
3 0.393120 0.429972 0.026786 0.034547
0 0.229254 0.864146 0.009979 0.058824
9 0.402048 0.632586 0.019433 0.042017
0 0.753939 0.646592 0.017332 0.040149
9 0.512342 0.504669 0.016282 0.034547
0 0.417279 0.606443 0.016282 0.036415
0 0.414128 0.562558 0.012080 0.045752
6 0.774422 0.601774 0.038340 0.034547
9 0.464023 0.592437 0.011029 0.042017
9 0.580620 0.516807 0.013130 0.047619
3 0.152311 0.678338 0.078782 0.064426
3 0.118960 0.807190 0.109769 0.066293
0 0.242384 0.470121 0.016282 0.028945
0 0.258141 0.434641 0.030987 0.042017
4 0.594800 0.464519 0.023634 0.055089
0 0.490284 0.163866 0.022584 0.040149
0 0.493960 0.207750 0.045693 0.028945
0 0.493960 0.231092 0.057248 0.023343
0 0.749737 0.589636 0.011029 0.042017
0 0.695641 0.500000 0.017332 0.042017
5 0.644170 0.480392 0.018382 0.056956
3 0.886292 0.706349 0.067752 0.049486
3 0.853729 0.647526 0.069853 0.064426
0 0.378939 0.276844 0.027836 0.049486
3 0.345851 0.343137 0.016282 0.036415
3 0.527048 0.302988 0.014181 0.027077
3 0.507616 0.270308 0.011029 0.017740
9 0.559874 0.373016 0.008403 0.028945
9 0.530725 0.321662 0.008929 0.021475
3 0.320641 0.410364 0.056197 0.032680
3 0.040704 0.471989 0.056197 0.043884
4 0.035977 0.514472 0.049895 0.050420
