3 0.572479 0.653595 0.036765 0.069094
3 0.563813 0.544818 0.028887 0.049486
4 0.535714 0.440243 0.019958 0.042017
3 0.514968 0.351541 0.015231 0.027077
5 0.503151 0.286648 0.010504 0.020542
3 0.631565 0.661064 0.034139 0.061625
3 0.105042 0.562092 0.054622 0.048553
3 0.523897 0.311858 0.013130 0.020542
3 0.233718 0.576097 0.066176 0.050420
3 0.508666 0.271242 0.017332 0.025210
3 0.427521 0.439776 0.024160 0.042951
3 0.472952 0.729692 0.043592 0.109244
3 0.468225 0.528945 0.027836 0.055089
3 0.481618 0.462652 0.024160 0.043884
4 0.568277 0.866947 0.047269 0.116713
3 0.468750 0.371615 0.018382 0.033613
3 0.469275 0.410364 0.019433 0.036415
4 0.452731 0.434641 0.019958 0.049486
4 0.428834 0.389356 0.016282 0.037348
0 0.660714 0.662465 0.010504 0.049486
3 0.167017 0.596639 0.055672 0.061625
3 0.253151 0.522409 0.058824 0.045752
4 0.319328 0.386555 0.043067 0.035481
3 0.362395 0.463585 0.029412 0.042017
9 0.351628 0.782913 0.019433 0.060691
0 0.759979 0.649860 0.016807 0.044818
9 0.508141 0.576564 0.016282 0.034547
0 0.373162 0.736228 0.016282 0.053221
0 0.354779 0.743697 0.012080 0.045752
6 0.837447 0.725490 0.048845 0.057890
9 0.554622 0.379085 0.011555 0.035481
9 0.423582 0.612045 0.012080 0.047619
6 0.365546 0.664799 0.048319 0.048553
0 0.220851 0.478525 0.016282 0.028945
0 0.199842 0.471989 0.030987 0.042017
4 0.604254 0.499066 0.024685 0.055089
0 0.486607 0.126517 0.022584 0.040149
0 0.489758 0.174136 0.045693 0.028945
0 0.490284 0.198413 0.057248 0.025210
0 0.821691 0.701681 0.011029 0.042017
0 0.621586 0.616713 0.015231 0.045752
0 0.733981 0.566293 0.017332 0.042017
5 0.665179 0.543884 0.020483 0.073763
6 0.364233 0.540149 0.044643 0.043884
3 0.949580 0.802521 0.079832 0.070028
0 0.519958 0.569094 0.014706 0.047619
0 0.531775 0.555089 0.013130 0.055089
0 0.349002 0.275910 0.027836 0.049486
3 0.316964 0.348739 0.016282 0.036415
3 0.513393 0.223623 0.009979 0.025210
9 0.540704 0.301120 0.007878 0.021475
9 0.499212 0.248833 0.007878 0.021475
3 0.280200 0.442577 0.056197 0.037348
9 0.433824 0.338469 0.009454 0.021475
9 0.454569 0.288515 0.007878 0.018674
0 0.684086 0.577031 0.011029 0.039216
0 0.688288 0.560224 0.014181 0.041083
6 0.353204 0.507470 0.017332 0.032680
