3 0.642069 0.641923 0.069853 0.180205
3 0.565651 0.288049 0.040966 0.096172
4 0.550158 0.035481 0.025735 0.067227
3 0.736345 0.662465 0.088235 0.183940
3 0.332721 0.823529 0.066702 0.242764
3 0.460609 0.778711 0.060924 0.270775
0 0.785977 0.687675 0.020483 0.086835
3 0.373687 0.195145 0.042542 0.102708
3 0.481618 0.424370 0.040966 0.144725
3 0.426996 0.190009 0.037815 0.099907
3 0.962973 0.562558 0.071954 0.142857
5 0.859506 0.271242 0.119223 0.264239
3 0.191964 0.279645 0.047794 0.111111
3 0.235557 0.156396 0.048845 0.084967
3 0.484506 0.031746 0.022584 0.061625
5 0.282563 0.035948 0.047269 0.070028
1 0.151786 0.541550 0.021008 0.061625
2 0.153099 0.558824 0.026786 0.084967
4 0.773897 0.136321 0.038340 0.080299
0 0.597164 0.091036 0.007353 0.051354
3 0.093225 0.157330 0.061450 0.084967
3 0.169380 0.099440 0.096113 0.068161
4 0.173582 0.035014 0.049895 0.066293
4 0.925683 0.143324 0.041492 0.090570
0 0.168855 0.848739 0.017332 0.093371
6 0.946691 0.064893 0.055147 0.064426
3 0.855305 0.064893 0.038340 0.077498
