3 0.594275 0.818861 0.045693 0.095238
4 0.569590 0.616246 0.028887 0.067227
3 0.560137 0.540616 0.024685 0.042951
5 0.537553 0.443044 0.021534 0.036415
3 0.629464 0.593838 0.037290 0.046685
3 0.260242 0.522876 0.053046 0.044818
3 0.411765 0.520542 0.049370 0.045752
3 0.553571 0.424370 0.016807 0.027077
3 0.476891 0.488329 0.023109 0.041083
3 0.524947 0.380952 0.016282 0.026144
3 0.445903 0.427638 0.022059 0.035481
3 0.501313 0.448179 0.021534 0.041083
3 0.476891 0.423903 0.018908 0.033613
3 0.493697 0.399627 0.016807 0.029879
3 0.485557 0.340336 0.013130 0.023343
3 0.474002 0.356676 0.013130 0.024276
4 0.470851 0.369281 0.013130 0.032680
4 0.473214 0.316060 0.011555 0.027077
3 0.901523 0.847806 0.078256 0.100840
0 0.639968 0.594771 0.011029 0.039216
3 0.235557 0.547152 0.053046 0.050420
3 0.302521 0.492530 0.050420 0.045752
4 0.351103 0.382353 0.030987 0.032680
3 0.390494 0.444911 0.026786 0.036415
0 0.210872 0.917367 0.009979 0.058824
9 0.400998 0.672736 0.019433 0.042017
0 0.767069 0.666200 0.017332 0.040149
9 0.516544 0.529879 0.016282 0.034547
0 0.413603 0.643791 0.016282 0.043884
0 0.410977 0.593371 0.012080 0.045752
6 0.799632 0.632586 0.038340 0.034547
9 0.455095 0.684874 0.011029 0.042017
9 0.583771 0.507470 0.013130 0.047619
3 0.125788 0.733427 0.096113 0.081232
3 0.083771 0.888422 0.109769 0.066293
6 0.131040 0.817460 0.025735 0.055089
0 0.069590 0.809057 0.058298 0.064426
9 0.451943 0.488796 0.012080 0.043884
0 0.240284 0.486928 0.016282 0.028945
0 0.249212 0.451447 0.030987 0.042017
4 0.603204 0.480392 0.023634 0.055089
0 0.489758 0.158263 0.022584 0.040149
0 0.493435 0.203081 0.045693 0.028945
0 0.493435 0.226424 0.057248 0.023343
0 0.775998 0.616713 0.011029 0.042017
0 0.712973 0.518674 0.017332 0.042017
5 0.656775 0.504669 0.020483 0.073763
3 0.920431 0.751167 0.067752 0.049486
3 0.884191 0.685808 0.069853 0.064426
0 0.377363 0.279645 0.027836 0.049486
3 0.343225 0.349673 0.016282 0.036415
3 0.527574 0.297386 0.014181 0.027077
3 0.509191 0.264706 0.011029 0.017740
9 0.558561 0.369281 0.007878 0.028945
9 0.529412 0.315126 0.008403 0.021475
3 0.314863 0.423436 0.056197 0.032680
3 0.022059 0.497199 0.044118 0.043884
4 0.016019 0.536415 0.032038 0.051354
