3 0.600315 0.828665 0.048319 0.101774
3 0.561712 0.686275 0.033088 0.069094
4 0.557248 0.560224 0.023109 0.056022
3 0.542279 0.485528 0.023634 0.037348
5 0.512342 0.374416 0.015231 0.029879
3 0.624475 0.621382 0.039916 0.049486
3 0.296744 0.546685 0.059874 0.043884
3 0.538603 0.383287 0.015231 0.025210
3 0.436187 0.539216 0.047794 0.045752
3 0.513393 0.342204 0.014181 0.021475
3 0.435399 0.440243 0.022059 0.038282
3 0.490284 0.491597 0.024685 0.049486
3 0.470326 0.452848 0.021534 0.037348
3 0.485819 0.419701 0.017857 0.032680
3 0.477153 0.361345 0.015231 0.026144
3 0.467437 0.381419 0.012605 0.028945
4 0.461134 0.396825 0.014706 0.039216
4 0.456933 0.346872 0.013655 0.027077
3 0.916229 0.911765 0.086660 0.114846
0 0.635242 0.619514 0.014181 0.040149
3 0.205882 0.569561 0.051471 0.056022
3 0.280200 0.510271 0.054097 0.047619
4 0.335872 0.390756 0.038340 0.032680
3 0.376313 0.457983 0.025735 0.036415
0 0.177258 0.925770 0.009979 0.058824
9 0.379464 0.703548 0.019433 0.042017
0 0.756040 0.651261 0.017332 0.040149
9 0.510767 0.553221 0.016282 0.034547
0 0.395746 0.679272 0.016282 0.053221
0 0.388918 0.625117 0.012080 0.045752
6 0.803834 0.661531 0.038340 0.034547
9 0.572742 0.469188 0.013130 0.047619
3 0.080620 0.794118 0.096113 0.081232
3 0.045431 0.957516 0.090861 0.066293
6 0.078256 0.874883 0.027311 0.056022
0 0.023634 0.875350 0.047269 0.064426
9 0.440389 0.513072 0.012080 0.043884
0 0.233456 0.488796 0.016282 0.028945
0 0.226628 0.464519 0.030987 0.042017
4 0.598739 0.491597 0.023109 0.055089
0 0.488708 0.146125 0.022584 0.040149
0 0.492384 0.191877 0.045693 0.028945
0 0.492384 0.215686 0.057248 0.024276
0 0.789653 0.643791 0.011029 0.042017
0 0.714023 0.533613 0.017332 0.042017
5 0.654149 0.520542 0.020483 0.073763
3 0.939338 0.798786 0.079307 0.066293
3 0.894695 0.720355 0.069853 0.064426
0 0.524947 0.540149 0.015231 0.049486
0 0.533351 0.524276 0.014181 0.056956
0 0.353204 0.287115 0.027836 0.049486
3 0.331145 0.355275 0.016282 0.036415
3 0.517595 0.274043 0.014181 0.027077
3 0.500788 0.246965 0.011029 0.017740
9 0.550158 0.349673 0.007878 0.028945
9 0.519170 0.296452 0.007878 0.021475
3 0.297006 0.435574 0.056197 0.032680
