3 0.564863 0.541083 0.036239 0.062558
3 0.555672 0.423903 0.025210 0.044818
4 0.520483 0.321195 0.016807 0.041083
3 0.510767 0.238562 0.014181 0.023343
5 0.500525 0.188142 0.010504 0.019608
3 0.705620 0.868347 0.048845 0.115780
3 0.523897 0.207750 0.016282 0.028945
3 0.507616 0.176004 0.017332 0.025210
3 0.413078 0.464986 0.029937 0.056022
3 0.475840 0.691410 0.040966 0.103641
4 0.587973 0.763772 0.041492 0.112045
3 0.456145 0.400560 0.022584 0.044818
3 0.453519 0.544818 0.032038 0.070028
4 0.415966 0.678805 0.038866 0.113912
4 0.421744 0.403828 0.024160 0.055089
4 0.834034 0.714286 0.086134 0.082166
3 0.051733 0.758637 0.103466 0.099907
3 0.174895 0.606443 0.081933 0.070028
4 0.280462 0.373950 0.053571 0.045752
3 0.324580 0.490196 0.034664 0.056022
0 0.871586 0.757236 0.018382 0.054155
9 0.518645 0.694211 0.016282 0.056956
9 0.549107 0.286181 0.014181 0.028945
6 0.304884 0.884687 0.065651 0.081232
9 0.304359 0.812792 0.044643 0.053221
0 0.157300 0.492530 0.016282 0.028945
0 0.112132 0.504202 0.062500 0.072829
0 0.194065 0.678338 0.013130 0.056956
0 0.213498 0.671802 0.014181 0.051354
4 0.646008 0.556022 0.035714 0.073763
0 0.484506 0.051821 0.022584 0.040149
0 0.486607 0.091036 0.045693 0.028945
0 0.486870 0.126517 0.056723 0.045752
0 0.647847 0.807190 0.015231 0.045752
0 0.832721 0.649393 0.017332 0.042017
0 0.777836 0.750233 0.016807 0.055089
5 0.729779 0.610177 0.028887 0.088702
9 0.945641 0.701681 0.030987 0.051354
6 0.323267 0.623249 0.062500 0.053221
0 0.536502 0.653128 0.015231 0.049486
0 0.550683 0.640990 0.014181 0.056956
0 0.944065 0.781979 0.020483 0.068161
0 0.913078 0.676471 0.014181 0.042017
0 0.934086 0.653128 0.014181 0.047619
0 0.336922 0.200280 0.027836 0.049486
3 0.281775 0.326331 0.016282 0.036415
0 0.722689 0.315593 0.007353 0.037348
0 0.647847 0.357143 0.006828 0.053221
0 0.655725 0.352474 0.007878 0.040149
0 0.661502 0.355275 0.011029 0.045752
0 0.306460 0.302054 0.011029 0.038282
0 0.319590 0.294585 0.013130 0.032680
5 0.832721 0.890756 0.127626 0.214753
3 0.235819 0.445378 0.055672 0.054155
9 0.422532 0.297852 0.007878 0.031746
9 0.450893 0.268908 0.007878 0.022409
0 0.763130 0.639122 0.011555 0.051354
0 0.752101 0.643791 0.013655 0.047619
6 0.310924 0.570962 0.024160 0.051354
4 0.358718 0.192810 0.032563 0.034547
