3 0.594013 0.863679 0.048319 0.104575
4 0.566964 0.625584 0.029937 0.069094
5 0.113971 0.930439 0.114496 0.139122
3 0.552258 0.542951 0.024685 0.043884
5 0.489233 0.891690 0.067752 0.205415
5 0.547269 0.465920 0.023109 0.039216
3 0.615546 0.563025 0.033613 0.044818
3 0.316702 0.501867 0.056723 0.042017
3 0.435924 0.493931 0.040966 0.044818
3 0.553571 0.434641 0.016807 0.027077
3 0.477941 0.458917 0.019958 0.036415
3 0.526523 0.394491 0.017332 0.027077
3 0.445903 0.415033 0.019958 0.032680
3 0.498162 0.424837 0.019433 0.037348
3 0.474265 0.405696 0.017857 0.030812
3 0.491859 0.383287 0.016282 0.027077
3 0.487132 0.323996 0.013130 0.022409
3 0.473477 0.338936 0.013130 0.022409
4 0.472164 0.351074 0.012605 0.029879
3 0.855830 0.778245 0.067752 0.083100
0 0.630515 0.561625 0.005777 0.038282
3 0.022321 0.887955 0.044643 0.106443
3 0.033088 0.784314 0.052521 0.112045
3 0.247111 0.518207 0.049895 0.050420
3 0.308561 0.470121 0.047794 0.038282
4 0.355042 0.372082 0.030462 0.032680
3 0.393382 0.429038 0.026261 0.034547
0 0.230830 0.858543 0.009979 0.058824
9 0.402048 0.629785 0.019433 0.042017
0 0.752889 0.643791 0.017332 0.040149
9 0.511817 0.501867 0.016282 0.034547
0 0.417279 0.602708 0.016282 0.036415
0 0.414128 0.559757 0.012080 0.045752
6 0.772321 0.598973 0.038340 0.034547
9 0.464023 0.586835 0.011029 0.042017
9 0.580095 0.516807 0.013130 0.047619
3 0.154149 0.674136 0.077206 0.063492
3 0.121586 0.801587 0.109769 0.066293
0 0.242384 0.469188 0.016282 0.028945
0 0.259191 0.433707 0.030987 0.042017
4 0.593750 0.463585 0.023634 0.055089
0 0.490284 0.164799 0.022584 0.040149
0 0.494485 0.207750 0.045693 0.028945
0 0.493960 0.231092 0.057248 0.023343
0 0.747111 0.585901 0.011029 0.042017
0 0.694065 0.499066 0.017332 0.042017
5 0.643120 0.478058 0.018382 0.054155
3 0.882616 0.702614 0.067752 0.049486
3 0.851103 0.643791 0.069853 0.064426
0 0.379464 0.275910 0.027836 0.049486
3 0.527048 0.302988 0.014181 0.027077
3 0.507616 0.270308 0.011029 0.017740
9 0.559874 0.373016 0.008403 0.028945
9 0.530725 0.321662 0.008929 0.021475
3 0.321166 0.409430 0.056197 0.032680
