3 0.563550 0.518207 0.035714 0.061625
3 0.555935 0.402428 0.025735 0.044818
4 0.519695 0.299720 0.016282 0.039216
3 0.511292 0.220822 0.013130 0.023343
3 0.709559 0.865546 0.049370 0.119514
3 0.524947 0.195612 0.016282 0.028945
3 0.507616 0.156396 0.017332 0.025210
3 0.412815 0.451914 0.030462 0.057890
3 0.476103 0.700280 0.042542 0.110177
4 0.589023 0.739496 0.040441 0.110177
3 0.456408 0.389356 0.023109 0.044818
3 0.452994 0.542017 0.033088 0.071895
4 0.413603 0.689542 0.040441 0.118581
4 0.421744 0.389823 0.024160 0.056956
4 0.832721 0.708683 0.087710 0.085901
3 0.051733 0.754902 0.103466 0.103641
3 0.171744 0.596172 0.084034 0.071895
4 0.278624 0.364146 0.054097 0.044818
3 0.323267 0.480859 0.035189 0.056022
0 0.875788 0.744631 0.017332 0.040149
9 0.519695 0.693277 0.016282 0.056956
9 0.549370 0.265173 0.013655 0.033613
6 0.303309 0.885621 0.065651 0.081232
9 0.301208 0.808123 0.044643 0.053221
0 0.153624 0.479458 0.016282 0.028945
0 0.108456 0.498599 0.065651 0.076564
0 0.187763 0.678338 0.013130 0.056956
0 0.207195 0.669935 0.014181 0.051354
4 0.648634 0.545752 0.038866 0.073763
0 0.484506 0.045285 0.022584 0.040149
0 0.486082 0.083567 0.045693 0.028945
0 0.486870 0.117180 0.056723 0.038282
0 0.650998 0.801587 0.015231 0.045752
0 0.839023 0.644725 0.017332 0.042017
0 0.782300 0.745098 0.017332 0.057890
5 0.733193 0.606443 0.030462 0.092437
9 0.945641 0.701681 0.030987 0.051354
6 0.321691 0.614846 0.062500 0.053221
0 0.537553 0.646592 0.015231 0.049486
0 0.551733 0.632586 0.014181 0.056956
0 0.950893 0.780112 0.020483 0.068161
0 0.919380 0.666200 0.014181 0.042017
0 0.941439 0.649393 0.014181 0.047619
0 0.336922 0.186275 0.027836 0.049486
3 0.279674 0.311391 0.016282 0.036415
0 0.724790 0.298786 0.007353 0.037348
0 0.648897 0.338469 0.006828 0.053221
0 0.656775 0.335668 0.007878 0.040149
0 0.664653 0.338469 0.011029 0.045752
0 0.304359 0.286181 0.011029 0.038282
0 0.316964 0.279645 0.013130 0.032680
5 0.837973 0.891223 0.127626 0.213819
3 0.233718 0.439776 0.055672 0.054155
9 0.422532 0.291317 0.007878 0.031746
9 0.450893 0.263772 0.007878 0.023343
0 0.766282 0.636321 0.011555 0.051354
0 0.755777 0.641923 0.013655 0.047619
6 0.308824 0.561625 0.024160 0.051354
4 0.358193 0.183940 0.032563 0.035481
