3 0.570641 0.673669 0.037290 0.071895
3 0.560662 0.572362 0.028887 0.052288
4 0.541754 0.473856 0.021534 0.047619
3 0.518120 0.383754 0.018382 0.028011
5 0.502626 0.309524 0.012605 0.021475
3 0.622111 0.631653 0.040441 0.053221
3 0.169905 0.544351 0.066702 0.046685
3 0.525473 0.330532 0.013130 0.022409
3 0.299895 0.558824 0.054622 0.043884
3 0.428834 0.436041 0.022584 0.039216
3 0.472426 0.588235 0.032038 0.069094
3 0.468487 0.488329 0.025210 0.044818
3 0.480830 0.439309 0.020483 0.036415
4 0.570903 0.936975 0.050420 0.118581
3 0.470851 0.368814 0.016282 0.029879
3 0.465336 0.395892 0.017857 0.031746
4 0.456145 0.416900 0.018382 0.042017
4 0.434611 0.376751 0.017332 0.034547
3 0.933824 0.943511 0.095588 0.109244
0 0.637342 0.632586 0.014181 0.045752
3 0.186450 0.576097 0.054622 0.057890
3 0.264443 0.510738 0.055147 0.046685
4 0.324842 0.384687 0.042542 0.033613
3 0.366597 0.456116 0.028361 0.036415
0 0.166754 0.901494 0.009979 0.058824
9 0.365284 0.727358 0.019433 0.048553
0 0.746586 0.638189 0.017332 0.040149
9 0.507090 0.559757 0.016282 0.034547
0 0.378939 0.702614 0.016282 0.053221
0 0.365809 0.676471 0.012080 0.045752
6 0.809086 0.686275 0.047794 0.048553
9 0.561712 0.406629 0.013130 0.043884
3 0.049370 0.831933 0.087185 0.082166
6 0.037027 0.924837 0.035189 0.060691
9 0.431460 0.551354 0.012080 0.043884
0 0.230042 0.473856 0.007353 0.028945
0 0.216649 0.457983 0.030987 0.042017
4 0.595588 0.486928 0.024160 0.055089
0 0.487132 0.132120 0.022584 0.040149
0 0.490809 0.179739 0.045693 0.028945
0 0.490809 0.203548 0.057248 0.024276
0 0.794380 0.657796 0.011029 0.042017
0 0.623687 0.598039 0.015231 0.045752
0 0.720063 0.542017 0.015756 0.040149
5 0.654149 0.523343 0.020483 0.073763
6 0.373687 0.522409 0.040441 0.043884
3 0.905725 0.749300 0.069853 0.064426
0 0.520746 0.545285 0.013130 0.042951
0 0.529412 0.533613 0.011555 0.051354
0 0.351103 0.274977 0.027836 0.049486
3 0.321691 0.350607 0.016282 0.036415
3 0.512868 0.244164 0.014181 0.027077
9 0.541754 0.313259 0.007878 0.021475
9 0.503414 0.263772 0.007878 0.021475
3 0.288603 0.434641 0.056197 0.032680
0 0.669905 0.551354 0.009979 0.040149
0 0.679622 0.541550 0.013655 0.041083
