3 0.595588 0.809524 0.047269 0.097106
3 0.560137 0.673203 0.032038 0.065359
4 0.556460 0.553221 0.023634 0.056956
3 0.539653 0.475724 0.022584 0.036415
5 0.510767 0.367880 0.015231 0.028011
3 0.622899 0.620915 0.040966 0.050420
3 0.284401 0.546685 0.060399 0.045752
3 0.537027 0.378618 0.015231 0.025210
3 0.428046 0.541083 0.050420 0.045752
3 0.512342 0.337535 0.014181 0.021475
3 0.434349 0.439309 0.022059 0.038282
3 0.488445 0.495331 0.025210 0.049486
3 0.469800 0.454248 0.021534 0.038282
3 0.485294 0.420168 0.017857 0.033613
3 0.476103 0.362278 0.015231 0.026144
3 0.466912 0.382353 0.012605 0.028945
4 0.460609 0.397759 0.014706 0.039216
4 0.455357 0.349206 0.013655 0.028011
3 0.915179 0.913165 0.086660 0.115780
0 0.633666 0.620448 0.014181 0.040149
3 0.204307 0.568627 0.051471 0.056022
3 0.278887 0.508403 0.054622 0.047619
4 0.334821 0.391223 0.039391 0.033613
3 0.374737 0.458917 0.025735 0.036415
0 0.176208 0.921102 0.009979 0.058824
9 0.376313 0.703548 0.019433 0.042017
0 0.753414 0.647526 0.017332 0.040149
9 0.509716 0.550420 0.016282 0.034547
0 0.393645 0.681139 0.016282 0.053221
0 0.386292 0.626984 0.012080 0.045752
6 0.802784 0.662465 0.038340 0.034547
9 0.571691 0.461718 0.013130 0.047619
3 0.076418 0.790383 0.096113 0.081232
3 0.043855 0.959384 0.087710 0.066293
6 0.075368 0.875350 0.028887 0.056956
0 0.022847 0.875350 0.045693 0.064426
9 0.439338 0.514006 0.012080 0.043884
0 0.233456 0.485061 0.016282 0.028945
0 0.226103 0.462652 0.030987 0.042017
4 0.597952 0.488796 0.023634 0.055089
0 0.488183 0.145191 0.022584 0.040149
0 0.491859 0.190943 0.045693 0.028945
0 0.491859 0.214753 0.057248 0.024276
0 0.789128 0.643791 0.011029 0.042017
0 0.713498 0.533613 0.017332 0.042017
5 0.653624 0.520542 0.020483 0.073763
6 0.380515 0.520542 0.040441 0.043884
3 0.939338 0.798786 0.079307 0.066293
3 0.893645 0.719421 0.069853 0.064426
0 0.523897 0.540149 0.015231 0.049486
0 0.531775 0.523343 0.014181 0.056956
0 0.353204 0.286181 0.027836 0.049486
3 0.330095 0.353408 0.016282 0.036415
3 0.517069 0.271242 0.014181 0.027077
3 0.500788 0.244164 0.011029 0.017740
9 0.548582 0.347806 0.007878 0.028945
9 0.517595 0.293651 0.007878 0.021475
3 0.295956 0.434641 0.056197 0.032680
