3 0.661502 0.801587 0.085609 0.230626
3 0.449317 0.905229 0.076155 0.185808
3 0.549370 0.387955 0.047269 0.114846
4 0.452994 0.436975 0.039391 0.151261
4 0.540179 0.057890 0.026786 0.070962
3 0.035977 0.694678 0.071954 0.211018
3 0.082721 0.518207 0.089811 0.162465
3 0.462710 0.082633 0.032563 0.083100
3 0.608456 0.103641 0.043592 0.059757
6 0.413340 0.104108 0.021008 0.058824
1 0.413340 0.098039 0.010504 0.041083
0 0.360032 0.225957 0.012080 0.057890
0 0.356880 0.215686 0.012080 0.056022
1 0.414653 0.090570 0.012080 0.033613
4 0.196691 0.204015 0.041492 0.083100
3 0.219538 0.144725 0.045168 0.084034
3 0.750000 0.075630 0.040966 0.056022
0 0.955882 0.566293 0.022059 0.064426
0 0.933036 0.545752 0.027836 0.079365
3 0.087447 0.127918 0.069853 0.067227
2 0.013393 0.265173 0.026786 0.044818
2 0.044380 0.246032 0.022584 0.056956
1 0.044905 0.243231 0.021534 0.055089
2 0.063025 0.217087 0.015756 0.040149
1 0.062237 0.211018 0.017332 0.044818
0 0.306985 0.151727 0.015231 0.060691
6 0.322742 0.317927 0.038340 0.098039
4 0.026786 0.443044 0.053571 0.084967
