3 0.601103 0.834267 0.046744 0.101774
3 0.562500 0.690009 0.033613 0.069094
4 0.557773 0.560224 0.024160 0.057890
3 0.543330 0.488329 0.023634 0.037348
5 0.512868 0.377218 0.015231 0.029879
3 0.624737 0.621382 0.039391 0.049486
3 0.135242 0.536881 0.053046 0.039216
3 0.300945 0.547152 0.059874 0.042951
3 0.539128 0.384220 0.015231 0.025210
3 0.438550 0.538282 0.046218 0.045752
3 0.513918 0.343137 0.014181 0.021475
3 0.435924 0.440243 0.022059 0.038282
3 0.490809 0.490196 0.024685 0.048553
3 0.470851 0.451914 0.021534 0.037348
3 0.486345 0.419234 0.017857 0.031746
3 0.477679 0.360411 0.015231 0.026144
3 0.467962 0.380486 0.012605 0.028945
4 0.461660 0.395892 0.014706 0.039216
4 0.457458 0.345938 0.013655 0.027077
3 0.916492 0.910831 0.087185 0.114846
0 0.635767 0.619514 0.014181 0.040149
3 0.206408 0.570495 0.051471 0.056022
3 0.280725 0.511204 0.054097 0.047619
4 0.336397 0.390756 0.038340 0.032680
3 0.376838 0.457983 0.025735 0.036415
0 0.177784 0.927638 0.009979 0.058824
9 0.380515 0.703548 0.019433 0.042017
0 0.757090 0.652194 0.017332 0.040149
9 0.510767 0.552288 0.016282 0.034547
0 0.396271 0.679272 0.016282 0.053221
0 0.389968 0.625117 0.012080 0.045752
6 0.803834 0.661531 0.038340 0.034547
9 0.573267 0.471989 0.013130 0.047619
3 0.082195 0.795051 0.096113 0.081232
3 0.045956 0.956583 0.091912 0.066293
6 0.079569 0.874883 0.026786 0.056022
0 0.023897 0.875350 0.047794 0.064426
9 0.440389 0.513072 0.012080 0.043884
0 0.233456 0.490663 0.016282 0.028945
0 0.227153 0.465453 0.030987 0.042017
4 0.599002 0.491597 0.023634 0.055089
0 0.488708 0.146125 0.022584 0.040149
0 0.492384 0.191877 0.045693 0.028945
0 0.492384 0.215686 0.057248 0.024276
0 0.789653 0.644725 0.011029 0.042017
0 0.714023 0.532680 0.017332 0.042017
5 0.654674 0.520542 0.020483 0.073763
3 0.939338 0.798786 0.079307 0.066293
3 0.894695 0.720355 0.069853 0.064426
0 0.525473 0.540149 0.015231 0.049486
0 0.533876 0.524276 0.014181 0.056956
0 0.353204 0.287115 0.027836 0.049486
3 0.331145 0.356209 0.016282 0.036415
3 0.518120 0.274977 0.014181 0.027077
3 0.500788 0.247899 0.011029 0.017740
9 0.550158 0.350607 0.007878 0.028945
9 0.519695 0.296452 0.007878 0.021475
3 0.297532 0.435574 0.056197 0.032680
