3 0.576418 0.656396 0.037290 0.067227
3 0.565914 0.540616 0.028887 0.048553
4 0.533088 0.432773 0.021008 0.042017
3 0.514181 0.344538 0.014706 0.026144
5 0.504464 0.283847 0.011029 0.018674
3 0.643120 0.702614 0.036239 0.070028
3 0.048845 0.585901 0.058824 0.047619
3 0.524947 0.305322 0.012080 0.018674
3 0.189601 0.602241 0.067227 0.048553
3 0.510242 0.268441 0.017332 0.025210
3 0.425420 0.456583 0.026261 0.042951
3 0.474527 0.920635 0.055147 0.156863
3 0.468225 0.581232 0.032038 0.062558
3 0.482405 0.495331 0.025735 0.047619
4 0.571691 0.859477 0.044643 0.111111
3 0.467700 0.387488 0.020483 0.035481
3 0.470326 0.435574 0.020483 0.040149
4 0.451155 0.469188 0.022059 0.056956
4 0.430672 0.409430 0.018908 0.040149
0 0.682773 0.704949 0.012605 0.050420
4 0.835347 0.623716 0.060399 0.056022
3 0.148109 0.629318 0.061975 0.063492
3 0.242122 0.546685 0.064076 0.053221
4 0.313813 0.394958 0.044643 0.035481
3 0.357668 0.477124 0.030462 0.042951
9 0.344800 0.838936 0.019433 0.060691
0 0.779674 0.673203 0.017332 0.041083
9 0.509716 0.604575 0.016282 0.034547
0 0.365284 0.789449 0.016282 0.053221
0 0.347952 0.795051 0.012080 0.045752
6 0.869485 0.769841 0.049895 0.051354
9 0.555147 0.380019 0.012605 0.042951
9 0.417805 0.680205 0.012080 0.058824
6 0.357405 0.707283 0.048845 0.049486
0 0.214548 0.492530 0.016282 0.028945
0 0.186187 0.491597 0.037290 0.053221
4 0.610032 0.518674 0.023634 0.055089
0 0.486607 0.122782 0.022584 0.040149
0 0.489758 0.171335 0.045693 0.028945
0 0.490284 0.195612 0.057248 0.025210
0 0.849527 0.749300 0.011029 0.042017
0 0.624737 0.665266 0.015231 0.045752
0 0.749212 0.586835 0.017332 0.042017
5 0.676208 0.558824 0.020483 0.073763
6 0.359769 0.568161 0.042017 0.043884
0 0.520746 0.589636 0.015231 0.049486
0 0.533876 0.574697 0.014181 0.056956
0 0.347952 0.276844 0.027836 0.049486
3 0.312237 0.355275 0.016282 0.036415
3 0.513918 0.222689 0.009979 0.021475
9 0.539653 0.301120 0.007878 0.021475
9 0.496586 0.247899 0.007878 0.021475
5 0.737132 0.711951 0.064601 0.135387
3 0.274947 0.448646 0.056197 0.040149
9 0.433824 0.348739 0.009454 0.021475
9 0.454569 0.297852 0.007878 0.018674
0 0.695116 0.592904 0.012080 0.039216
0 0.694590 0.574230 0.014181 0.041083
6 0.346901 0.526611 0.019433 0.041083
