3 0.626838 0.591036 0.068803 0.168067
3 0.553571 0.253501 0.038866 0.088702
4 0.543592 0.019141 0.024160 0.038282
3 0.667805 0.356209 0.063550 0.099907
3 0.372899 0.345938 0.049370 0.116713
3 0.462973 0.253035 0.038340 0.106443
0 0.695116 0.366947 0.018382 0.063492
0 0.310662 0.618581 0.013130 0.079365
0 0.304884 0.598039 0.011029 0.062558
3 0.384191 0.055556 0.038340 0.077498
3 0.477941 0.099907 0.030462 0.072829
4 0.061187 0.581699 0.082458 0.156863
3 0.119485 0.433707 0.071954 0.135387
3 0.856092 0.302054 0.063025 0.088702
5 0.787553 0.104575 0.087710 0.196078
3 0.236345 0.110644 0.040966 0.079365
3 0.266019 0.031279 0.039391 0.062558
1 0.245798 0.202614 0.015756 0.046685
2 0.246586 0.221289 0.016282 0.044818
3 0.086397 0.245098 0.102416 0.071895
3 0.147321 0.024743 0.051996 0.049486
3 0.855042 0.029879 0.033613 0.059757
0 0.242910 0.449580 0.015231 0.071895
6 0.225840 0.828198 0.074580 0.168067
