3 0.564338 0.530812 0.036239 0.062558
3 0.556197 0.412698 0.025210 0.044818
4 0.519958 0.310458 0.016807 0.040149
3 0.511029 0.229225 0.013655 0.023343
5 0.500525 0.173203 0.010504 0.019608
3 0.707458 0.866480 0.049370 0.117647
3 0.524422 0.201214 0.016282 0.028945
3 0.507616 0.166667 0.017332 0.025210
3 0.412815 0.457983 0.030462 0.056956
3 0.475840 0.695612 0.042017 0.106443
4 0.588235 0.751167 0.040966 0.111111
3 0.456408 0.394958 0.023109 0.044818
3 0.453256 0.543417 0.032563 0.070962
4 0.414916 0.683940 0.039916 0.116713
4 0.421744 0.396825 0.024160 0.056022
4 0.833246 0.711485 0.086660 0.084034
3 0.051733 0.756769 0.103466 0.101774
3 0.173319 0.601307 0.082983 0.070962
4 0.279674 0.368814 0.054097 0.044818
3 0.324055 0.485528 0.034664 0.056022
0 0.874737 0.756769 0.018382 0.058824
9 0.519170 0.693277 0.016282 0.056956
9 0.549107 0.275444 0.014181 0.031746
6 0.303834 0.884687 0.065651 0.081232
9 0.302784 0.809991 0.044643 0.053221
0 0.155725 0.485994 0.016282 0.028945
0 0.110294 0.501401 0.064076 0.074697
0 0.190914 0.678338 0.013130 0.056956
0 0.210347 0.670868 0.014181 0.051354
4 0.647321 0.551354 0.037290 0.073763
0 0.484506 0.048086 0.022584 0.040149
0 0.486082 0.087302 0.045693 0.028945
0 0.486870 0.121849 0.056723 0.042017
0 0.649422 0.804388 0.015231 0.045752
0 0.835872 0.650327 0.017332 0.042017
0 0.779937 0.750233 0.016807 0.062558
5 0.731618 0.608310 0.029412 0.090570
9 0.945641 0.701681 0.030987 0.051354
6 0.322216 0.618581 0.062500 0.053221
0 0.537027 0.649393 0.015231 0.049486
0 0.551208 0.636321 0.014181 0.056956
0 0.947742 0.784781 0.020483 0.068161
0 0.916229 0.670868 0.014181 0.042017
0 0.937763 0.651261 0.014181 0.047619
0 0.336922 0.192810 0.027836 0.049486
3 0.280725 0.318861 0.016282 0.036415
0 0.723739 0.307190 0.007353 0.037348
0 0.648372 0.347806 0.006828 0.053221
0 0.656250 0.344071 0.007878 0.040149
0 0.663078 0.346872 0.011029 0.045752
0 0.305410 0.293651 0.011029 0.038282
0 0.318015 0.287115 0.013130 0.032680
5 0.835347 0.890756 0.127626 0.214753
3 0.234769 0.442577 0.055672 0.054155
9 0.422532 0.294118 0.007878 0.031746
9 0.450893 0.266106 0.007878 0.022409
0 0.764706 0.640056 0.011555 0.051354
0 0.754202 0.645658 0.013655 0.047619
6 0.309874 0.566293 0.024160 0.051354
4 0.358193 0.188142 0.032563 0.034547
