3 0.631565 0.657330 0.075105 0.188609
3 0.541754 0.302054 0.043592 0.096172
4 0.432248 0.883754 0.056723 0.221289
4 0.537553 0.027544 0.026786 0.055089
3 0.034926 0.694678 0.069853 0.205415
3 0.462447 0.283380 0.038340 0.124183
3 0.625525 0.170868 0.050420 0.067227
3 0.409926 0.070028 0.032038 0.065359
0 0.641019 0.158263 0.013130 0.045752
6 0.397059 0.287115 0.026261 0.081232
1 0.394433 0.286648 0.015756 0.041083
0 0.348214 0.319328 0.010504 0.063492
0 0.343487 0.303922 0.008403 0.056956
1 0.398634 0.274043 0.012605 0.045752
4 0.164916 0.295051 0.051471 0.100840
3 0.193540 0.217087 0.053046 0.098039
3 0.778099 0.136321 0.044643 0.063492
0 0.983456 0.693744 0.030987 0.082166
3 0.051996 0.190943 0.076681 0.068161
2 0.016019 0.309991 0.016282 0.046685
1 0.017595 0.298319 0.017332 0.045752
0 0.293330 0.228291 0.015231 0.060691
6 0.300158 0.427171 0.038340 0.098039
