3 0.588761 0.875817 0.048319 0.106443
4 0.563025 0.623716 0.029412 0.063492
5 0.150735 0.885621 0.103992 0.225023
3 0.547006 0.535481 0.024685 0.042017
5 0.484244 0.721289 0.050420 0.133520
5 0.547532 0.469188 0.021534 0.040149
3 0.602416 0.536415 0.026261 0.040149
3 0.348477 0.485528 0.042542 0.031746
3 0.446429 0.466387 0.033613 0.040149
3 0.552521 0.435107 0.016807 0.028011
3 0.478729 0.437908 0.018382 0.033613
3 0.527574 0.400560 0.017332 0.028011
3 0.446954 0.402894 0.018908 0.030812
3 0.496324 0.407563 0.018908 0.034547
3 0.472952 0.391690 0.017332 0.030812
3 0.490809 0.368814 0.015231 0.026144
3 0.487658 0.312325 0.012080 0.023343
3 0.471901 0.324463 0.013130 0.019608
4 0.472689 0.338002 0.011555 0.026144
3 0.818803 0.721289 0.059874 0.073763
0 0.620273 0.537815 0.008403 0.037348
3 0.045693 0.809524 0.075630 0.091503
3 0.072479 0.720355 0.045168 0.092437
3 0.263918 0.495798 0.050945 0.050420
3 0.315389 0.451914 0.047794 0.039216
4 0.359769 0.362278 0.028361 0.029879
3 0.397059 0.413632 0.023109 0.031746
0 0.028887 0.662465 0.057773 0.071895
0 0.249737 0.799720 0.009979 0.058824
9 0.406250 0.592437 0.019433 0.042017
0 0.736082 0.618581 0.017332 0.040149
9 0.507616 0.478525 0.016282 0.034547
0 0.419380 0.570962 0.016282 0.036415
0 0.416229 0.534547 0.012080 0.045752
6 0.751838 0.567227 0.038340 0.034547
9 0.467174 0.531746 0.011029 0.042017
9 0.575368 0.514939 0.013130 0.047619
3 0.178309 0.636321 0.074055 0.060691
3 0.154412 0.735761 0.090336 0.059757
0 0.247374 0.449580 0.015756 0.028945
0 0.269170 0.418768 0.030987 0.042017
4 0.588498 0.442110 0.023634 0.055089
0 0.490284 0.168534 0.022584 0.040149
0 0.494485 0.211485 0.045693 0.028945
0 0.493960 0.234827 0.057248 0.023343
0 0.724527 0.555089 0.011029 0.042017
5 0.631565 0.466387 0.020483 0.073763
3 0.849002 0.654062 0.067752 0.049486
0 0.385767 0.266573 0.027836 0.049486
3 0.526523 0.306723 0.014181 0.027077
3 0.506040 0.274043 0.011029 0.017740
3 0.326155 0.396825 0.048319 0.031746
