3 0.595063 0.857143 0.048319 0.104575
4 0.568540 0.626050 0.029937 0.070028
3 0.554622 0.545285 0.024160 0.042951
5 0.490284 0.921102 0.063550 0.155929
5 0.546744 0.464519 0.024160 0.040149
3 0.620011 0.570028 0.035189 0.045752
3 0.304359 0.507003 0.054097 0.046685
3 0.430935 0.500000 0.044643 0.045752
3 0.554097 0.433707 0.016807 0.027077
3 0.478204 0.464986 0.020483 0.037348
3 0.526523 0.392624 0.017332 0.027077
3 0.445903 0.418301 0.021008 0.033613
3 0.498950 0.429972 0.019958 0.038282
3 0.475053 0.409430 0.018382 0.030812
3 0.492384 0.387021 0.016282 0.027077
3 0.487132 0.327264 0.013130 0.021475
3 0.474002 0.343137 0.013130 0.023343
4 0.471901 0.355275 0.013130 0.030812
3 0.866597 0.794118 0.070378 0.086835
0 0.632878 0.570028 0.007353 0.038282
3 0.024685 0.803455 0.049370 0.114846
3 0.241334 0.523810 0.053046 0.050420
3 0.306985 0.475724 0.047794 0.038282
4 0.353992 0.373950 0.030462 0.032680
3 0.392857 0.431839 0.026261 0.034547
0 0.226103 0.875350 0.009979 0.058824
9 0.402048 0.639122 0.019433 0.042017
0 0.756565 0.651261 0.017332 0.040149
9 0.513393 0.509337 0.016282 0.034547
0 0.416754 0.612979 0.016282 0.036415
0 0.414128 0.567227 0.012080 0.045752
6 0.778099 0.607376 0.038340 0.034547
9 0.462973 0.604575 0.011029 0.042017
9 0.581670 0.516807 0.013130 0.047619
3 0.148372 0.685808 0.081408 0.068161
3 0.113183 0.819328 0.109769 0.066293
6 0.153099 0.762372 0.025735 0.055089
0 0.095588 0.750700 0.057773 0.063492
0 0.241859 0.471989 0.016282 0.028945
0 0.256040 0.437442 0.030987 0.042017
4 0.596376 0.467320 0.023634 0.055089
0 0.490284 0.162932 0.022584 0.040149
0 0.493960 0.206816 0.045693 0.028945
0 0.493960 0.230159 0.057248 0.023343
0 0.754464 0.596172 0.011029 0.042017
0 0.698792 0.501867 0.017332 0.042017
5 0.646534 0.485528 0.018908 0.061625
3 0.892595 0.713819 0.067752 0.049486
3 0.858981 0.654062 0.069853 0.064426
0 0.378414 0.276844 0.027836 0.049486
3 0.345851 0.343137 0.016282 0.036415
3 0.527574 0.302054 0.014181 0.027077
3 0.508141 0.269374 0.011029 0.017740
9 0.559874 0.372082 0.008403 0.028945
9 0.530725 0.320728 0.008929 0.021475
3 0.319590 0.412232 0.056197 0.032680
3 0.037027 0.475724 0.056197 0.043884
4 0.031513 0.517274 0.048319 0.050420
