3 0.584296 0.747432 0.042542 0.084967
3 0.557773 0.630252 0.030462 0.063492
4 0.554097 0.522876 0.023109 0.054155
3 0.531513 0.439776 0.022059 0.033613
5 0.508403 0.342670 0.015756 0.024276
3 0.620798 0.614846 0.040966 0.051354
3 0.251050 0.540616 0.064076 0.044818
3 0.533088 0.355275 0.014706 0.023343
3 0.396534 0.541550 0.055672 0.044818
3 0.509979 0.316527 0.013655 0.020542
3 0.431985 0.431373 0.023634 0.037348
3 0.482668 0.505602 0.026261 0.053221
3 0.469800 0.455649 0.022584 0.041083
3 0.483193 0.416900 0.017857 0.032680
3 0.473739 0.359010 0.014706 0.027077
3 0.465861 0.378618 0.012605 0.030812
4 0.458771 0.396359 0.015231 0.040149
4 0.448792 0.350140 0.015231 0.029879
3 0.914916 0.912232 0.087185 0.115780
0 0.631040 0.617647 0.014181 0.040149
3 0.200368 0.563492 0.051996 0.056956
3 0.274685 0.502334 0.054622 0.046685
4 0.330882 0.384220 0.039916 0.034547
3 0.372111 0.450514 0.026786 0.036415
0 0.173057 0.908030 0.009979 0.058824
9 0.373687 0.706349 0.019433 0.042017
0 0.746586 0.638189 0.017332 0.040149
9 0.507090 0.543884 0.016282 0.034547
0 0.388393 0.678338 0.016282 0.053221
0 0.378939 0.634454 0.012080 0.045752
6 0.802521 0.664332 0.042017 0.042017
9 0.569065 0.436508 0.013130 0.047619
3 0.068540 0.784781 0.096113 0.081232
3 0.038866 0.964052 0.077731 0.062558
6 0.065126 0.875817 0.034664 0.059757
0 0.020221 0.874416 0.040441 0.064426
9 0.436187 0.516807 0.012080 0.043884
0 0.232931 0.476657 0.015231 0.028945
0 0.224527 0.457049 0.030987 0.042017
4 0.595326 0.481326 0.022584 0.055089
0 0.488183 0.141457 0.022584 0.040149
0 0.491859 0.187208 0.045693 0.028945
0 0.491859 0.211018 0.057248 0.024276
0 0.788078 0.640990 0.011029 0.042017
0 0.644433 0.582633 0.014706 0.044818
0 0.711922 0.533613 0.017332 0.042017
5 0.652574 0.519608 0.020483 0.073763
6 0.377889 0.514939 0.040441 0.043884
3 0.939338 0.798786 0.079307 0.066293
3 0.891544 0.719421 0.069853 0.064426
0 0.522321 0.538282 0.014181 0.047619
0 0.529149 0.521942 0.013130 0.054155
0 0.352679 0.282446 0.027836 0.049486
3 0.327468 0.350607 0.016282 0.036415
3 0.517069 0.260037 0.014181 0.027077
3 0.501313 0.231092 0.011029 0.017740
9 0.545956 0.335201 0.007878 0.026144
9 0.512868 0.283380 0.007878 0.021475
3 0.294905 0.430906 0.056197 0.032680
