3 0.577994 0.657796 0.037290 0.068161
3 0.566176 0.536881 0.028361 0.048553
4 0.530462 0.429038 0.019958 0.042017
3 0.513918 0.339869 0.014181 0.024276
5 0.504989 0.281046 0.009979 0.018674
3 0.652048 0.735294 0.037290 0.077498
3 0.019695 0.606443 0.039391 0.042017
3 0.524422 0.304388 0.014181 0.024276
3 0.157563 0.621849 0.065126 0.048553
3 0.511292 0.266573 0.017332 0.025210
3 0.425158 0.467320 0.025735 0.045752
3 0.468750 0.628852 0.034139 0.073763
3 0.482143 0.525210 0.026261 0.051354
4 0.573792 0.861345 0.044643 0.111111
3 0.464811 0.400560 0.022059 0.035481
3 0.469013 0.457516 0.022059 0.042951
4 0.447742 0.496732 0.023634 0.059757
4 0.430410 0.422035 0.020483 0.042951
0 0.700368 0.735761 0.012080 0.050420
4 0.839023 0.647526 0.067752 0.062558
3 0.135242 0.654995 0.066702 0.066293
3 0.234244 0.564893 0.067227 0.056022
4 0.309611 0.405229 0.046744 0.037348
3 0.353729 0.492063 0.030987 0.042951
9 0.336922 0.889356 0.019433 0.060691
0 0.793855 0.698880 0.017332 0.040149
9 0.510767 0.626050 0.016282 0.034547
0 0.358456 0.830532 0.016282 0.053221
6 0.895221 0.822129 0.058298 0.064426
9 0.555410 0.377218 0.012080 0.037348
9 0.412553 0.738095 0.012080 0.062558
6 0.349527 0.739963 0.048845 0.049486
9 0.344013 0.692810 0.033613 0.046685
0 0.207721 0.504669 0.016282 0.028945
0 0.178309 0.504669 0.039391 0.056956
4 0.615284 0.535481 0.025735 0.055089
0 0.485557 0.120915 0.022584 0.040149
0 0.488183 0.167600 0.045693 0.028945
0 0.489758 0.197946 0.057248 0.033613
0 0.872637 0.771709 0.011029 0.042017
0 0.628939 0.689542 0.015231 0.045752
0 0.759716 0.606443 0.017332 0.042017
5 0.683561 0.576564 0.020483 0.073763
6 0.356355 0.586835 0.040441 0.043884
0 0.522847 0.612045 0.015231 0.049486
0 0.537027 0.596172 0.014181 0.056956
0 0.346901 0.277778 0.027836 0.049486
3 0.308561 0.361811 0.016282 0.036415
9 0.538603 0.302054 0.007878 0.021475
9 0.495011 0.246965 0.007878 0.021475
5 0.751838 0.745098 0.066702 0.140056
3 0.269170 0.462652 0.056197 0.040149
9 0.432773 0.354809 0.008403 0.026144
9 0.454044 0.307190 0.007878 0.018674
0 0.706933 0.613912 0.011555 0.043884
0 0.701418 0.596639 0.014181 0.041083
6 0.342174 0.544818 0.020483 0.043884
