3 0.588498 0.771709 0.044643 0.092437
3 0.558298 0.645191 0.030462 0.065359
4 0.555147 0.535948 0.022059 0.054155
3 0.534664 0.454715 0.022059 0.035481
5 0.509454 0.353875 0.014706 0.026144
3 0.622637 0.619048 0.041492 0.050420
3 0.263918 0.541083 0.063550 0.045752
3 0.533876 0.366013 0.015231 0.024276
3 0.410189 0.542484 0.055672 0.046685
3 0.510504 0.325864 0.013655 0.020542
3 0.432248 0.435107 0.023109 0.035481
3 0.484769 0.501867 0.026261 0.051354
3 0.469013 0.456116 0.021008 0.038282
3 0.483718 0.419234 0.017857 0.033613
3 0.474527 0.361811 0.015231 0.027077
3 0.466124 0.381419 0.012080 0.030812
4 0.459034 0.397292 0.014706 0.040149
4 0.451943 0.350607 0.015231 0.028945
3 0.915179 0.912232 0.086660 0.115780
0 0.631565 0.619514 0.014181 0.040149
3 0.201418 0.566293 0.051996 0.056956
3 0.276786 0.505135 0.054622 0.046685
4 0.331670 0.386088 0.039391 0.034547
3 0.372899 0.453315 0.026261 0.036415
0 0.174107 0.911765 0.009979 0.058824
9 0.374212 0.705415 0.019433 0.042017
0 0.748162 0.640056 0.017332 0.040149
9 0.508141 0.546685 0.016282 0.034547
0 0.390494 0.679272 0.016282 0.053221
0 0.381040 0.630719 0.012080 0.045752
6 0.801996 0.663399 0.038866 0.036415
9 0.570116 0.445845 0.013130 0.047619
3 0.070641 0.786648 0.096113 0.081232
3 0.040704 0.962185 0.081408 0.064426
6 0.069328 0.875350 0.032563 0.058824
0 0.021271 0.874416 0.042542 0.064426
9 0.437237 0.514939 0.012080 0.043884
0 0.233456 0.478525 0.016282 0.028945
0 0.225053 0.459851 0.030987 0.042017
4 0.596376 0.484127 0.022584 0.055089
0 0.488183 0.142390 0.022584 0.040149
0 0.491859 0.189076 0.045693 0.028945
0 0.491859 0.212885 0.057248 0.024276
0 0.788603 0.641923 0.011029 0.042017
0 0.712447 0.533613 0.017332 0.042017
5 0.652574 0.520542 0.020483 0.073763
6 0.378939 0.516807 0.040441 0.043884
3 0.939338 0.798786 0.079307 0.066293
3 0.892595 0.719421 0.069853 0.064426
0 0.522584 0.541083 0.014706 0.049486
0 0.529412 0.522876 0.013655 0.056022
0 0.352679 0.283380 0.027836 0.049486
3 0.328519 0.350607 0.016282 0.036415
3 0.517069 0.264706 0.014181 0.027077
3 0.501313 0.236695 0.011029 0.017740
9 0.547006 0.341737 0.007878 0.028011
9 0.514443 0.288982 0.007878 0.021475
3 0.295431 0.432773 0.056197 0.032680
