3 0.568803 0.668067 0.036765 0.068161
3 0.560662 0.567694 0.028887 0.050420
4 0.538603 0.467787 0.021534 0.046685
3 0.515494 0.378151 0.017332 0.028011
5 0.502101 0.306723 0.012605 0.021475
3 0.623424 0.643324 0.037815 0.056022
3 0.148897 0.551821 0.062500 0.046685
3 0.524422 0.326797 0.013130 0.020542
3 0.280462 0.567694 0.065126 0.046685
3 0.508666 0.294118 0.013130 0.020542
3 0.427784 0.440710 0.022584 0.039216
3 0.471376 0.627451 0.034139 0.078431
3 0.467962 0.503268 0.025210 0.046685
3 0.480305 0.450514 0.021534 0.038282
4 0.568540 0.915500 0.048845 0.120448
3 0.469275 0.374416 0.016282 0.029879
3 0.465861 0.404295 0.017857 0.031746
4 0.454307 0.426237 0.018908 0.045752
4 0.431723 0.386088 0.015756 0.034547
3 0.944590 0.957983 0.088761 0.080299
0 0.640231 0.644725 0.014706 0.045752
3 0.181460 0.585434 0.056197 0.057890
3 0.260767 0.517274 0.055147 0.046685
4 0.323004 0.387488 0.043067 0.033613
3 0.365021 0.461251 0.028361 0.037348
0 0.158876 0.922035 0.009979 0.058824
9 0.360557 0.746965 0.019433 0.056022
0 0.746586 0.638189 0.017332 0.040149
9 0.507090 0.565359 0.016282 0.034547
0 0.376838 0.711951 0.016282 0.053221
0 0.362658 0.693277 0.012080 0.045752
6 0.815914 0.698880 0.050945 0.049486
9 0.558824 0.401961 0.012605 0.038282
3 0.044905 0.845938 0.084559 0.082166
6 0.021796 0.953782 0.035189 0.060691
9 0.428834 0.567227 0.012080 0.043884
0 0.227679 0.473856 0.008929 0.028945
0 0.210872 0.462652 0.030987 0.042017
4 0.597952 0.490663 0.024685 0.055089
0 0.487132 0.130252 0.022584 0.040149
0 0.490284 0.177871 0.045693 0.028945
0 0.490809 0.202148 0.057248 0.025210
0 0.801208 0.669001 0.011029 0.042017
0 0.620536 0.609244 0.015231 0.045752
0 0.722426 0.550887 0.016282 0.041083
5 0.656250 0.531746 0.020483 0.073763
6 0.367910 0.534547 0.040441 0.043884
3 0.913078 0.767974 0.069853 0.064426
0 0.520483 0.553688 0.013655 0.044818
0 0.530200 0.540616 0.012080 0.052288
0 0.350578 0.274977 0.027836 0.049486
3 0.320116 0.349673 0.016282 0.036415
3 0.512605 0.239496 0.013655 0.027077
9 0.541229 0.314192 0.007878 0.021475
9 0.502363 0.263772 0.007878 0.021475
3 0.286502 0.438375 0.056197 0.032680
0 0.673057 0.559757 0.009979 0.040149
0 0.682248 0.546218 0.013655 0.041083
