3 0.576943 0.653595 0.038340 0.067227
3 0.563550 0.525210 0.028361 0.045752
4 0.524422 0.418768 0.018382 0.038282
3 0.511555 0.328198 0.013655 0.023343
5 0.502101 0.277311 0.010504 0.020542
3 0.673582 0.821662 0.041492 0.093371
3 0.522847 0.302054 0.016282 0.028945
3 0.053309 0.680205 0.087710 0.056956
3 0.510767 0.262838 0.017332 0.025210
3 0.418855 0.500000 0.027836 0.047619
3 0.467700 0.800654 0.045693 0.122316
3 0.477941 0.610644 0.032563 0.069094
4 0.576681 0.867880 0.043067 0.112979
3 0.458246 0.432773 0.022584 0.038282
3 0.463498 0.514939 0.026786 0.049486
4 0.435399 0.577965 0.027311 0.072829
4 0.427258 0.449580 0.021534 0.045752
4 0.841124 0.710084 0.076155 0.068161
3 0.094800 0.727358 0.084559 0.076564
3 0.207458 0.615780 0.074580 0.062558
4 0.296218 0.428571 0.050420 0.041083
3 0.341387 0.528945 0.034664 0.045752
0 0.825893 0.762372 0.017332 0.040149
9 0.513393 0.688609 0.016282 0.047619
0 0.340599 0.943511 0.016282 0.077498
9 0.551996 0.375817 0.012605 0.038282
6 0.333246 0.833800 0.061450 0.072829
9 0.324317 0.772642 0.034139 0.047619
0 0.185137 0.533147 0.016282 0.037348
0 0.149160 0.544818 0.049370 0.064426
0 0.237658 0.654062 0.013130 0.056956
0 0.256565 0.654062 0.014181 0.051354
4 0.629464 0.581232 0.032038 0.064426
0 0.482931 0.117180 0.022584 0.040149
0 0.485032 0.159197 0.045693 0.028945
0 0.489233 0.206349 0.058298 0.056022
0 0.922006 0.861345 0.011029 0.042017
0 0.631303 0.768908 0.014706 0.049486
0 0.785452 0.654062 0.017332 0.042017
0 0.732405 0.738095 0.017332 0.047619
5 0.702206 0.611111 0.024160 0.073763
6 0.340074 0.638189 0.040441 0.043884
0 0.527836 0.663866 0.014706 0.050420
0 0.541754 0.645658 0.014181 0.056956
0 0.886292 0.759570 0.020483 0.068161
0 0.340599 0.256769 0.027836 0.048553
3 0.296481 0.383287 0.016282 0.036415
9 0.537027 0.302988 0.007878 0.021475
9 0.491334 0.246965 0.007878 0.021475
5 0.786502 0.835201 0.089811 0.170868
3 0.255252 0.492063 0.055672 0.044818
9 0.427521 0.369748 0.007353 0.031746
9 0.451418 0.328665 0.007878 0.018674
0 0.733718 0.656863 0.011555 0.051354
0 0.721901 0.648926 0.014181 0.041083
6 0.327468 0.590570 0.020483 0.043884
