3 0.646271 0.722689 0.071954 0.194211
3 0.566176 0.366480 0.040966 0.098039
4 0.553046 0.111578 0.026261 0.068161
3 0.759979 0.835201 0.094538 0.202614
0 0.812500 0.870215 0.021008 0.102708
3 0.370273 0.302988 0.044118 0.114846
3 0.482405 0.623249 0.047794 0.185808
3 0.422269 0.331933 0.038866 0.114846
5 0.882090 0.392157 0.133929 0.281979
3 0.177258 0.399160 0.057248 0.127918
3 0.225315 0.264706 0.052521 0.098039
3 0.484244 0.142390 0.025210 0.077498
5 0.277048 0.103641 0.049895 0.138189
3 0.538866 0.016340 0.021008 0.032680
1 0.107405 0.746499 0.023634 0.077498
2 0.108456 0.769841 0.032038 0.099907
4 0.786502 0.242297 0.036239 0.086835
0 0.601891 0.194211 0.007353 0.052288
3 0.711660 0.053221 0.030462 0.050420
3 0.079307 0.267040 0.064076 0.087768
3 0.163866 0.204949 0.095588 0.068161
4 0.165441 0.118114 0.050420 0.088702
3 0.157038 0.075163 0.036765 0.056956
3 0.196691 0.071895 0.036239 0.050420
3 0.131303 0.054155 0.039916 0.044818
3 0.200630 0.031279 0.028361 0.051354
4 0.941964 0.245565 0.044643 0.102708
0 0.042805 0.112512 0.071954 0.120448
6 0.957721 0.176937 0.055147 0.073763
3 0.870536 0.168534 0.038340 0.083100
