3 0.574580 0.649393 0.038866 0.064426
3 0.561187 0.522409 0.027836 0.045752
4 0.522059 0.415966 0.016807 0.038282
3 0.510242 0.325397 0.013130 0.025210
5 0.501576 0.277311 0.010504 0.020542
3 0.677521 0.841270 0.043067 0.097106
3 0.522321 0.299253 0.016282 0.028945
3 0.035189 0.693277 0.070378 0.060691
3 0.508929 0.264239 0.014706 0.024276
3 0.417017 0.506536 0.028361 0.051354
3 0.467700 0.853408 0.049895 0.134454
3 0.476366 0.632586 0.032563 0.073763
4 0.577468 0.866947 0.042542 0.112979
3 0.456670 0.440243 0.022584 0.040149
3 0.460609 0.529412 0.027311 0.052288
4 0.430935 0.599907 0.028887 0.077498
4 0.425158 0.455649 0.021534 0.046685
4 0.838498 0.723156 0.079307 0.068161
3 0.085872 0.743231 0.088761 0.078431
3 0.201418 0.626984 0.076155 0.064426
4 0.293330 0.434174 0.050945 0.041083
3 0.338761 0.537348 0.035714 0.045752
0 0.833246 0.772642 0.017332 0.040149
9 0.513918 0.703548 0.016282 0.051354
0 0.333246 0.963119 0.016282 0.058824
9 0.549895 0.376751 0.012605 0.043884
6 0.327468 0.852941 0.065651 0.081232
9 0.320641 0.790383 0.034139 0.047619
0 0.179622 0.537348 0.015756 0.042017
0 0.141282 0.551354 0.051471 0.064426
0 0.229779 0.666200 0.013130 0.056956
0 0.247111 0.669935 0.014181 0.051354
4 0.631565 0.592437 0.034139 0.070028
0 0.482931 0.112512 0.022584 0.040149
0 0.485032 0.153595 0.045693 0.028945
0 0.486607 0.200747 0.058298 0.059757
0 0.934611 0.880019 0.011029 0.042017
0 0.630515 0.785714 0.014181 0.055089
0 0.792279 0.664332 0.017332 0.042017
0 0.736870 0.754902 0.016807 0.047619
5 0.706145 0.616713 0.025735 0.073763
6 0.336922 0.648459 0.048845 0.045752
0 0.529149 0.676004 0.014181 0.050420
0 0.541754 0.656396 0.014181 0.057890
0 0.897847 0.773576 0.020483 0.068161
0 0.338235 0.248366 0.027311 0.048553
3 0.292805 0.387021 0.016282 0.036415
9 0.537027 0.303922 0.007878 0.021475
9 0.490809 0.246965 0.007878 0.021475
5 0.792279 0.839869 0.095063 0.178338
3 0.251576 0.495331 0.055672 0.049486
9 0.425945 0.373483 0.007353 0.031746
9 0.450368 0.332400 0.007878 0.018674
0 0.738445 0.655929 0.011555 0.051354
0 0.725578 0.648459 0.014181 0.042017
6 0.323792 0.600840 0.020483 0.043884
