3 0.602679 0.840803 0.047794 0.103641
3 0.563813 0.694211 0.034139 0.070028
4 0.558298 0.562092 0.024160 0.057890
3 0.544118 0.490663 0.024160 0.038282
5 0.513393 0.379085 0.015231 0.029879
3 0.625000 0.620448 0.039916 0.049486
3 0.138393 0.537815 0.054097 0.039216
3 0.303309 0.546685 0.058298 0.042017
3 0.539653 0.386088 0.015231 0.025210
3 0.440651 0.536881 0.045168 0.046685
3 0.514181 0.344538 0.014706 0.022409
3 0.435924 0.440243 0.022059 0.038282
3 0.491334 0.489262 0.024685 0.048553
3 0.471113 0.451447 0.021008 0.036415
3 0.486345 0.418768 0.017857 0.032680
3 0.477679 0.360411 0.015231 0.026144
3 0.467962 0.380019 0.012605 0.028011
4 0.462185 0.395892 0.014706 0.039216
4 0.457983 0.345005 0.013655 0.027077
3 0.917017 0.909897 0.087185 0.114846
0 0.636292 0.619514 0.014181 0.040149
3 0.207458 0.569561 0.051471 0.056022
3 0.280987 0.510271 0.054622 0.047619
4 0.336660 0.390289 0.037815 0.031746
3 0.377363 0.457983 0.025735 0.036415
0 0.178309 0.929505 0.009979 0.058824
9 0.381040 0.702614 0.019433 0.042017
0 0.758141 0.653128 0.017332 0.040149
9 0.511292 0.552288 0.016282 0.034547
0 0.396796 0.678338 0.016282 0.053221
0 0.391019 0.624183 0.012080 0.045752
6 0.803834 0.661531 0.038340 0.034547
9 0.573267 0.472923 0.013130 0.047619
3 0.083246 0.795985 0.096113 0.081232
3 0.046481 0.955649 0.092962 0.066293
6 0.080357 0.874883 0.026261 0.056022
0 0.024160 0.875350 0.048319 0.064426
9 0.440914 0.512138 0.012080 0.043884
0 0.233456 0.490663 0.016282 0.028945
0 0.227679 0.465453 0.030987 0.042017
4 0.599265 0.492530 0.023109 0.055089
0 0.488708 0.147059 0.022584 0.040149
0 0.492384 0.192810 0.045693 0.028945
0 0.492384 0.216620 0.057248 0.024276
0 0.789653 0.644725 0.011029 0.042017
0 0.714023 0.532680 0.017332 0.042017
5 0.654674 0.520542 0.020483 0.073763
3 0.939338 0.798786 0.079307 0.066293
3 0.894695 0.720355 0.069853 0.064426
0 0.525473 0.539216 0.015231 0.049486
0 0.534401 0.524276 0.014181 0.056956
0 0.353204 0.288049 0.027836 0.049486
3 0.331670 0.356209 0.016282 0.036415
3 0.518120 0.275910 0.014181 0.027077
3 0.501313 0.247899 0.011029 0.017740
9 0.550683 0.351541 0.007878 0.028945
9 0.520221 0.297386 0.007878 0.021475
3 0.298057 0.435574 0.056197 0.032680
