3 0.593225 0.867414 0.047794 0.104575
4 0.565914 0.625117 0.029937 0.068161
5 0.121586 0.920168 0.110819 0.155929
3 0.550945 0.541550 0.025210 0.044818
5 0.487920 0.851074 0.063025 0.187675
5 0.547532 0.467320 0.022584 0.038282
3 0.612658 0.557890 0.032038 0.043884
3 0.324317 0.498133 0.055147 0.042017
3 0.437237 0.487395 0.040441 0.046685
3 0.553046 0.435574 0.016807 0.027077
3 0.477679 0.454715 0.019433 0.035481
3 0.526523 0.396359 0.017332 0.027077
3 0.445903 0.412698 0.019958 0.031746
3 0.497637 0.421569 0.019433 0.036415
3 0.473739 0.402894 0.017857 0.030812
3 0.491334 0.380486 0.016282 0.027077
3 0.487132 0.321662 0.013130 0.021475
3 0.472952 0.336134 0.013130 0.022409
4 0.472164 0.348739 0.012605 0.028945
3 0.848214 0.767040 0.066176 0.081232
0 0.628414 0.558824 0.005777 0.038282
3 0.026261 0.871148 0.052521 0.104575
3 0.040704 0.770775 0.051996 0.109244
3 0.250788 0.512605 0.049895 0.050420
3 0.309611 0.466387 0.047794 0.038282
4 0.355567 0.371148 0.030462 0.032680
3 0.393908 0.427171 0.026261 0.034547
0 0.233981 0.848273 0.009979 0.058824
9 0.402574 0.622316 0.019433 0.042017
0 0.749737 0.639122 0.017332 0.040149
9 0.510767 0.497199 0.016282 0.034547
0 0.417805 0.597106 0.016282 0.036415
0 0.414128 0.555089 0.012080 0.045752
6 0.768120 0.593371 0.038340 0.034547
9 0.464548 0.575630 0.011029 0.042017
9 0.579569 0.516807 0.013130 0.047619
3 0.158351 0.667134 0.074055 0.060691
3 0.126838 0.789449 0.109769 0.066293
0 0.242910 0.466387 0.016282 0.028945
0 0.261292 0.430906 0.030987 0.042017
4 0.592174 0.460784 0.023634 0.055089
0 0.490284 0.164799 0.022584 0.040149
0 0.494485 0.208683 0.045693 0.028945
0 0.493960 0.232026 0.057248 0.023343
0 0.742384 0.579365 0.011029 0.042017
0 0.691702 0.494865 0.016807 0.041083
5 0.641019 0.475257 0.018382 0.054155
3 0.875788 0.695145 0.067752 0.049486
3 0.846376 0.637255 0.069853 0.064426
0 0.380515 0.274043 0.027836 0.049486
3 0.527048 0.303922 0.014181 0.027077
3 0.507090 0.271242 0.011029 0.017740
3 0.321691 0.406629 0.054097 0.032680
