3 0.634191 0.669468 0.075105 0.190476
3 0.542279 0.310458 0.043592 0.098039
4 0.436187 0.824930 0.055147 0.249300
4 0.537815 0.029412 0.027311 0.058824
3 0.040179 0.668534 0.080357 0.205415
3 0.464023 0.251167 0.037290 0.119514
3 0.624475 0.159197 0.049370 0.064426
3 0.413603 0.055556 0.030987 0.062558
0 0.637605 0.147059 0.012605 0.045752
6 0.400210 0.257236 0.024160 0.079365
1 0.398372 0.254902 0.014181 0.041083
0 0.350315 0.304388 0.010504 0.063492
0 0.346376 0.289449 0.007878 0.056022
1 0.402048 0.246032 0.012080 0.045752
4 0.170431 0.279645 0.048845 0.094304
3 0.198267 0.205882 0.051996 0.096172
3 0.774422 0.126984 0.043592 0.061625
0 0.975053 0.673203 0.032038 0.084034
3 0.058824 0.180672 0.074580 0.068161
2 0.027311 0.293651 0.015756 0.045752
1 0.024947 0.284781 0.018382 0.044818
0 0.296481 0.214286 0.015231 0.060691
6 0.303309 0.407563 0.038340 0.098039
