3 0.637080 0.682540 0.074580 0.192344
3 0.543067 0.318861 0.044118 0.099907
4 0.439863 0.749767 0.051996 0.233427
4 0.538078 0.031279 0.027836 0.062558
3 0.044643 0.638189 0.089286 0.195145
3 0.465599 0.218954 0.036239 0.114846
3 0.623687 0.147993 0.047794 0.060691
3 0.417805 0.041550 0.029937 0.060691
0 0.636029 0.140523 0.013655 0.047619
6 0.403361 0.229225 0.023109 0.075630
1 0.402048 0.225957 0.013130 0.041083
0 0.353204 0.290383 0.011029 0.061625
0 0.349527 0.276377 0.007878 0.056022
1 0.404674 0.220355 0.012080 0.044818
4 0.176208 0.264239 0.046744 0.087768
3 0.202731 0.193744 0.050420 0.094304
3 0.771271 0.117647 0.042542 0.059757
0 0.966124 0.648459 0.033088 0.084967
3 0.065914 0.170401 0.073004 0.068161
2 0.012605 0.311858 0.019958 0.059757
1 0.013393 0.306256 0.019433 0.056022
2 0.035189 0.280112 0.015756 0.042951
1 0.032300 0.267974 0.017332 0.044818
0 0.299632 0.200280 0.015231 0.060691
6 0.307511 0.389823 0.038340 0.098039
