3 0.646534 0.739029 0.077731 0.215686
3 0.547532 0.347339 0.045693 0.108310
4 0.449055 0.569561 0.043067 0.183007
4 0.539653 0.041083 0.027836 0.067227
3 0.064338 0.572829 0.098214 0.183940
3 0.465074 0.140056 0.035189 0.093371
3 0.615809 0.124650 0.047794 0.060691
0 0.626050 0.109244 0.010504 0.028011
6 0.408876 0.159197 0.023634 0.062558
1 0.408351 0.155929 0.011029 0.041083
0 0.357405 0.253501 0.012080 0.056956
0 0.354517 0.241830 0.008403 0.056022
1 0.408351 0.153595 0.011029 0.043884
4 0.187237 0.228291 0.042542 0.081232
3 0.210084 0.165266 0.048319 0.089636
3 0.757090 0.091503 0.041492 0.056022
0 0.972164 0.614379 0.024160 0.067227
0 0.945378 0.589169 0.031513 0.082166
3 0.077206 0.146592 0.072479 0.069094
2 0.028887 0.278245 0.023109 0.057890
1 0.029674 0.270775 0.021534 0.056022
2 0.048582 0.249767 0.015231 0.038282
1 0.048057 0.238562 0.017332 0.045752
0 0.302258 0.170401 0.015231 0.060691
6 0.317489 0.349673 0.038340 0.098039
4 0.016807 0.493464 0.033613 0.084967
