3 0.588498 0.874883 0.048845 0.104575
4 0.563813 0.622316 0.028887 0.068161
5 0.164128 0.865079 0.100315 0.236228
3 0.545693 0.532680 0.024160 0.040149
5 0.485294 0.680672 0.049370 0.123249
5 0.547006 0.469188 0.020483 0.040149
3 0.599790 0.527544 0.025210 0.039216
3 0.359506 0.478058 0.040441 0.031746
3 0.449842 0.458917 0.032038 0.040149
3 0.552521 0.435107 0.016807 0.028011
3 0.479254 0.430906 0.018382 0.032680
3 0.528361 0.401961 0.016807 0.028945
3 0.447216 0.399160 0.018382 0.030812
3 0.496061 0.402428 0.018382 0.033613
3 0.472689 0.387488 0.017857 0.029879
3 0.490546 0.364613 0.014706 0.027077
3 0.487658 0.309057 0.012080 0.022409
3 0.471376 0.320261 0.013130 0.018674
4 0.472689 0.333800 0.011555 0.025210
3 0.808298 0.704482 0.056723 0.070028
0 0.617647 0.529879 0.008403 0.036415
3 0.019695 0.779178 0.039391 0.077498
3 0.063025 0.780579 0.072479 0.084034
3 0.085872 0.699813 0.038340 0.086835
3 0.268120 0.488796 0.047794 0.051354
3 0.318540 0.445845 0.047794 0.040149
4 0.361345 0.359010 0.027311 0.028945
3 0.398109 0.409430 0.022059 0.030812
0 0.035189 0.643791 0.070378 0.071895
0 0.256565 0.780112 0.009979 0.058824
9 0.407300 0.581232 0.019433 0.042017
0 0.730830 0.611111 0.017332 0.040149
9 0.507090 0.474790 0.016282 0.034547
0 0.419905 0.560691 0.016282 0.036415
0 0.417279 0.527077 0.012080 0.045752
6 0.745536 0.557890 0.038340 0.034547
9 0.468225 0.517740 0.011029 0.042017
9 0.573267 0.509337 0.013130 0.047619
3 0.187237 0.621382 0.074055 0.060691
3 0.165179 0.715686 0.081408 0.056956
0 0.272847 0.414099 0.030987 0.042017
4 0.586922 0.435574 0.023634 0.055089
0 0.490809 0.169468 0.022584 0.040149
0 0.495011 0.212418 0.045693 0.028945
0 0.494485 0.235761 0.057248 0.023343
0 0.718750 0.547619 0.011029 0.042017
3 0.838498 0.639122 0.066702 0.049486
0 0.387342 0.263772 0.027836 0.049486
3 0.526523 0.308590 0.014181 0.027077
3 0.506565 0.274977 0.011029 0.017740
3 0.329832 0.392157 0.048319 0.031746
