3 0.578782 0.714753 0.040966 0.079365
3 0.557248 0.605509 0.029412 0.058824
4 0.550683 0.504202 0.022584 0.052288
3 0.526786 0.419234 0.019958 0.029879
5 0.506565 0.330065 0.014181 0.025210
3 0.620798 0.614379 0.040966 0.050420
3 0.228204 0.538282 0.064601 0.043884
3 0.530987 0.346405 0.013655 0.022409
3 0.372374 0.542484 0.051471 0.042951
3 0.509716 0.309057 0.013130 0.020542
3 0.431460 0.430906 0.022584 0.038282
3 0.479517 0.521942 0.027311 0.056022
3 0.469538 0.462185 0.023109 0.041083
3 0.483193 0.422035 0.017857 0.033613
3 0.473214 0.359477 0.015756 0.028011
3 0.464811 0.380486 0.014706 0.030812
4 0.458246 0.399160 0.016282 0.040149
4 0.443803 0.356209 0.016807 0.030812
3 0.915704 0.915033 0.088761 0.121382
0 0.629464 0.614379 0.014181 0.039216
3 0.198529 0.560224 0.052521 0.056022
3 0.271796 0.498599 0.054097 0.046685
4 0.329307 0.382353 0.040966 0.034547
3 0.371324 0.448646 0.027311 0.036415
0 0.171481 0.904295 0.009979 0.058824
9 0.372111 0.708217 0.019433 0.042017
0 0.746586 0.638189 0.017332 0.040149
9 0.505515 0.541083 0.016282 0.034547
0 0.384716 0.674603 0.016282 0.053221
0 0.375263 0.641923 0.012080 0.045752
6 0.803571 0.665733 0.047269 0.052288
9 0.566964 0.427171 0.013130 0.047619
3 0.064076 0.786648 0.095588 0.081232
3 0.035452 0.967320 0.070903 0.059757
6 0.062237 0.881886 0.035189 0.060691
0 0.018382 0.874416 0.036765 0.064426
9 0.434611 0.526144 0.012080 0.043884
0 0.232143 0.475724 0.012605 0.028945
0 0.222426 0.456116 0.030987 0.042017
4 0.595588 0.480392 0.024160 0.055089
0 0.487658 0.138655 0.022584 0.040149
0 0.491334 0.185341 0.045693 0.028945
0 0.491334 0.209150 0.057248 0.024276
0 0.787027 0.638189 0.011029 0.042017
0 0.637868 0.583100 0.015231 0.045752
0 0.710872 0.533613 0.017332 0.042017
5 0.652574 0.517740 0.020483 0.073763
6 0.375788 0.510271 0.040441 0.043884
3 0.939338 0.798786 0.079307 0.066293
3 0.893645 0.722222 0.069853 0.064426
0 0.521796 0.533613 0.013130 0.043884
0 0.528361 0.520542 0.011555 0.051354
0 0.352153 0.279645 0.027836 0.049486
3 0.325893 0.350607 0.016282 0.036415
3 0.514968 0.252568 0.014181 0.027077
9 0.544643 0.323529 0.007353 0.023343
9 0.510242 0.274043 0.007878 0.021475
3 0.294380 0.429038 0.056197 0.032680
