3 0.587185 0.765173 0.044118 0.090570
3 0.557773 0.640990 0.030462 0.064426
4 0.554884 0.532213 0.022584 0.054155
3 0.533613 0.450514 0.022059 0.034547
5 0.509191 0.350607 0.015231 0.025210
3 0.621849 0.617647 0.040966 0.051354
3 0.260767 0.541083 0.063550 0.045752
3 0.533876 0.363212 0.015231 0.024276
3 0.407038 0.542017 0.055672 0.045752
3 0.510504 0.323063 0.013655 0.020542
3 0.432248 0.434174 0.023109 0.035481
3 0.484244 0.502334 0.026261 0.052288
3 0.469275 0.455649 0.021534 0.039216
3 0.483718 0.418301 0.017857 0.033613
3 0.474265 0.360878 0.014706 0.027077
3 0.466124 0.380486 0.012080 0.030812
4 0.459034 0.396825 0.014706 0.039216
4 0.451155 0.350140 0.014706 0.029879
3 0.915179 0.912232 0.086660 0.115780
0 0.631565 0.618581 0.014181 0.040149
3 0.200893 0.565359 0.051996 0.056956
3 0.276261 0.504202 0.054622 0.046685
4 0.331670 0.386088 0.039391 0.034547
3 0.372899 0.452381 0.026261 0.036415
0 0.173582 0.909897 0.009979 0.058824
9 0.374212 0.705415 0.019433 0.042017
0 0.747111 0.639122 0.017332 0.040149
9 0.507616 0.545752 0.016282 0.034547
0 0.389968 0.679272 0.016282 0.053221
0 0.380515 0.631653 0.012080 0.045752
6 0.802258 0.663399 0.039391 0.038282
9 0.569590 0.443978 0.013130 0.047619
3 0.070116 0.785714 0.096113 0.081232
3 0.040179 0.963119 0.080357 0.064426
6 0.068015 0.875817 0.033088 0.059757
0 0.021008 0.874416 0.042017 0.064426
9 0.436712 0.515873 0.012080 0.043884
0 0.233456 0.477591 0.016282 0.028945
0 0.225053 0.458917 0.030987 0.042017
4 0.596113 0.483193 0.023109 0.055089
0 0.488183 0.142390 0.022584 0.040149
0 0.491859 0.188142 0.045693 0.028945
0 0.491859 0.211951 0.057248 0.024276
0 0.788603 0.640990 0.011029 0.042017
0 0.712447 0.533613 0.017332 0.042017
5 0.652574 0.520542 0.020483 0.073763
6 0.378414 0.516807 0.040441 0.043884
3 0.939338 0.798786 0.079307 0.066293
3 0.892069 0.719421 0.069853 0.064426
0 0.522584 0.540616 0.014706 0.048553
0 0.529412 0.522876 0.013655 0.056022
0 0.352679 0.283380 0.027836 0.049486
3 0.328519 0.350607 0.016282 0.036415
3 0.517069 0.263772 0.014181 0.027077
3 0.501313 0.234827 0.011029 0.017740
9 0.546481 0.339869 0.007878 0.028011
9 0.513918 0.287115 0.007878 0.021475
3 0.295431 0.431839 0.056197 0.032680
