3 0.640231 0.701214 0.075630 0.199813
3 0.544905 0.327731 0.044643 0.102708
4 0.444328 0.687208 0.049370 0.216620
4 0.539391 0.032213 0.028361 0.064426
3 0.049895 0.611111 0.098739 0.189542
3 0.466124 0.191877 0.036239 0.107376
3 0.621586 0.139589 0.047794 0.060691
3 0.420431 0.028478 0.030987 0.056956
0 0.634716 0.123716 0.009979 0.030812
6 0.407038 0.202614 0.024160 0.070962
1 0.405725 0.200747 0.012080 0.041083
0 0.356880 0.276377 0.012080 0.059757
0 0.352941 0.263305 0.008403 0.056022
1 0.405987 0.197946 0.011555 0.044818
4 0.181985 0.249767 0.044643 0.081232
3 0.207721 0.185341 0.048845 0.086835
3 0.768120 0.108777 0.041492 0.056956
0 0.984769 0.657330 0.029412 0.070962
0 0.960084 0.628385 0.030462 0.080299
3 0.072216 0.161531 0.073004 0.069094
2 0.019170 0.296919 0.022584 0.059757
1 0.022321 0.293184 0.021534 0.056022
2 0.040966 0.270308 0.014706 0.038282
1 0.041229 0.257703 0.017332 0.044818
0 0.303309 0.187208 0.015231 0.060691
6 0.312237 0.373950 0.038340 0.098039
