3 0.631040 0.596639 0.068803 0.168067
3 0.558561 0.255836 0.040441 0.089636
4 0.546218 0.021008 0.023109 0.042017
3 0.686975 0.457049 0.066176 0.120448
3 0.356618 0.496732 0.054622 0.147526
3 0.462185 0.416433 0.044118 0.145658
0 0.728729 0.472456 0.019433 0.069094
0 0.290441 0.799253 0.015756 0.082166
0 0.284401 0.770308 0.012080 0.065359
3 0.379464 0.101774 0.038340 0.087768
3 0.478729 0.201214 0.034139 0.094304
3 0.433298 0.043417 0.030462 0.066293
4 0.028887 0.749767 0.057773 0.184874
3 0.073267 0.563492 0.089811 0.180205
3 0.898897 0.391690 0.074055 0.112979
5 0.812763 0.158263 0.103466 0.211951
3 0.219013 0.167600 0.045168 0.088702
3 0.253151 0.072362 0.044118 0.071895
1 0.211922 0.311391 0.016282 0.047619
2 0.213235 0.327264 0.019958 0.051354
4 0.742647 0.056022 0.038866 0.074697
3 0.059086 0.329132 0.102416 0.071895
3 0.125000 0.072829 0.056723 0.074697
4 0.881565 0.061625 0.036239 0.074697
0 0.214023 0.584967 0.014181 0.079365
