3 0.582458 0.737162 0.042017 0.083100
3 0.557511 0.622782 0.029937 0.061625
4 0.553046 0.517740 0.023109 0.053221
3 0.530200 0.433707 0.021534 0.032680
5 0.507616 0.338936 0.015231 0.024276
3 0.620798 0.614846 0.040966 0.051354
3 0.244223 0.539683 0.064076 0.044818
3 0.532563 0.352941 0.014706 0.022409
3 0.389706 0.541550 0.054622 0.044818
3 0.509979 0.314659 0.013655 0.020542
3 0.431985 0.431373 0.023634 0.037348
3 0.481880 0.509804 0.026786 0.054155
3 0.469800 0.457516 0.022584 0.041083
3 0.483193 0.418768 0.017857 0.032680
3 0.473739 0.359010 0.014706 0.027077
3 0.465599 0.379552 0.013130 0.030812
4 0.458771 0.397292 0.015231 0.040149
4 0.447479 0.352007 0.015756 0.029879
3 0.915179 0.912698 0.087710 0.116713
0 0.630515 0.616713 0.014181 0.040149
3 0.199842 0.562092 0.051996 0.056022
3 0.273897 0.500467 0.054097 0.046685
4 0.330357 0.384220 0.039916 0.034547
3 0.372111 0.450514 0.026786 0.036415
0 0.172532 0.907096 0.009979 0.058824
9 0.373162 0.707283 0.019433 0.042017
0 0.746586 0.638189 0.017332 0.040149
9 0.506565 0.542017 0.016282 0.034547
0 0.387342 0.677404 0.016282 0.053221
0 0.377889 0.636321 0.012080 0.045752
6 0.802784 0.664799 0.043592 0.044818
9 0.568540 0.433707 0.013130 0.047619
3 0.067489 0.784781 0.096113 0.081232
3 0.037815 0.965453 0.075630 0.061625
6 0.063813 0.877218 0.035189 0.060691
0 0.019695 0.874416 0.039391 0.064426
9 0.435662 0.519608 0.012080 0.043884
0 0.232668 0.476657 0.014706 0.028945
0 0.224002 0.456116 0.030987 0.042017
4 0.594800 0.479458 0.022584 0.055089
0 0.488183 0.140523 0.022584 0.040149
0 0.491334 0.186275 0.045693 0.028945
0 0.491859 0.210551 0.057248 0.025210
0 0.787553 0.640056 0.011029 0.042017
0 0.642595 0.583100 0.015231 0.045752
0 0.711397 0.533613 0.017332 0.042017
5 0.652574 0.518674 0.020483 0.073763
6 0.377363 0.513072 0.040441 0.043884
3 0.939338 0.798786 0.079307 0.066293
3 0.891544 0.719421 0.069853 0.064426
0 0.522059 0.536881 0.013655 0.046685
0 0.528887 0.521475 0.012605 0.053221
0 0.352153 0.281513 0.027836 0.049486
3 0.326943 0.350607 0.016282 0.036415
3 0.517069 0.258170 0.014181 0.027077
9 0.545693 0.331933 0.007353 0.025210
9 0.512342 0.280579 0.007878 0.021475
3 0.294905 0.429972 0.056197 0.032680
