3 0.594013 0.815126 0.045168 0.093371
4 0.569328 0.614379 0.028361 0.067227
3 0.560137 0.540149 0.024685 0.043884
5 0.536502 0.441176 0.021534 0.036415
3 0.629989 0.595705 0.037290 0.046685
3 0.256040 0.524276 0.053046 0.043884
3 0.410189 0.521942 0.049370 0.046685
3 0.553046 0.423436 0.016807 0.027077
3 0.476891 0.490663 0.023109 0.042017
3 0.524947 0.380019 0.016282 0.026144
3 0.445903 0.428571 0.022059 0.035481
3 0.501313 0.450047 0.021534 0.041083
3 0.476891 0.424837 0.018908 0.033613
3 0.493697 0.400560 0.016807 0.029879
3 0.485294 0.341270 0.013655 0.023343
3 0.474002 0.357610 0.013130 0.024276
4 0.470851 0.370215 0.013130 0.032680
4 0.472689 0.316993 0.011555 0.027077
3 0.904412 0.852474 0.078782 0.102708
0 0.640231 0.596172 0.011555 0.038282
3 0.234506 0.548086 0.053046 0.050420
3 0.300945 0.494398 0.051471 0.045752
4 0.351103 0.382820 0.030987 0.031746
3 0.390494 0.445845 0.026786 0.036415
0 0.209821 0.919234 0.009979 0.058824
9 0.400473 0.674603 0.019433 0.042017
0 0.767595 0.666200 0.017332 0.040149
9 0.517069 0.530812 0.016282 0.034547
0 0.413078 0.645658 0.016282 0.045752
0 0.410452 0.595238 0.012080 0.045752
6 0.801208 0.633520 0.038340 0.034547
9 0.454044 0.691410 0.011029 0.042017
9 0.584296 0.506536 0.013130 0.047619
3 0.124212 0.738095 0.096113 0.081232
3 0.081670 0.894024 0.109769 0.066293
6 0.129464 0.822129 0.025735 0.055089
0 0.066964 0.812792 0.058298 0.064426
9 0.451943 0.489729 0.012080 0.043884
0 0.239758 0.487862 0.016282 0.028945
0 0.248687 0.452381 0.030987 0.042017
4 0.603204 0.480392 0.023634 0.055089
0 0.489758 0.158263 0.022584 0.040149
0 0.493435 0.202148 0.045693 0.028945
0 0.493435 0.225957 0.057248 0.024276
0 0.778099 0.618581 0.011029 0.042017
0 0.714023 0.519608 0.017332 0.042017
5 0.656775 0.505602 0.020483 0.073763
3 0.922532 0.753968 0.067752 0.049486
3 0.885767 0.688609 0.069853 0.064426
0 0.376838 0.279645 0.027836 0.049486
3 0.342700 0.350607 0.016282 0.036415
3 0.527574 0.297386 0.014181 0.027077
3 0.509191 0.264706 0.011029 0.017740
9 0.558561 0.369281 0.007878 0.028945
9 0.529412 0.315126 0.008403 0.021475
3 0.314338 0.424370 0.056197 0.032680
3 0.021534 0.498133 0.043067 0.043884
4 0.015231 0.538282 0.030462 0.051354
