3 0.625788 0.590570 0.068803 0.167134
3 0.550945 0.254435 0.038866 0.088702
4 0.543330 0.017740 0.024685 0.035481
3 0.452731 0.888889 0.070378 0.222222
3 0.659926 0.322596 0.060399 0.088702
3 0.379464 0.291783 0.043592 0.105509
3 0.464548 0.200747 0.034139 0.097106
0 0.684611 0.327731 0.018382 0.063492
6 0.335609 0.855275 0.049370 0.184874
1 0.330357 0.876284 0.019958 0.064426
0 0.318540 0.561625 0.016282 0.079365
0 0.312500 0.540616 0.009454 0.059757
1 0.337447 0.841270 0.017332 0.048553
3 0.386029 0.039216 0.036765 0.074697
3 0.478204 0.063959 0.028887 0.066293
4 0.085347 0.524276 0.079307 0.137255
3 0.132878 0.395892 0.070378 0.130719
3 0.842174 0.273109 0.058298 0.081232
5 0.772059 0.089636 0.084034 0.169935
3 0.243960 0.092904 0.037290 0.071895
3 0.271796 0.023343 0.040441 0.046685
1 0.257353 0.162465 0.014706 0.044818
2 0.257090 0.179739 0.013130 0.042017
3 0.097952 0.222689 0.102416 0.071895
0 0.252889 0.411298 0.015231 0.068161
6 0.240809 0.735294 0.062500 0.133520
