3 0.568803 0.668534 0.036765 0.069094
3 0.560662 0.568161 0.028887 0.051354
4 0.539128 0.469188 0.021534 0.045752
3 0.515756 0.379085 0.017857 0.028011
5 0.502101 0.306723 0.012605 0.021475
3 0.623162 0.640523 0.038340 0.056022
3 0.153099 0.549953 0.063550 0.046685
3 0.524422 0.327731 0.013130 0.020542
3 0.284401 0.565826 0.063550 0.046685
3 0.427784 0.439776 0.022584 0.039216
3 0.471376 0.619048 0.034139 0.076564
3 0.467962 0.500000 0.025210 0.045752
3 0.480305 0.448179 0.021534 0.037348
4 0.569065 0.919701 0.048845 0.121382
3 0.469800 0.373483 0.016282 0.029879
3 0.465861 0.402428 0.017857 0.031746
4 0.454832 0.424370 0.018908 0.043884
4 0.432248 0.384220 0.015756 0.034547
3 0.942227 0.955182 0.090336 0.085901
0 0.639443 0.641923 0.014181 0.045752
3 0.182248 0.583567 0.055672 0.057890
3 0.261292 0.515406 0.055147 0.046685
4 0.324055 0.387488 0.043067 0.033613
3 0.365546 0.460317 0.028361 0.037348
0 0.160452 0.917367 0.009979 0.058824
9 0.361607 0.742764 0.019433 0.055089
0 0.746586 0.638189 0.017332 0.040149
9 0.507090 0.563492 0.016282 0.034547
0 0.377363 0.710084 0.016282 0.053221
0 0.363183 0.690476 0.012080 0.045752
6 0.814338 0.696078 0.049895 0.049486
9 0.559349 0.402894 0.012605 0.040149
3 0.045693 0.843137 0.085084 0.082166
6 0.024947 0.948179 0.035189 0.060691
9 0.429359 0.563492 0.012080 0.043884
0 0.228466 0.473856 0.008403 0.028945
0 0.211922 0.461718 0.030987 0.042017
4 0.597164 0.489729 0.024160 0.055089
0 0.487132 0.130252 0.022584 0.040149
0 0.490284 0.177871 0.045693 0.028945
0 0.490809 0.202148 0.057248 0.025210
0 0.799632 0.667134 0.011029 0.042017
0 0.621061 0.606443 0.015231 0.045752
0 0.721901 0.549020 0.016282 0.041083
5 0.655725 0.529879 0.020483 0.073763
6 0.368435 0.533613 0.040441 0.043884
3 0.911502 0.764239 0.069853 0.064426
0 0.520483 0.551821 0.013655 0.044818
0 0.529937 0.538749 0.011555 0.052288
0 0.350578 0.274977 0.027836 0.049486
3 0.320641 0.349673 0.016282 0.036415
3 0.512605 0.241363 0.013655 0.027077
9 0.541229 0.313259 0.007878 0.021475
9 0.502363 0.263772 0.007878 0.021475
3 0.286502 0.437442 0.056197 0.032680
0 0.672532 0.557890 0.009979 0.040149
0 0.681723 0.545285 0.013655 0.041083
