3 0.589811 0.874883 0.048319 0.106443
4 0.564076 0.625584 0.029412 0.069094
5 0.140494 0.893557 0.108718 0.211018
3 0.547532 0.537348 0.024685 0.043884
5 0.484769 0.751634 0.053571 0.147526
5 0.547794 0.469188 0.022059 0.040149
3 0.603992 0.542017 0.027311 0.040149
3 0.342174 0.489262 0.044643 0.033613
3 0.444328 0.471989 0.034664 0.040149
3 0.552521 0.435574 0.016807 0.027077
3 0.478466 0.442110 0.018908 0.034547
3 0.527048 0.399627 0.017332 0.028011
3 0.446429 0.405229 0.018908 0.031746
3 0.496324 0.410831 0.018908 0.035481
3 0.472952 0.394491 0.017332 0.030812
3 0.490809 0.371615 0.015231 0.026144
3 0.487395 0.314659 0.012605 0.022409
3 0.472164 0.327264 0.012605 0.019608
4 0.472426 0.340336 0.012080 0.027077
3 0.825893 0.732493 0.061450 0.075630
0 0.622111 0.542951 0.007878 0.038282
3 0.037815 0.824930 0.075630 0.094304
3 0.065389 0.733427 0.046744 0.094304
3 0.261292 0.500934 0.053046 0.049486
3 0.313288 0.455649 0.047794 0.039216
4 0.358456 0.364613 0.028887 0.030812
3 0.396271 0.416900 0.023634 0.032680
0 0.024422 0.674603 0.048845 0.071895
0 0.245011 0.812792 0.009979 0.058824
9 0.405200 0.599907 0.019433 0.042017
0 0.739758 0.623249 0.017332 0.040149
9 0.508141 0.483193 0.016282 0.034547
0 0.418855 0.577498 0.016282 0.036415
0 0.415704 0.540149 0.012080 0.045752
6 0.756040 0.573763 0.038340 0.034547
9 0.466649 0.542017 0.011029 0.042017
9 0.576418 0.516807 0.013130 0.047619
3 0.172532 0.645658 0.074055 0.060691
3 0.147584 0.749767 0.095588 0.061625
0 0.246061 0.454248 0.016282 0.028945
0 0.267069 0.421569 0.030987 0.042017
4 0.589023 0.446779 0.023634 0.055089
0 0.490284 0.167600 0.022584 0.040149
0 0.494485 0.210551 0.045693 0.028945
0 0.493960 0.233894 0.057248 0.023343
0 0.728729 0.560691 0.011029 0.042017
5 0.635242 0.477124 0.018382 0.069094
3 0.855830 0.665266 0.067752 0.049486
0 0.384191 0.268441 0.027836 0.049486
3 0.526523 0.306723 0.014181 0.027077
3 0.506040 0.274043 0.011029 0.017740
3 0.323529 0.399627 0.048319 0.031746
