3 0.592174 0.796452 0.046744 0.093371
3 0.559349 0.664332 0.031513 0.062558
4 0.555672 0.546685 0.023109 0.055089
3 0.537027 0.469188 0.022584 0.036415
5 0.509979 0.363212 0.014706 0.028011
3 0.622899 0.620915 0.040966 0.052288
3 0.277574 0.544818 0.061450 0.045752
3 0.535977 0.374883 0.015231 0.025210
3 0.422269 0.542017 0.052521 0.045752
3 0.511817 0.333800 0.014181 0.021475
3 0.433561 0.437908 0.022584 0.037348
3 0.487132 0.497666 0.025735 0.050420
3 0.469275 0.455182 0.021534 0.038282
3 0.484769 0.420168 0.017857 0.033613
3 0.475578 0.363212 0.015231 0.026144
3 0.466387 0.382820 0.012605 0.029879
4 0.460084 0.397759 0.014706 0.039216
4 0.454569 0.350607 0.014181 0.028945
3 0.915179 0.913165 0.086660 0.115780
0 0.632616 0.621382 0.014181 0.040149
3 0.203256 0.567694 0.051471 0.056022
3 0.278099 0.507003 0.054097 0.046685
4 0.333771 0.389356 0.039391 0.033613
3 0.373950 0.457049 0.026261 0.036415
0 0.175683 0.918301 0.009979 0.058824
9 0.375263 0.704482 0.019433 0.042017
0 0.751838 0.644725 0.017332 0.040149
9 0.509191 0.549486 0.016282 0.034547
0 0.392595 0.681139 0.016282 0.053221
0 0.384716 0.627918 0.012080 0.045752
6 0.802784 0.662465 0.038340 0.034547
9 0.571166 0.456116 0.013130 0.047619
3 0.073792 0.788515 0.096113 0.081232
3 0.042805 0.960317 0.085609 0.066293
6 0.073267 0.875350 0.029937 0.056956
0 0.022321 0.875350 0.044643 0.064426
9 0.438813 0.514006 0.012080 0.043884
0 0.233456 0.483193 0.016282 0.028945
0 0.225578 0.461718 0.030987 0.042017
4 0.597689 0.487862 0.023109 0.055089
0 0.488183 0.144258 0.022584 0.040149
0 0.491859 0.190009 0.045693 0.028945
0 0.491859 0.213819 0.057248 0.024276
0 0.789128 0.642857 0.011029 0.042017
0 0.712973 0.533613 0.017332 0.042017
5 0.653099 0.520542 0.020483 0.073763
6 0.379989 0.519608 0.040441 0.043884
3 0.939338 0.798786 0.079307 0.066293
3 0.893120 0.719421 0.069853 0.064426
0 0.523372 0.541083 0.015231 0.049486
0 0.530725 0.523343 0.014181 0.056956
0 0.352679 0.285247 0.027836 0.049486
3 0.329569 0.352474 0.016282 0.036415
3 0.517069 0.269374 0.014181 0.027077
3 0.500788 0.241363 0.011029 0.017740
9 0.548057 0.345938 0.007878 0.028945
9 0.516544 0.292717 0.007878 0.021475
3 0.295956 0.433707 0.056197 0.032680
