3 0.570116 0.668534 0.036239 0.069094
3 0.561975 0.565359 0.028361 0.049486
4 0.538078 0.465920 0.021534 0.046685
3 0.515231 0.375817 0.017857 0.027077
5 0.502101 0.306723 0.012605 0.021475
3 0.623950 0.647993 0.035714 0.057890
3 0.140494 0.555556 0.060399 0.046685
3 0.524422 0.327264 0.013130 0.021475
3 0.271796 0.571429 0.066702 0.048553
3 0.508403 0.292250 0.013655 0.022409
3 0.427784 0.443511 0.022584 0.039216
3 0.471639 0.646125 0.034664 0.084034
3 0.467962 0.510271 0.026261 0.047619
3 0.480567 0.455649 0.022059 0.037348
4 0.568015 0.906629 0.047794 0.117647
3 0.468750 0.376284 0.016282 0.029879
3 0.465861 0.408030 0.017857 0.031746
4 0.453519 0.429972 0.019433 0.045752
4 0.430410 0.389823 0.015231 0.034547
0 0.644695 0.650794 0.009979 0.046685
3 0.179359 0.589636 0.056197 0.058824
3 0.259454 0.521008 0.055672 0.046685
4 0.321954 0.389356 0.043067 0.033613
3 0.364496 0.463585 0.028361 0.038282
0 0.155200 0.929505 0.009979 0.058824
9 0.358456 0.754435 0.019433 0.059757
0 0.748162 0.640990 0.017332 0.040149
9 0.507616 0.567227 0.016282 0.034547
0 0.376313 0.716620 0.016282 0.053221
0 0.361082 0.700747 0.012080 0.045752
6 0.818803 0.702614 0.045168 0.042017
9 0.557511 0.400093 0.012080 0.036415
3 0.042805 0.851541 0.083508 0.082166
9 0.427784 0.573763 0.012080 0.043884
0 0.226366 0.473856 0.011555 0.028945
0 0.208771 0.464519 0.030987 0.042017
4 0.599265 0.492530 0.024160 0.055089
0 0.487132 0.129318 0.022584 0.040149
0 0.490284 0.176937 0.045693 0.028945
0 0.490809 0.201214 0.057248 0.025210
0 0.804359 0.673669 0.011029 0.042017
0 0.620536 0.610177 0.015231 0.045752
0 0.723214 0.554622 0.016807 0.041083
5 0.656775 0.534547 0.020483 0.073763
6 0.366859 0.536415 0.040441 0.043884
3 0.918330 0.774977 0.070903 0.065359
0 0.520483 0.556489 0.013655 0.044818
0 0.530462 0.543884 0.012605 0.053221
0 0.350053 0.275910 0.027836 0.049486
3 0.319590 0.349673 0.016282 0.036415
3 0.512868 0.236228 0.013130 0.026144
9 0.540704 0.314192 0.007878 0.021475
9 0.501838 0.263772 0.007878 0.021475
3 0.284926 0.438842 0.056197 0.033613
0 0.674632 0.563492 0.009979 0.040149
0 0.683561 0.549020 0.014181 0.041083
