3 0.577468 0.657330 0.037290 0.067227
3 0.566176 0.537815 0.028361 0.048553
4 0.531250 0.429972 0.020483 0.042017
3 0.513918 0.341270 0.014181 0.025210
5 0.504989 0.281046 0.009979 0.018674
3 0.648897 0.724556 0.037290 0.074697
3 0.028887 0.599440 0.049370 0.044818
3 0.524422 0.304388 0.013130 0.022409
3 0.169118 0.615780 0.068277 0.049486
3 0.510242 0.270308 0.017332 0.025210
3 0.425945 0.463585 0.025210 0.045752
3 0.469013 0.610177 0.032563 0.070028
3 0.482405 0.514939 0.025735 0.049486
4 0.573267 0.859477 0.044643 0.111111
3 0.465599 0.395892 0.021534 0.035481
3 0.469275 0.449580 0.021534 0.042017
4 0.448529 0.487395 0.023109 0.059757
4 0.430410 0.417834 0.019433 0.042017
0 0.694328 0.725490 0.012605 0.050420
4 0.838498 0.639122 0.066702 0.056956
3 0.139706 0.644725 0.065126 0.064426
3 0.237132 0.559290 0.066702 0.056022
4 0.311187 0.401494 0.045693 0.037348
3 0.355042 0.486928 0.030462 0.043884
9 0.339548 0.872549 0.019433 0.060691
0 0.789128 0.690476 0.017332 0.040149
9 0.510242 0.618581 0.016282 0.034547
0 0.361082 0.814659 0.016282 0.053221
6 0.887342 0.806723 0.056197 0.061625
9 0.555147 0.378151 0.012605 0.039216
9 0.414653 0.714753 0.012080 0.062558
6 0.352153 0.728758 0.048845 0.049486
9 0.347164 0.682540 0.033613 0.046685
0 0.210872 0.500000 0.016282 0.028945
0 0.180410 0.500934 0.039391 0.056956
4 0.612920 0.528945 0.024160 0.055089
0 0.486082 0.121849 0.022584 0.040149
0 0.488708 0.169468 0.045693 0.028945
0 0.489758 0.197012 0.057248 0.029879
0 0.864758 0.764239 0.011029 0.042017
0 0.627363 0.681139 0.015231 0.045752
0 0.756040 0.599907 0.017332 0.042017
5 0.680935 0.570028 0.020483 0.073763
6 0.358193 0.580299 0.040966 0.043884
0 0.521796 0.604575 0.015231 0.049486
0 0.535977 0.588702 0.014181 0.056956
0 0.347426 0.277778 0.027836 0.049486
3 0.310137 0.359944 0.016282 0.036415
9 0.539128 0.302054 0.007878 0.021475
9 0.495536 0.246965 0.007878 0.021475
5 0.746061 0.733894 0.066702 0.140056
3 0.271271 0.457983 0.056197 0.040149
9 0.433036 0.352474 0.008929 0.025210
9 0.454044 0.303455 0.007878 0.018674
0 0.702994 0.606443 0.012080 0.042017
0 0.699317 0.589169 0.014181 0.041083
6 0.343750 0.538282 0.020483 0.043884
