3 0.589286 0.876284 0.048319 0.107376
4 0.563550 0.625584 0.029412 0.069094
5 0.145483 0.889356 0.106092 0.217554
3 0.547269 0.536415 0.024160 0.042017
5 0.484506 0.736228 0.051996 0.140990
5 0.547532 0.469188 0.021534 0.040149
3 0.603204 0.539216 0.026786 0.040149
3 0.345063 0.488329 0.043067 0.031746
3 0.445378 0.469188 0.034664 0.040149
3 0.552521 0.435107 0.016807 0.028011
3 0.478466 0.439776 0.018908 0.033613
3 0.527311 0.399627 0.016807 0.028011
3 0.446429 0.404295 0.018908 0.031746
3 0.496324 0.409430 0.018908 0.034547
3 0.472952 0.393091 0.017332 0.029879
3 0.490809 0.370215 0.015231 0.027077
3 0.487395 0.313725 0.012605 0.022409
3 0.471901 0.325864 0.013130 0.020542
4 0.472426 0.338936 0.012080 0.026144
3 0.822479 0.727358 0.060924 0.074697
0 0.621061 0.540149 0.007878 0.038282
3 0.039916 0.818394 0.077731 0.094304
3 0.068015 0.725957 0.046744 0.094304
3 0.262342 0.498133 0.051996 0.049486
3 0.314338 0.453782 0.047794 0.039216
4 0.359244 0.363212 0.028361 0.029879
3 0.396534 0.415500 0.023109 0.031746
0 0.026523 0.668067 0.053046 0.071895
0 0.247637 0.806256 0.009979 0.058824
9 0.405725 0.596172 0.019433 0.042017
0 0.737658 0.621382 0.017332 0.040149
9 0.507616 0.480392 0.016282 0.034547
0 0.418855 0.573763 0.016282 0.036415
0 0.415704 0.537348 0.012080 0.045752
6 0.753939 0.570962 0.038340 0.034547
9 0.467174 0.536415 0.011029 0.042017
9 0.576418 0.516807 0.013130 0.047619
3 0.175158 0.640990 0.074055 0.060691
3 0.150998 0.742764 0.092962 0.060691
0 0.246849 0.451914 0.015756 0.028011
0 0.268120 0.420635 0.030987 0.042017
4 0.589023 0.444911 0.023634 0.055089
0 0.490284 0.167600 0.022584 0.040149
0 0.494485 0.210551 0.045693 0.028945
0 0.493960 0.233894 0.057248 0.023343
0 0.726628 0.557890 0.011029 0.042017
5 0.634716 0.477591 0.018382 0.071895
3 0.852153 0.659664 0.067752 0.049486
0 0.385242 0.267507 0.027836 0.049486
3 0.526523 0.306723 0.014181 0.027077
3 0.506040 0.274043 0.011029 0.017740
3 0.324580 0.397759 0.048319 0.031746
