3 0.577994 0.710551 0.040441 0.078431
3 0.557511 0.602241 0.028887 0.057890
4 0.550158 0.501867 0.022584 0.051354
3 0.526261 0.416433 0.019958 0.029879
5 0.506040 0.328198 0.014181 0.025210
3 0.620798 0.614379 0.040966 0.050420
3 0.225053 0.537815 0.064601 0.042951
3 0.530725 0.345472 0.014181 0.022409
3 0.368697 0.542951 0.051471 0.043884
3 0.509454 0.307190 0.013655 0.020542
3 0.431460 0.430906 0.022584 0.038282
3 0.479254 0.523810 0.027836 0.056022
3 0.469538 0.463119 0.023109 0.041083
3 0.482931 0.422969 0.018382 0.033613
3 0.473214 0.359477 0.015756 0.028011
3 0.464811 0.381419 0.014706 0.030812
4 0.458246 0.400093 0.016282 0.040149
4 0.443277 0.357143 0.016807 0.030812
3 0.916229 0.915966 0.088761 0.123249
0 0.629464 0.614379 0.014181 0.039216
3 0.198004 0.560691 0.052521 0.056956
3 0.271796 0.499066 0.054097 0.045752
4 0.329307 0.382353 0.040966 0.034547
3 0.371324 0.448646 0.027311 0.036415
0 0.170956 0.904295 0.009979 0.058824
9 0.371586 0.708217 0.019433 0.042017
0 0.746586 0.638189 0.017332 0.040149
9 0.505515 0.542017 0.016282 0.034547
0 0.384191 0.674603 0.016282 0.053221
0 0.374737 0.642857 0.012080 0.045752
6 0.803834 0.666200 0.047794 0.053221
9 0.566964 0.425303 0.013130 0.047619
3 0.063288 0.789449 0.095063 0.081232
3 0.034926 0.967787 0.069853 0.058824
6 0.061712 0.882820 0.035189 0.060691
0 0.018120 0.874416 0.036239 0.064426
9 0.434611 0.528011 0.012080 0.043884
0 0.231880 0.475724 0.012080 0.028945
0 0.221901 0.456116 0.030987 0.042017
4 0.595851 0.479458 0.024685 0.055089
0 0.487658 0.137722 0.022584 0.040149
0 0.491334 0.184407 0.045693 0.028945
0 0.491334 0.208683 0.057248 0.025210
0 0.787027 0.638189 0.011029 0.042017
0 0.636292 0.582166 0.015231 0.045752
0 0.710872 0.534547 0.017332 0.042017
5 0.652574 0.516807 0.020483 0.073763
6 0.375788 0.509337 0.040441 0.043884
3 0.939338 0.798786 0.079307 0.066293
3 0.893645 0.722222 0.069853 0.064426
0 0.521534 0.533147 0.012605 0.042951
0 0.528099 0.520075 0.011029 0.050420
0 0.352153 0.278711 0.027836 0.049486
3 0.325368 0.350607 0.016282 0.036415
3 0.514443 0.251634 0.014181 0.027077
9 0.544118 0.322129 0.007353 0.022409
9 0.509716 0.272176 0.007878 0.021475
3 0.294380 0.428105 0.056197 0.032680
