3 0.557511 0.450047 0.033088 0.056022
3 0.554622 0.340336 0.025210 0.043884
4 0.519433 0.239963 0.017857 0.039216
3 0.510767 0.160598 0.013130 0.022409
3 0.726891 0.881419 0.052521 0.134454
3 0.523634 0.139122 0.015756 0.024276
3 0.412027 0.424370 0.032038 0.062558
3 0.477153 0.771709 0.049895 0.140990
4 0.592437 0.669001 0.038866 0.101774
3 0.456933 0.368347 0.025210 0.047619
3 0.449055 0.564893 0.036765 0.085901
4 0.403887 0.774043 0.047269 0.149393
4 0.420168 0.359010 0.024160 0.058824
4 0.826418 0.699813 0.094013 0.090570
3 0.051733 0.759570 0.103466 0.109244
3 0.157300 0.584034 0.090861 0.079365
4 0.272321 0.328665 0.056197 0.044818
3 0.317752 0.459851 0.035714 0.060691
0 0.013130 0.227824 0.014706 0.063492
2 0.019695 0.251634 0.033088 0.043884
2 0.053309 0.236228 0.021534 0.057890
1 0.056723 0.231092 0.022059 0.055089
2 0.072479 0.208683 0.016807 0.038282
1 0.070641 0.200280 0.017332 0.043884
0 0.032300 0.346872 0.019433 0.070028
6 0.326418 0.297386 0.038340 0.098039
0 0.896534 0.742297 0.017857 0.063492
9 0.524422 0.687675 0.016282 0.056956
9 0.549632 0.214753 0.012080 0.035481
6 0.292805 0.910831 0.065651 0.081232
9 0.294905 0.823996 0.044643 0.071895
0 0.145221 0.451447 0.016282 0.028945
0 0.082983 0.493931 0.053571 0.076564
0 0.169905 0.689542 0.013130 0.056956
0 0.192489 0.677404 0.014181 0.051354
4 0.654937 0.532680 0.044118 0.084967
0 0.485557 0.017274 0.022584 0.034547
0 0.487658 0.049953 0.045693 0.028945
0 0.486082 0.092437 0.056197 0.056022
0 0.664653 0.809524 0.014181 0.078431
0 0.865284 0.642857 0.016282 0.058824
0 0.808298 0.741830 0.017857 0.058824
5 0.747111 0.590570 0.037290 0.109244
9 0.945641 0.701681 0.030987 0.051354
6 0.315389 0.607376 0.062500 0.053221
0 0.540704 0.645191 0.014181 0.056022
0 0.556460 0.622316 0.014181 0.058824
0 0.983456 0.782913 0.020483 0.068161
0 0.944590 0.654062 0.014181 0.042017
0 0.968750 0.641923 0.014181 0.047619
3 0.275473 0.274043 0.016282 0.036415
0 0.732405 0.258170 0.007878 0.038282
0 0.653099 0.297386 0.006828 0.053221
0 0.660977 0.290850 0.007878 0.040149
0 0.668855 0.297386 0.011029 0.045752
0 0.298057 0.245098 0.011029 0.038282
0 0.308561 0.242297 0.013130 0.032680
4 0.033613 0.410364 0.067227 0.084967
5 0.858981 0.894024 0.127626 0.208217
3 0.337185 0.386088 0.048319 0.030812
9 0.419905 0.253968 0.007878 0.031746
9 0.449842 0.234360 0.007878 0.024276
0 0.781250 0.619514 0.012080 0.051354
0 0.773897 0.627918 0.014181 0.047619
6 0.302258 0.546218 0.028887 0.054155
4 0.355567 0.138655 0.032563 0.036415
