3 0.637342 0.612512 0.067752 0.171802
3 0.563288 0.264239 0.041492 0.091503
4 0.548845 0.024276 0.027311 0.048553
3 0.719538 0.568627 0.080882 0.145658
3 0.342174 0.678338 0.063550 0.195145
3 0.462447 0.622782 0.056197 0.197946
0 0.765231 0.597106 0.019958 0.079365
3 0.376313 0.149860 0.041492 0.096172
3 0.480830 0.327731 0.038340 0.125117
3 0.429622 0.123249 0.035714 0.087768
3 0.041492 0.710551 0.082983 0.214753
3 0.945116 0.489729 0.082458 0.127918
5 0.843225 0.217087 0.111870 0.241830
3 0.201155 0.226424 0.046218 0.105509
3 0.239758 0.114379 0.046744 0.079365
1 0.175945 0.443044 0.019958 0.055089
2 0.177521 0.459384 0.024160 0.069094
4 0.764181 0.096172 0.040966 0.082166
0 0.592437 0.054155 0.007353 0.046685
3 0.104254 0.116713 0.061450 0.074697
4 0.910714 0.102708 0.038866 0.084034
0 0.189076 0.731559 0.018908 0.083100
6 0.933036 0.039683 0.055147 0.064426
3 0.850053 0.031746 0.038340 0.061625
