3 0.640494 0.955649 0.059349 0.086835
3 0.585872 0.781046 0.041492 0.084967
4 0.566964 0.600373 0.026786 0.061625
3 0.560137 0.531279 0.023634 0.041083
5 0.528361 0.420168 0.018908 0.031746
3 0.632616 0.608777 0.039391 0.048553
3 0.218750 0.530812 0.054097 0.042017
3 0.391019 0.534547 0.047794 0.045752
3 0.550158 0.412698 0.016282 0.026144
3 0.471639 0.506536 0.026261 0.043884
3 0.522321 0.369748 0.015231 0.024276
3 0.443803 0.434641 0.022059 0.036415
3 0.500525 0.463119 0.022059 0.042951
3 0.476628 0.434641 0.019433 0.034547
3 0.492910 0.407563 0.017332 0.030812
3 0.483981 0.349673 0.014181 0.025210
3 0.473477 0.366480 0.013130 0.025210
4 0.469800 0.380019 0.014181 0.033613
4 0.469800 0.326331 0.012080 0.027077
3 0.916492 0.879085 0.082983 0.109244
0 0.642857 0.607376 0.013655 0.040149
3 0.227416 0.561158 0.052521 0.050420
3 0.294118 0.503268 0.054622 0.046685
4 0.346639 0.389823 0.032563 0.030812
3 0.387080 0.452381 0.026261 0.036415
0 0.198792 0.929505 0.009979 0.058824
9 0.397321 0.691410 0.019433 0.042017
0 0.768120 0.663399 0.017332 0.040149
9 0.517069 0.541083 0.016282 0.034547
0 0.409401 0.663399 0.016282 0.053221
0 0.405725 0.611111 0.012080 0.045752
6 0.804884 0.646592 0.038340 0.034547
9 0.441702 0.780112 0.012605 0.051354
9 0.582195 0.500000 0.013130 0.047619
3 0.108456 0.764239 0.096113 0.081232
3 0.068540 0.917367 0.105567 0.066293
6 0.114233 0.847339 0.025735 0.055089
0 0.046481 0.843604 0.058298 0.064426
9 0.449842 0.498133 0.012080 0.043884
0 0.238183 0.490663 0.016282 0.028945
0 0.242910 0.457983 0.030987 0.042017
4 0.604254 0.485994 0.023634 0.055089
0 0.489233 0.154528 0.022584 0.040149
0 0.492910 0.199346 0.045693 0.028945
0 0.492910 0.223156 0.057248 0.024276
0 0.790704 0.635387 0.011029 0.042017
0 0.716649 0.530812 0.017332 0.042017
5 0.656775 0.512138 0.020483 0.073763
3 0.934874 0.774977 0.069328 0.052288
3 0.894695 0.707283 0.069853 0.064426
9 0.814338 0.847339 0.022584 0.077498
0 0.375788 0.281513 0.027836 0.049486
3 0.338498 0.357143 0.016282 0.036415
3 0.524947 0.291783 0.014181 0.027077
3 0.506040 0.260037 0.011029 0.017740
9 0.558036 0.367414 0.007878 0.028945
9 0.528624 0.311391 0.007878 0.021475
3 0.310137 0.430906 0.056197 0.032680
3 0.016544 0.507470 0.033088 0.043884
