3 0.569590 0.574697 0.038340 0.066293
3 0.558298 0.450980 0.026261 0.046685
4 0.520483 0.348273 0.016807 0.041083
3 0.510767 0.261905 0.013130 0.023343
5 0.500525 0.211018 0.010504 0.020542
3 0.691176 0.831466 0.046218 0.105509
3 0.521796 0.232026 0.016282 0.028945
3 0.508666 0.199346 0.017332 0.025210
3 0.414916 0.465920 0.029412 0.057890
3 0.470588 0.938375 0.059874 0.119514
3 0.475840 0.637255 0.035714 0.084967
4 0.582195 0.792717 0.041492 0.112045
3 0.455620 0.401961 0.022584 0.042017
3 0.456670 0.517274 0.028887 0.063492
4 0.423845 0.617180 0.033613 0.093371
4 0.422269 0.412698 0.024160 0.052288
4 0.836397 0.697946 0.083508 0.075630
3 0.065914 0.728758 0.098214 0.090570
3 0.186975 0.597106 0.078782 0.068161
4 0.286239 0.393091 0.052521 0.044818
3 0.330357 0.504669 0.034664 0.053221
0 0.850578 0.742764 0.017332 0.040149
9 0.515494 0.698880 0.016282 0.056956
9 0.548845 0.306256 0.012605 0.031746
6 0.311712 0.860411 0.065651 0.081232
9 0.311450 0.809524 0.038866 0.050420
0 0.168855 0.499066 0.016282 0.038282
0 0.124212 0.516807 0.054097 0.062558
0 0.211922 0.655462 0.013130 0.057890
0 0.230305 0.648459 0.014181 0.051354
4 0.636555 0.555089 0.032563 0.073763
0 0.483981 0.075163 0.022584 0.040149
0 0.487132 0.116246 0.045693 0.028945
0 0.487920 0.160598 0.056723 0.063492
0 0.968225 0.887488 0.011029 0.042017
0 0.637342 0.772642 0.015231 0.045752
0 0.812763 0.651261 0.017332 0.042017
0 0.760242 0.733427 0.017332 0.047619
5 0.717174 0.598973 0.021534 0.075630
9 0.941702 0.680672 0.030462 0.050420
6 0.328519 0.625117 0.056197 0.051354
0 0.532826 0.665266 0.015231 0.049486
0 0.546481 0.652194 0.014181 0.056956
0 0.919380 0.764239 0.020483 0.068161
0 0.892595 0.665733 0.014181 0.042951
0 0.908876 0.669001 0.014181 0.047619
0 0.331933 0.223623 0.027311 0.047619
3 0.285977 0.340336 0.016282 0.036415
9 0.538603 0.235761 0.007878 0.021475
5 0.810399 0.859010 0.111345 0.197946
3 0.242647 0.470588 0.055672 0.054155
9 0.424107 0.320261 0.007878 0.031746
9 0.450368 0.286648 0.007878 0.018674
0 0.752626 0.640990 0.011555 0.051354
0 0.739233 0.640523 0.014181 0.046685
6 0.316702 0.565826 0.021008 0.048553
