3 0.624475 0.595705 0.067227 0.166200
3 0.549632 0.260971 0.039391 0.092437
4 0.542805 0.018207 0.023634 0.036415
3 0.456408 0.729225 0.060924 0.240896
3 0.652048 0.285714 0.056197 0.085901
3 0.387605 0.234360 0.042017 0.091503
3 0.463498 0.143791 0.032038 0.085901
0 0.674632 0.280579 0.016282 0.060691
6 0.356880 0.677404 0.040441 0.152194
1 0.351891 0.685808 0.017857 0.053221
0 0.326418 0.496732 0.014181 0.072829
0 0.320903 0.476657 0.008403 0.056956
1 0.357668 0.656863 0.014706 0.045752
3 0.388918 0.028478 0.034139 0.056956
3 0.477679 0.027544 0.027836 0.055089
4 0.105567 0.464052 0.074580 0.132586
3 0.148897 0.343604 0.066702 0.121382
3 0.826681 0.240430 0.056723 0.081232
5 0.766282 0.074230 0.081933 0.148459
3 0.250263 0.070495 0.036239 0.070028
1 0.269695 0.124650 0.013130 0.040149
2 0.269170 0.140056 0.009979 0.037348
3 0.112658 0.194678 0.102416 0.071895
0 0.263393 0.360878 0.015231 0.064426
6 0.256565 0.656863 0.062500 0.133520
