3 0.591649 0.872082 0.047794 0.106443
4 0.565914 0.627918 0.028887 0.070028
5 0.130777 0.907096 0.110294 0.182073
3 0.548845 0.540149 0.025210 0.045752
5 0.485819 0.797386 0.058824 0.166200
5 0.548319 0.469188 0.022059 0.038282
3 0.607668 0.551354 0.029412 0.042017
3 0.333771 0.493464 0.048845 0.038282
3 0.441176 0.479925 0.036765 0.041083
3 0.552521 0.435574 0.016807 0.027077
3 0.477941 0.448179 0.018908 0.035481
3 0.526523 0.398226 0.017332 0.027077
3 0.446166 0.408964 0.019433 0.031746
3 0.496586 0.416433 0.019433 0.035481
3 0.472952 0.398693 0.017332 0.031746
3 0.490809 0.376284 0.015231 0.026144
3 0.487395 0.318394 0.012605 0.022409
3 0.472689 0.331466 0.012605 0.020542
4 0.472426 0.344538 0.012080 0.028011
3 0.837185 0.749767 0.064076 0.078431
0 0.624737 0.550887 0.006828 0.039216
3 0.032038 0.847806 0.064076 0.098973
3 0.053046 0.752101 0.049370 0.101774
3 0.258141 0.507003 0.053046 0.048553
3 0.311187 0.460784 0.047794 0.038282
4 0.356880 0.367880 0.029937 0.031746
3 0.394958 0.422035 0.025210 0.033613
0 0.238708 0.832400 0.009979 0.058824
9 0.404149 0.611111 0.019433 0.042017
0 0.744485 0.631653 0.017332 0.040149
9 0.509716 0.489729 0.016282 0.034547
0 0.418330 0.587768 0.016282 0.036415
0 0.414653 0.547619 0.012080 0.045752
6 0.762342 0.584034 0.038340 0.034547
9 0.465599 0.558824 0.011029 0.042017
9 0.577994 0.516807 0.013130 0.047619
3 0.164653 0.658730 0.074055 0.060691
3 0.136817 0.769841 0.104517 0.064426
0 0.244485 0.460784 0.016282 0.028945
0 0.263918 0.426237 0.030987 0.042017
4 0.590599 0.453315 0.023634 0.055089
0 0.490284 0.166667 0.022584 0.040149
0 0.494485 0.209617 0.045693 0.028945
0 0.493960 0.232960 0.057248 0.023343
0 0.735032 0.569094 0.011029 0.042017
0 0.688550 0.489262 0.016807 0.041083
5 0.638393 0.476190 0.018382 0.061625
3 0.865809 0.682073 0.067752 0.049486
3 0.839023 0.627918 0.069853 0.064426
0 0.382616 0.271242 0.027836 0.049486
3 0.526523 0.304855 0.014181 0.027077
3 0.506565 0.272176 0.011029 0.017740
3 0.322479 0.402894 0.051471 0.032680
