3 0.587973 0.874416 0.048845 0.103641
4 0.562500 0.619514 0.028361 0.068161
5 0.172532 0.843604 0.096113 0.226891
3 0.544643 0.530345 0.024160 0.039216
5 0.485032 0.655462 0.047794 0.113912
5 0.546218 0.467787 0.019958 0.037348
3 0.597952 0.521475 0.024685 0.038282
3 0.366597 0.472456 0.038866 0.031746
3 0.451943 0.453782 0.030987 0.039216
3 0.551733 0.434174 0.016282 0.028011
3 0.479779 0.426704 0.018382 0.031746
3 0.527836 0.401027 0.016807 0.028945
3 0.447742 0.396359 0.018382 0.030812
3 0.495798 0.397759 0.017857 0.033613
3 0.472689 0.384687 0.017857 0.029879
3 0.490546 0.361811 0.014706 0.027077
3 0.487658 0.306723 0.012080 0.023343
3 0.471113 0.316993 0.012605 0.017740
4 0.472952 0.330999 0.011029 0.023343
3 0.801471 0.693277 0.054622 0.068161
0 0.615284 0.523343 0.007878 0.036415
3 0.025210 0.765640 0.050420 0.082166
3 0.072742 0.764706 0.068803 0.080299
3 0.093487 0.686275 0.038866 0.082166
3 0.273109 0.484127 0.050420 0.051354
3 0.320641 0.442110 0.047794 0.040149
4 0.362132 0.357143 0.026786 0.028945
3 0.399160 0.406162 0.021008 0.029879
0 0.039653 0.631653 0.079307 0.071895
0 0.261817 0.767974 0.009979 0.058824
9 0.407826 0.573763 0.019433 0.042017
0 0.727153 0.606443 0.017332 0.040149
9 0.506565 0.471989 0.016282 0.034547
0 0.420431 0.554155 0.016282 0.036415
0 0.417279 0.522409 0.012080 0.045752
6 0.740809 0.552288 0.038340 0.034547
9 0.468750 0.508403 0.011029 0.042017
9 0.572216 0.505602 0.013130 0.047619
3 0.193015 0.612045 0.074055 0.060691
3 0.170956 0.704482 0.081408 0.056956
0 0.274947 0.412232 0.030987 0.042017
4 0.585872 0.430906 0.023634 0.055089
0 0.490809 0.171335 0.022584 0.040149
0 0.495011 0.213352 0.045693 0.028945
0 0.494485 0.237628 0.057248 0.023343
0 0.714548 0.542017 0.011029 0.042017
3 0.831145 0.631653 0.064601 0.049486
0 0.388918 0.262838 0.027836 0.049486
3 0.527048 0.309524 0.014181 0.027077
3 0.506565 0.275910 0.011029 0.017740
3 0.331933 0.390289 0.048319 0.031746
