3 0.610557 0.867414 0.050945 0.110177
3 0.568015 0.711018 0.036239 0.073763
4 0.560924 0.570495 0.023109 0.057890
3 0.548582 0.501401 0.025735 0.039216
5 0.516282 0.387021 0.015756 0.030812
3 0.627101 0.620448 0.039916 0.049486
3 0.156513 0.536415 0.050420 0.040149
3 0.316176 0.548086 0.051471 0.042951
3 0.541754 0.391223 0.015231 0.024276
3 0.449580 0.532213 0.039916 0.046685
3 0.515756 0.349673 0.014706 0.023343
3 0.437237 0.439776 0.021534 0.037348
3 0.493697 0.484127 0.024160 0.047619
3 0.472689 0.448646 0.021008 0.036415
3 0.487920 0.416900 0.017857 0.032680
3 0.479254 0.358543 0.015231 0.026144
3 0.469013 0.377218 0.012605 0.028011
4 0.464286 0.393557 0.014706 0.040149
4 0.460347 0.340803 0.013130 0.026144
3 0.918592 0.906162 0.088235 0.114846
0 0.638393 0.618581 0.014181 0.040149
3 0.211134 0.567227 0.051471 0.055089
3 0.283088 0.509337 0.054622 0.047619
4 0.338498 0.390289 0.037290 0.031746
3 0.379464 0.457983 0.025735 0.036415
0 0.179359 0.935107 0.009979 0.058824
9 0.385242 0.702614 0.019433 0.042017
0 0.761292 0.658730 0.017332 0.040149
9 0.512868 0.550420 0.016282 0.034547
0 0.399422 0.676471 0.016282 0.053221
0 0.394170 0.621382 0.012080 0.045752
6 0.804884 0.660598 0.038340 0.034547
9 0.575368 0.479458 0.013130 0.047619
3 0.088498 0.795051 0.096113 0.081232
3 0.048582 0.953782 0.097164 0.066293
6 0.086397 0.870682 0.025735 0.055089
0 0.025210 0.875350 0.050420 0.064426
9 0.442489 0.511204 0.012080 0.043884
0 0.234506 0.490663 0.016282 0.028945
0 0.230830 0.465453 0.030987 0.042017
4 0.600578 0.496265 0.023634 0.055089
0 0.488708 0.147993 0.022584 0.040149
0 0.492384 0.193744 0.045693 0.028945
0 0.492384 0.217554 0.057248 0.024276
0 0.790179 0.645658 0.011029 0.042017
0 0.714548 0.532680 0.017332 0.042017
5 0.655725 0.520542 0.020483 0.073763
3 0.938550 0.794585 0.077731 0.063492
3 0.895746 0.720355 0.069853 0.064426
0 0.527048 0.538282 0.015231 0.049486
0 0.535977 0.524276 0.014181 0.056956
0 0.353729 0.289916 0.027836 0.049486
3 0.332721 0.359010 0.016282 0.036415
3 0.519695 0.279645 0.014181 0.027077
3 0.501838 0.250700 0.011029 0.017740
9 0.552258 0.354342 0.007878 0.028945
9 0.522321 0.300187 0.007878 0.021475
3 0.300158 0.435574 0.056197 0.032680
