3 0.576943 0.657330 0.037290 0.067227
3 0.566439 0.540616 0.028887 0.048553
4 0.532826 0.432773 0.020483 0.042017
3 0.514181 0.343604 0.014706 0.026144
5 0.504464 0.283847 0.011029 0.018674
3 0.644433 0.707750 0.036765 0.070962
3 0.041754 0.589636 0.060399 0.047619
3 0.524947 0.305322 0.012080 0.018674
3 0.184349 0.605042 0.067227 0.048553
3 0.509716 0.269374 0.017332 0.025210
3 0.425683 0.458450 0.025735 0.042951
3 0.474790 0.932773 0.055672 0.130719
3 0.469013 0.588235 0.031513 0.067227
3 0.482405 0.501867 0.023634 0.047619
4 0.572216 0.859477 0.044643 0.111111
3 0.466912 0.389356 0.021008 0.035481
3 0.469800 0.438842 0.020483 0.041083
4 0.450368 0.473389 0.022584 0.057890
4 0.430410 0.411298 0.019433 0.040149
0 0.685399 0.709617 0.012605 0.050420
4 0.836134 0.627451 0.061975 0.056022
3 0.146008 0.633053 0.063025 0.063492
3 0.240809 0.549953 0.064601 0.054155
4 0.313288 0.396359 0.044643 0.036415
3 0.357143 0.479458 0.030462 0.043884
9 0.343750 0.847339 0.019433 0.060691
0 0.782300 0.677404 0.017332 0.040149
9 0.509716 0.608310 0.016282 0.034547
0 0.364233 0.795051 0.016282 0.053221
0 0.346901 0.800654 0.012080 0.045752
6 0.873950 0.778711 0.051471 0.054155
9 0.555147 0.379552 0.012605 0.042017
9 0.417279 0.688142 0.012080 0.059757
6 0.356355 0.712885 0.048845 0.049486
0 0.213498 0.494398 0.016282 0.028945
0 0.184874 0.493931 0.037815 0.054155
4 0.610557 0.520542 0.023634 0.055089
0 0.486607 0.122782 0.022584 0.040149
0 0.489758 0.171335 0.045693 0.028945
0 0.490284 0.195612 0.057248 0.025210
0 0.853204 0.753035 0.011029 0.042017
0 0.625263 0.669001 0.015231 0.045752
0 0.750788 0.589636 0.017332 0.042017
5 0.677258 0.561625 0.020483 0.073763
6 0.359506 0.570962 0.041492 0.043884
0 0.520746 0.593371 0.015231 0.049486
0 0.534401 0.578431 0.014181 0.056956
0 0.347952 0.276844 0.027836 0.049486
3 0.311712 0.356209 0.016282 0.036415
3 0.513918 0.222689 0.009979 0.021475
9 0.539128 0.301120 0.007878 0.021475
9 0.496586 0.247899 0.007878 0.021475
5 0.738708 0.717087 0.065651 0.138189
3 0.273897 0.451447 0.056197 0.040149
9 0.433298 0.349206 0.009454 0.022409
9 0.454044 0.298786 0.007878 0.018674
0 0.696691 0.596172 0.012080 0.040149
0 0.695641 0.577965 0.014181 0.041083
6 0.346113 0.529412 0.019958 0.042951
