3 0.624737 0.592437 0.067752 0.165266
3 0.550420 0.257703 0.038866 0.089636
4 0.543330 0.017740 0.024685 0.035481
3 0.454307 0.816527 0.066176 0.262372
3 0.655462 0.302521 0.058824 0.087768
3 0.383403 0.261438 0.043067 0.097106
3 0.463235 0.170868 0.032563 0.091503
0 0.679622 0.302054 0.017857 0.062558
6 0.346639 0.763305 0.046218 0.172736
1 0.341124 0.775444 0.018382 0.056956
0 0.322216 0.526611 0.015231 0.076564
0 0.316702 0.506536 0.008403 0.056956
1 0.347952 0.744631 0.015231 0.045752
3 0.387342 0.033613 0.035189 0.067227
3 0.477679 0.042951 0.027836 0.065359
4 0.095588 0.494398 0.079832 0.137255
3 0.141807 0.364146 0.070378 0.128852
3 0.835084 0.255836 0.057773 0.084034
5 0.771534 0.081232 0.085084 0.160598
3 0.247111 0.082633 0.037290 0.071895
1 0.263393 0.143324 0.014181 0.042017
2 0.263130 0.159664 0.011555 0.039216
3 0.105305 0.208683 0.102416 0.071895
0 0.258141 0.386088 0.015231 0.066293
6 0.248687 0.696078 0.062500 0.133520
