3 0.576943 0.854809 0.045693 0.101774
4 0.554622 0.603641 0.029412 0.066293
3 0.344275 0.941176 0.060399 0.113912
3 0.161239 0.902894 0.080882 0.130719
3 0.493697 0.881886 0.037815 0.133520
5 0.246324 0.670401 0.064076 0.151261
3 0.540441 0.512605 0.025210 0.039216
5 0.482143 0.509804 0.031513 0.065359
5 0.535452 0.454715 0.017332 0.033613
3 0.579569 0.473856 0.022584 0.036415
3 0.436712 0.441643 0.038340 0.033613
3 0.462447 0.412232 0.020483 0.032680
3 0.545956 0.429038 0.016282 0.028945
3 0.481092 0.395425 0.014706 0.027077
3 0.527311 0.403828 0.016807 0.025210
3 0.451418 0.375817 0.016282 0.027077
3 0.492384 0.371615 0.015231 0.028011
3 0.471901 0.360878 0.017332 0.025210
3 0.489758 0.342204 0.013130 0.025210
4 0.871849 0.846872 0.058824 0.115780
0 0.632616 0.781046 0.009979 0.056956
3 0.740021 0.593371 0.039916 0.051354
3 0.104779 0.823996 0.097164 0.075630
4 0.111607 0.694678 0.073004 0.112045
3 0.113445 0.635854 0.049370 0.065359
3 0.160714 0.633987 0.044118 0.059757
3 0.094013 0.608777 0.050420 0.052288
3 0.171218 0.583567 0.030462 0.065359
4 0.300420 0.440243 0.031513 0.034547
3 0.340074 0.410831 0.039391 0.031746
0 0.082721 0.551354 0.086660 0.071895
0 0.300683 0.651261 0.012080 0.058824
0 0.694065 0.544818 0.017332 0.040149
9 0.501313 0.433707 0.016282 0.034547
0 0.431723 0.493931 0.013655 0.035481
6 0.701418 0.493464 0.038340 0.034547
9 0.469013 0.442577 0.010504 0.041083
9 0.562500 0.486461 0.012605 0.046685
3 0.241071 0.530345 0.073529 0.059757
0 0.299632 0.390756 0.030987 0.042017
4 0.571954 0.408030 0.023109 0.054155
0 0.491859 0.186275 0.022584 0.040149
0 0.495011 0.223623 0.045693 0.028945
0 0.494485 0.252568 0.057248 0.023343
