3 0.594800 0.859944 0.048845 0.104575
4 0.568015 0.625584 0.029937 0.069094
5 0.109506 0.939309 0.113971 0.119514
3 0.553571 0.544351 0.024160 0.042951
5 0.491597 0.910364 0.073529 0.175537
5 0.546744 0.464519 0.024160 0.040149
3 0.618172 0.567227 0.034664 0.045752
3 0.308298 0.505135 0.054622 0.044818
3 0.432511 0.497666 0.043592 0.044818
3 0.554097 0.433707 0.016807 0.027077
3 0.478204 0.463119 0.020483 0.037348
3 0.526523 0.393557 0.017332 0.027077
3 0.445903 0.416900 0.021008 0.032680
3 0.498950 0.428105 0.019958 0.038282
3 0.474790 0.408497 0.017857 0.030812
3 0.492122 0.386088 0.016807 0.027077
3 0.487132 0.326331 0.013130 0.021475
3 0.474002 0.341270 0.013130 0.023343
4 0.471901 0.354342 0.013130 0.030812
3 0.862920 0.788982 0.069328 0.085901
0 0.632090 0.567227 0.006828 0.038282
3 0.028887 0.796919 0.052521 0.112979
3 0.243960 0.522876 0.053046 0.050420
3 0.307511 0.473856 0.047794 0.038282
4 0.354517 0.373483 0.030462 0.031746
3 0.392857 0.430906 0.026261 0.034547
0 0.227679 0.869748 0.009979 0.058824
9 0.402048 0.636321 0.019433 0.042017
0 0.755515 0.648459 0.017332 0.040149
9 0.512868 0.506536 0.016282 0.034547
0 0.416754 0.609244 0.016282 0.036415
0 0.414128 0.565359 0.012080 0.045752
6 0.776523 0.604575 0.038340 0.034547
9 0.463498 0.598039 0.011029 0.042017
9 0.581145 0.516807 0.013130 0.047619
3 0.150210 0.682073 0.079832 0.066293
3 0.116334 0.813725 0.109769 0.066293
6 0.155200 0.757703 0.025735 0.055089
0 0.242384 0.471055 0.016282 0.028945
0 0.257090 0.436508 0.030987 0.042017
4 0.595326 0.466387 0.023634 0.055089
0 0.490284 0.163866 0.022584 0.040149
0 0.493960 0.206816 0.045693 0.028945
0 0.493960 0.230626 0.057248 0.024276
0 0.751838 0.592437 0.011029 0.042017
0 0.697216 0.500934 0.017332 0.042017
5 0.645483 0.483193 0.018908 0.058824
3 0.889443 0.710084 0.067752 0.049486
3 0.856355 0.650327 0.069853 0.064426
0 0.378414 0.276844 0.027836 0.049486
3 0.345851 0.343137 0.016282 0.036415
3 0.527048 0.302988 0.014181 0.027077
3 0.507616 0.270308 0.011029 0.017740
9 0.559874 0.373016 0.008403 0.028945
9 0.530725 0.320728 0.008929 0.021475
3 0.320116 0.411298 0.056197 0.032680
3 0.038603 0.473856 0.056197 0.043884
4 0.033613 0.515406 0.049370 0.050420
