3 0.631828 0.598506 0.068277 0.168067
3 0.559349 0.256769 0.040966 0.089636
4 0.546744 0.021475 0.023109 0.042951
3 0.691702 0.472923 0.067227 0.124183
3 0.354517 0.521942 0.055672 0.153128
3 0.462710 0.443978 0.045168 0.152194
0 0.734244 0.490196 0.019958 0.070962
0 0.287027 0.830065 0.015231 0.082166
0 0.281250 0.798786 0.012080 0.066293
3 0.379202 0.108777 0.038866 0.088702
3 0.478992 0.219888 0.034664 0.098039
3 0.432511 0.055089 0.030987 0.069094
4 0.025473 0.775444 0.050945 0.189542
3 0.066964 0.584034 0.091912 0.187675
3 0.905200 0.404762 0.076155 0.116713
5 0.816964 0.166667 0.105567 0.215686
3 0.216649 0.176004 0.045693 0.090570
3 0.251313 0.078898 0.044643 0.073763
1 0.206933 0.330065 0.016807 0.047619
2 0.208771 0.345472 0.020483 0.054155
4 0.745273 0.061625 0.039916 0.076564
0 0.585347 0.023810 0.006828 0.045752
3 0.054097 0.343137 0.100840 0.073763
3 0.122111 0.078431 0.057248 0.074697
4 0.885767 0.068161 0.036239 0.074697
0 0.210084 0.606443 0.014706 0.081232
