3 0.593225 0.808590 0.044643 0.091503
4 0.568803 0.611578 0.028361 0.065359
3 0.560662 0.538749 0.024685 0.042951
5 0.534401 0.436041 0.020483 0.035481
3 0.631040 0.598973 0.038340 0.047619
3 0.247899 0.526144 0.052521 0.043884
3 0.406250 0.524276 0.048845 0.045752
3 0.553046 0.421569 0.016807 0.027077
3 0.476366 0.494398 0.023109 0.042017
3 0.524422 0.377684 0.016282 0.025210
3 0.445903 0.429972 0.022059 0.036415
3 0.501576 0.452848 0.022059 0.041083
3 0.477153 0.427171 0.019433 0.034547
3 0.493697 0.402428 0.016807 0.029879
3 0.485294 0.343137 0.013655 0.023343
3 0.474002 0.359944 0.013130 0.025210
4 0.470588 0.372549 0.013655 0.031746
4 0.472164 0.318861 0.011555 0.027077
3 0.908351 0.858543 0.081408 0.103641
0 0.641019 0.598506 0.012080 0.039216
3 0.232931 0.551821 0.053046 0.050420
3 0.298845 0.496732 0.052521 0.046685
4 0.350578 0.384687 0.030987 0.031746
3 0.389968 0.447712 0.026786 0.036415
0 0.207721 0.922035 0.009979 0.058824
9 0.399947 0.678338 0.019433 0.042017
0 0.768645 0.665266 0.017332 0.040149
9 0.517595 0.534547 0.016282 0.034547
0 0.412553 0.650327 0.016282 0.047619
0 0.409401 0.598039 0.012080 0.045752
6 0.804359 0.637255 0.038340 0.034547
9 0.452468 0.708217 0.011029 0.042017
9 0.584296 0.504669 0.013130 0.047619
3 0.120536 0.747432 0.096113 0.081232
3 0.078519 0.898693 0.108718 0.066293
6 0.125788 0.828665 0.025735 0.055089
0 0.061712 0.820261 0.058298 0.064426
9 0.451418 0.491597 0.012080 0.043884
0 0.239758 0.489729 0.016282 0.028945
0 0.247111 0.453315 0.030987 0.042017
4 0.603729 0.482260 0.023634 0.055089
0 0.489758 0.157330 0.022584 0.040149
0 0.493435 0.202148 0.045693 0.028945
0 0.493435 0.225490 0.057248 0.023343
0 0.780725 0.622316 0.011029 0.042017
0 0.716124 0.523343 0.017332 0.042017
5 0.656775 0.506536 0.020483 0.073763
3 0.926733 0.759570 0.067752 0.049486
3 0.888918 0.694211 0.069853 0.064426
0 0.376838 0.279645 0.027836 0.049486
3 0.342174 0.352474 0.016282 0.036415
3 0.527048 0.295518 0.014181 0.027077
3 0.508141 0.263772 0.011029 0.017740
9 0.558561 0.368347 0.007878 0.028945
9 0.529149 0.314192 0.007878 0.021475
3 0.313813 0.426237 0.056197 0.032680
3 0.020483 0.500000 0.040966 0.043884
4 0.013655 0.542017 0.027311 0.051354
