3 0.583508 0.742297 0.042017 0.084034
3 0.557511 0.626050 0.029937 0.062558
4 0.553571 0.520075 0.023109 0.054155
3 0.530987 0.436975 0.022059 0.033613
5 0.508141 0.340803 0.015231 0.024276
3 0.620798 0.614846 0.040966 0.051354
3 0.247899 0.540616 0.064076 0.044818
3 0.532826 0.354342 0.014181 0.023343
3 0.393120 0.541550 0.055147 0.044818
3 0.509979 0.315593 0.013655 0.020542
3 0.431985 0.431373 0.023634 0.037348
3 0.482143 0.507937 0.026261 0.054155
3 0.469800 0.456583 0.022584 0.041083
3 0.483193 0.417834 0.017857 0.032680
3 0.473739 0.359010 0.014706 0.027077
3 0.465599 0.378618 0.013130 0.030812
4 0.458771 0.396359 0.015231 0.040149
4 0.448004 0.351074 0.015756 0.029879
3 0.915179 0.912232 0.087710 0.115780
0 0.630515 0.617180 0.014181 0.039216
3 0.200105 0.563025 0.052521 0.056022
3 0.274422 0.501401 0.054097 0.046685
4 0.330357 0.384220 0.039916 0.034547
3 0.372111 0.450514 0.026786 0.036415
0 0.172532 0.907096 0.009979 0.058824
9 0.373162 0.706349 0.019433 0.042017
0 0.746586 0.638189 0.017332 0.040149
9 0.506565 0.542951 0.016282 0.034547
0 0.387868 0.677404 0.016282 0.053221
0 0.378414 0.635387 0.012080 0.045752
6 0.802784 0.664332 0.042542 0.043884
9 0.568540 0.434641 0.013130 0.047619
3 0.068015 0.784781 0.096113 0.081232
3 0.038340 0.964986 0.076681 0.062558
6 0.064338 0.876284 0.035189 0.060691
0 0.019958 0.874416 0.039916 0.064426
9 0.435662 0.517740 0.012080 0.043884
0 0.232668 0.476657 0.014706 0.028945
0 0.224002 0.457049 0.030987 0.042017
4 0.595063 0.480392 0.023109 0.055089
0 0.488183 0.140523 0.022584 0.040149
0 0.491334 0.187208 0.045693 0.028945
0 0.491859 0.211018 0.057248 0.024276
0 0.788078 0.640056 0.011029 0.042017
0 0.643382 0.582633 0.014706 0.044818
0 0.711922 0.533613 0.017332 0.042017
5 0.652574 0.518674 0.020483 0.073763
6 0.377363 0.514006 0.040441 0.043884
3 0.939338 0.798786 0.079307 0.066293
3 0.891544 0.719421 0.069853 0.064426
0 0.522321 0.537815 0.014181 0.046685
0 0.528887 0.521942 0.012605 0.054155
0 0.352153 0.281513 0.027836 0.049486
3 0.327468 0.350607 0.016282 0.036415
3 0.517069 0.259104 0.014181 0.027077
3 0.501313 0.230159 0.011029 0.017740
9 0.545693 0.333333 0.007353 0.026144
9 0.512342 0.281513 0.007878 0.021475
3 0.294905 0.430906 0.056197 0.032680
