3 0.636555 0.945845 0.059874 0.106443
3 0.582195 0.767507 0.041492 0.084034
4 0.566176 0.594771 0.026261 0.059757
3 0.559349 0.527544 0.023109 0.041083
5 0.525735 0.414099 0.017857 0.030812
3 0.632090 0.611111 0.039391 0.049486
3 0.206408 0.535014 0.051471 0.041083
3 0.381565 0.539683 0.046744 0.046685
3 0.548582 0.408964 0.016282 0.026144
3 0.468225 0.511671 0.027836 0.044818
3 0.520746 0.366013 0.015231 0.024276
3 0.442489 0.435574 0.021534 0.036415
3 0.499212 0.466853 0.022584 0.042951
3 0.475840 0.437442 0.019958 0.034547
3 0.491859 0.409430 0.017332 0.030812
3 0.482931 0.351074 0.014181 0.026144
3 0.472426 0.368814 0.013130 0.026144
4 0.468750 0.382820 0.014181 0.035481
4 0.468225 0.329132 0.012080 0.027077
3 0.917542 0.885154 0.084034 0.110177
0 0.642069 0.609244 0.014181 0.040149
3 0.223477 0.563025 0.053046 0.050420
3 0.292279 0.504202 0.055147 0.046685
4 0.345063 0.389823 0.033613 0.030812
3 0.385767 0.453315 0.026786 0.036415
0 0.194590 0.932306 0.009979 0.058824
9 0.396271 0.697012 0.019433 0.042017
0 0.767069 0.663399 0.017332 0.040149
9 0.516544 0.543884 0.016282 0.034547
0 0.407826 0.666200 0.016282 0.053221
0 0.403624 0.612979 0.012080 0.045752
6 0.805410 0.651261 0.038340 0.034547
9 0.436712 0.812792 0.013130 0.056956
9 0.580620 0.498133 0.013130 0.047619
3 0.103729 0.770775 0.096113 0.081232
3 0.064338 0.924837 0.104517 0.066293
6 0.108981 0.853875 0.025735 0.055089
0 0.040179 0.853875 0.058298 0.064426
9 0.448792 0.500934 0.012080 0.043884
0 0.237658 0.490663 0.016282 0.028945
0 0.240809 0.460784 0.030987 0.042017
4 0.603729 0.487862 0.023634 0.055089
0 0.489233 0.153595 0.022584 0.040149
0 0.492910 0.198413 0.045693 0.028945
0 0.492910 0.222222 0.057248 0.024276
0 0.790704 0.637255 0.011029 0.042017
0 0.716649 0.532680 0.017332 0.042017
5 0.656775 0.514006 0.020483 0.073763
3 0.935662 0.778711 0.070903 0.054155
3 0.895221 0.710084 0.069853 0.064426
9 0.824317 0.871615 0.022584 0.077498
0 0.531250 0.536415 0.015231 0.049486
0 0.540966 0.521008 0.013655 0.056022
0 0.375788 0.281513 0.027836 0.049486
3 0.337447 0.359010 0.016282 0.036415
3 0.523897 0.289916 0.014181 0.027077
3 0.504989 0.258170 0.011029 0.017740
9 0.556985 0.364613 0.007878 0.028945
9 0.527048 0.308590 0.007878 0.021475
3 0.308036 0.432773 0.056197 0.032680
3 0.014968 0.510271 0.029937 0.043884
