3 0.559349 0.458450 0.034664 0.057890
3 0.555147 0.346405 0.026261 0.042951
4 0.519170 0.245565 0.017332 0.039216
3 0.510504 0.163399 0.012605 0.022409
3 0.722689 0.867880 0.052521 0.131653
3 0.523634 0.146592 0.015756 0.028011
3 0.411765 0.421102 0.031513 0.061625
3 0.476103 0.741363 0.048845 0.134454
4 0.591387 0.677871 0.038866 0.102708
3 0.456408 0.363212 0.024160 0.048553
3 0.450368 0.548086 0.036239 0.084034
4 0.407038 0.738562 0.045168 0.138189
4 0.420168 0.355742 0.024160 0.057890
4 0.828519 0.693744 0.094013 0.089636
3 0.051471 0.753501 0.102941 0.110177
3 0.161502 0.580299 0.088761 0.077498
4 0.274422 0.326797 0.056197 0.044818
3 0.318803 0.462652 0.035714 0.058824
0 0.889968 0.731559 0.017332 0.040149
9 0.522847 0.688609 0.016282 0.056956
9 0.549370 0.215219 0.012605 0.034547
6 0.295956 0.900560 0.065651 0.081232
9 0.295431 0.814659 0.044643 0.064426
0 0.145746 0.453782 0.016282 0.031746
0 0.092700 0.483660 0.063550 0.078431
0 0.173057 0.672736 0.013130 0.056956
0 0.196691 0.664332 0.014181 0.051354
4 0.653887 0.532213 0.044118 0.080299
0 0.485032 0.025210 0.022584 0.037348
0 0.486607 0.060224 0.045693 0.028945
0 0.486345 0.095238 0.056723 0.041083
0 0.660977 0.795051 0.015231 0.056956
0 0.859244 0.635387 0.015756 0.062558
0 0.801733 0.736228 0.017332 0.047619
5 0.743435 0.594304 0.035189 0.105509
9 0.945641 0.701681 0.030987 0.051354
6 0.316439 0.597106 0.062500 0.053221
0 0.539916 0.639122 0.014706 0.053221
0 0.554884 0.618114 0.014181 0.057890
0 0.973477 0.772642 0.020483 0.068161
0 0.938813 0.650327 0.014181 0.042017
0 0.962447 0.641923 0.014181 0.047619
0 0.336922 0.146125 0.027836 0.049486
3 0.275473 0.274043 0.016282 0.036415
0 0.730305 0.265640 0.007878 0.038282
0 0.653099 0.297386 0.006828 0.053221
0 0.660977 0.290850 0.007878 0.040149
0 0.668855 0.297386 0.011029 0.045752
0 0.299632 0.251634 0.011029 0.038282
0 0.309611 0.247899 0.013130 0.032680
5 0.853729 0.893091 0.127626 0.210084
3 0.263393 0.404295 0.053046 0.046685
9 0.420431 0.263305 0.007878 0.031746
9 0.449842 0.241830 0.007878 0.024276
0 0.775735 0.614846 0.011555 0.051354
0 0.767857 0.620448 0.013655 0.047619
6 0.303309 0.544351 0.027836 0.054155
4 0.356092 0.145191 0.032563 0.036415
