3 0.573267 0.639589 0.038340 0.070962
3 0.560137 0.512138 0.027836 0.049486
4 0.521008 0.408497 0.017857 0.042017
3 0.510242 0.321662 0.014181 0.027077
5 0.500000 0.270775 0.010504 0.020542
3 0.682511 0.854809 0.042542 0.099907
3 0.522321 0.296452 0.016282 0.028945
3 0.507353 0.258637 0.013655 0.024276
3 0.415966 0.511671 0.028361 0.056022
3 0.467700 0.903828 0.053046 0.143791
3 0.476103 0.649393 0.034139 0.077498
4 0.579832 0.857143 0.042017 0.113912
3 0.455620 0.442577 0.023634 0.041083
3 0.459034 0.540616 0.028361 0.056022
4 0.427784 0.620448 0.030987 0.081232
4 0.423845 0.455182 0.022059 0.049486
4 0.838761 0.732026 0.079832 0.076564
3 0.077731 0.751167 0.093487 0.081232
3 0.194853 0.629318 0.077731 0.067227
4 0.289916 0.427171 0.050420 0.042017
3 0.335347 0.532680 0.035189 0.049486
0 0.841124 0.772642 0.017332 0.040149
9 0.513918 0.701214 0.016282 0.056022
0 0.327468 0.974790 0.016282 0.046685
9 0.548582 0.366013 0.013130 0.044818
6 0.319065 0.871615 0.065651 0.081232
9 0.316964 0.808123 0.034139 0.047619
0 0.174370 0.542484 0.015756 0.046685
0 0.133666 0.558824 0.054097 0.064426
0 0.223477 0.667134 0.013130 0.056956
0 0.239758 0.668067 0.014181 0.051354
4 0.633403 0.591503 0.034664 0.073763
0 0.483456 0.098506 0.022584 0.040149
0 0.486082 0.139589 0.045693 0.028945
0 0.486607 0.186741 0.059349 0.063492
0 0.947216 0.892157 0.011029 0.042017
0 0.633141 0.788515 0.015231 0.045752
0 0.799632 0.668067 0.017332 0.042017
0 0.745273 0.746499 0.016807 0.047619
5 0.710084 0.622316 0.027311 0.073763
6 0.333771 0.650327 0.058298 0.047619
0 0.530462 0.671802 0.014706 0.049486
0 0.543330 0.654528 0.014181 0.057890
0 0.907826 0.779178 0.020483 0.068161
0 0.335609 0.239029 0.027311 0.048553
3 0.290179 0.377684 0.016282 0.036415
9 0.537027 0.286181 0.007878 0.021475
9 0.489233 0.230159 0.007878 0.021475
5 0.798319 0.845005 0.100840 0.184874
3 0.247899 0.499533 0.055672 0.054155
9 0.424370 0.366947 0.007353 0.031746
9 0.449842 0.327731 0.007878 0.018674
0 0.743172 0.654995 0.011555 0.051354
0 0.729779 0.648926 0.014181 0.042951
6 0.321166 0.598506 0.020483 0.044818
