3 0.628414 0.619981 0.067752 0.175537
3 0.546481 0.277311 0.039391 0.091503
4 0.541754 0.021475 0.024685 0.042951
3 0.463235 0.456116 0.047269 0.165266
3 0.639706 0.219888 0.052521 0.075630
3 0.402311 0.142390 0.037815 0.073763
3 0.465599 0.055089 0.029937 0.069094
0 0.657563 0.215219 0.013655 0.055089
6 0.383666 0.441176 0.032038 0.111111
1 0.381040 0.441643 0.018382 0.041083
0 0.341387 0.392157 0.012605 0.069094
0 0.337710 0.376751 0.008403 0.056956
1 0.386029 0.421102 0.013655 0.044818
4 0.142069 0.365546 0.062500 0.112979
3 0.175158 0.269374 0.058298 0.105509
3 0.799107 0.182073 0.048845 0.070962
5 0.749475 0.051821 0.071429 0.103641
3 0.264968 0.032680 0.033088 0.065359
3 0.033876 0.243231 0.067752 0.077498
0 0.280200 0.282446 0.015231 0.060691
6 0.283351 0.523343 0.043592 0.107376
