3 0.571166 0.676004 0.037290 0.072829
3 0.560662 0.575163 0.028887 0.054155
4 0.543592 0.477591 0.022059 0.047619
3 0.520221 0.387488 0.018382 0.028011
5 0.504202 0.311858 0.012605 0.022409
3 0.622111 0.627918 0.040441 0.053221
3 0.178571 0.541550 0.066176 0.046685
3 0.527048 0.331466 0.013130 0.022409
3 0.313550 0.555556 0.049370 0.042951
3 0.430410 0.434641 0.022584 0.038282
3 0.474002 0.577031 0.032038 0.067227
3 0.469275 0.483193 0.024685 0.043884
3 0.481880 0.435574 0.020483 0.036415
4 0.573529 0.944911 0.051471 0.104575
3 0.471376 0.366947 0.016282 0.029879
3 0.465336 0.392157 0.017857 0.031746
4 0.456933 0.413165 0.017857 0.042017
4 0.435924 0.373016 0.017857 0.034547
3 0.930672 0.940710 0.093487 0.114846
0 0.636292 0.627918 0.014181 0.045752
3 0.188550 0.573296 0.053571 0.057890
3 0.266019 0.508403 0.054097 0.045752
4 0.325368 0.383754 0.042542 0.033613
3 0.367384 0.454248 0.027836 0.036415
0 0.168330 0.897759 0.009979 0.058824
9 0.367384 0.719421 0.019433 0.045752
0 0.746586 0.638189 0.017332 0.040149
9 0.506565 0.556956 0.016282 0.034547
0 0.379464 0.697946 0.016282 0.053221
0 0.367384 0.669001 0.012080 0.045752
6 0.808036 0.682540 0.047794 0.048553
9 0.562763 0.408964 0.013130 0.046685
3 0.050945 0.826331 0.088235 0.082166
6 0.042279 0.915500 0.035189 0.060691
9 0.431985 0.546685 0.012080 0.043884
0 0.230305 0.473856 0.007878 0.028945
0 0.217174 0.457049 0.030987 0.042017
4 0.595588 0.485994 0.024160 0.055089
0 0.487132 0.133053 0.022584 0.040149
0 0.490809 0.179739 0.045693 0.028945
0 0.490809 0.204015 0.057248 0.025210
0 0.793330 0.654062 0.011029 0.042017
0 0.624737 0.594304 0.015231 0.045752
0 0.719013 0.538282 0.014706 0.040149
5 0.653624 0.520542 0.020483 0.073763
6 0.373687 0.520542 0.040441 0.043884
3 0.951418 0.818394 0.086660 0.073763
3 0.903099 0.741830 0.069853 0.064426
0 0.521008 0.542017 0.012605 0.042017
0 0.529149 0.530345 0.011029 0.050420
0 0.351103 0.274977 0.027836 0.049486
3 0.322216 0.350607 0.016282 0.036415
3 0.513393 0.245098 0.014181 0.027077
9 0.541754 0.313259 0.007878 0.021475
9 0.503939 0.264706 0.007878 0.021475
3 0.289653 0.432773 0.056197 0.032680
0 0.668592 0.548553 0.010504 0.040149
0 0.678309 0.538749 0.013130 0.041083
