3 0.592700 0.869281 0.047794 0.104575
4 0.565389 0.625584 0.029937 0.067227
5 0.125000 0.916433 0.111345 0.163399
3 0.550158 0.541083 0.025735 0.045752
5 0.487395 0.832866 0.060924 0.179272
5 0.547794 0.468254 0.022059 0.038282
3 0.611345 0.556022 0.031513 0.043884
3 0.327468 0.496732 0.053046 0.041083
3 0.438288 0.484594 0.039391 0.044818
3 0.553046 0.435574 0.016807 0.027077
3 0.477679 0.452848 0.019433 0.035481
3 0.526523 0.397292 0.017332 0.027077
3 0.445903 0.411765 0.019958 0.031746
3 0.497111 0.419701 0.019433 0.036415
3 0.473477 0.401494 0.017332 0.031746
3 0.491071 0.379085 0.015756 0.026144
3 0.487395 0.320261 0.012605 0.022409
3 0.472952 0.334734 0.013130 0.021475
4 0.472164 0.347339 0.012605 0.028011
3 0.844538 0.760971 0.065126 0.080299
0 0.627363 0.557890 0.005777 0.038282
3 0.028099 0.863679 0.056197 0.102708
3 0.044905 0.764706 0.050945 0.106443
3 0.253939 0.510271 0.053046 0.051354
3 0.310137 0.464519 0.047794 0.038282
4 0.355830 0.369748 0.029937 0.031746
3 0.394170 0.425303 0.025735 0.034547
0 0.235557 0.842670 0.009979 0.058824
9 0.403099 0.618581 0.019433 0.042017
0 0.748162 0.636321 0.017332 0.040149
9 0.510767 0.495331 0.016282 0.034547
0 0.417805 0.593371 0.016282 0.036415
0 0.414128 0.553221 0.012080 0.045752
6 0.766544 0.590570 0.038340 0.034547
9 0.465074 0.570028 0.011029 0.042017
9 0.579044 0.516807 0.013130 0.047619
3 0.160452 0.664332 0.074055 0.060691
3 0.129989 0.783847 0.109769 0.066293
0 0.243435 0.464519 0.016282 0.028945
0 0.261817 0.429038 0.030987 0.042017
4 0.591649 0.457983 0.023634 0.055089
0 0.490284 0.165733 0.022584 0.040149
0 0.494485 0.208683 0.045693 0.028945
0 0.493960 0.232026 0.057248 0.023343
0 0.739758 0.575630 0.011029 0.042017
0 0.690651 0.492997 0.016807 0.041083
5 0.639968 0.475724 0.018382 0.056956
3 0.872637 0.691410 0.067752 0.049486
3 0.843750 0.634454 0.069853 0.064426
0 0.381040 0.273109 0.027836 0.049486
3 0.526523 0.304855 0.014181 0.027077
3 0.506565 0.272176 0.011029 0.017740
3 0.321691 0.405229 0.053046 0.031746
