3 0.630515 0.651261 0.075105 0.187675
3 0.541754 0.298319 0.043592 0.096172
4 0.430410 0.905229 0.056197 0.185808
4 0.537553 0.026611 0.026786 0.053221
3 0.032300 0.703548 0.064601 0.195145
3 0.462185 0.300187 0.038866 0.126050
3 0.626313 0.177404 0.050945 0.069094
3 0.408088 0.077498 0.032563 0.067227
0 0.641807 0.164332 0.013655 0.044818
6 0.396008 0.302521 0.027311 0.082166
1 0.392857 0.302521 0.016807 0.041083
0 0.346639 0.327264 0.010504 0.062558
0 0.342437 0.312325 0.008403 0.056956
1 0.397059 0.288515 0.012605 0.044818
4 0.162290 0.302988 0.052521 0.103641
3 0.191702 0.223156 0.053571 0.098973
3 0.779937 0.141457 0.045168 0.064426
5 0.730830 0.036415 0.059349 0.070962
3 0.268908 0.020542 0.030462 0.039216
0 0.983193 0.709150 0.032563 0.081232
3 0.048582 0.196545 0.077206 0.068161
2 0.011817 0.317460 0.016282 0.046685
1 0.012605 0.305789 0.016807 0.045752
0 0.291754 0.234827 0.015231 0.060691
6 0.298057 0.436508 0.038340 0.098039
