3 0.567752 0.565826 0.036765 0.063492
3 0.557511 0.444911 0.027836 0.043884
4 0.519958 0.339869 0.016807 0.041083
3 0.510504 0.248833 0.013655 0.023343
5 0.500263 0.208683 0.009979 0.019608
3 0.696954 0.849673 0.047269 0.110177
3 0.522321 0.228291 0.016282 0.028945
3 0.509716 0.195612 0.017332 0.025210
3 0.413866 0.467787 0.030462 0.056022
3 0.475315 0.662932 0.037815 0.093371
4 0.583771 0.783380 0.041492 0.112045
3 0.455620 0.401961 0.022584 0.043884
3 0.455357 0.528945 0.030462 0.066293
4 0.420693 0.642390 0.035714 0.102708
4 0.422006 0.409897 0.024685 0.054155
4 0.836134 0.710551 0.084034 0.076564
3 0.058298 0.746499 0.100840 0.096172
3 0.182511 0.606443 0.080357 0.070028
4 0.283876 0.387955 0.053046 0.045752
3 0.327731 0.502801 0.034664 0.053221
0 0.860032 0.756769 0.017332 0.040149
9 0.516544 0.697012 0.016282 0.056956
9 0.547532 0.302521 0.013130 0.041083
6 0.308561 0.871615 0.065651 0.081232
9 0.308298 0.810924 0.040966 0.051354
0 0.164128 0.502801 0.016282 0.032680
0 0.119223 0.514939 0.055672 0.066293
0 0.204044 0.670868 0.013130 0.056956
0 0.221901 0.663399 0.014181 0.051354
4 0.640494 0.566293 0.030987 0.073763
0 0.484506 0.063959 0.022584 0.040149
0 0.487132 0.104108 0.045693 0.028945
0 0.487395 0.149860 0.055672 0.066293
0 0.641544 0.795985 0.015231 0.045752
0 0.820641 0.645658 0.017332 0.042017
0 0.768120 0.741830 0.017332 0.047619
5 0.722952 0.610177 0.024685 0.081232
9 0.944065 0.693277 0.030987 0.051354
6 0.326155 0.633987 0.060924 0.052288
0 0.534401 0.661531 0.015231 0.049486
0 0.548057 0.650794 0.014181 0.057890
0 0.929884 0.771709 0.020483 0.068161
0 0.902048 0.674603 0.014181 0.042017
0 0.917805 0.666200 0.014181 0.047619
0 0.331408 0.214286 0.027311 0.047619
3 0.284401 0.333800 0.016282 0.036415
0 0.311450 0.309991 0.010504 0.037348
0 0.324055 0.309057 0.012605 0.031746
9 0.538603 0.230159 0.007878 0.021475
5 0.819853 0.872549 0.118697 0.204482
3 0.240021 0.456583 0.055672 0.054155
9 0.423582 0.309991 0.007878 0.031746
9 0.450368 0.278711 0.007878 0.019608
0 0.757878 0.637255 0.011555 0.051354
0 0.744748 0.640056 0.013655 0.047619
6 0.314338 0.570495 0.022584 0.050420
4 0.359769 0.211485 0.032563 0.034547
