3 0.621849 0.908030 0.055672 0.120448
3 0.574317 0.736695 0.039391 0.078431
4 0.563550 0.582633 0.024160 0.059757
3 0.554622 0.515406 0.024160 0.039216
5 0.520221 0.399627 0.017332 0.031746
3 0.629727 0.616246 0.039916 0.050420
3 0.178834 0.539683 0.050945 0.042951
3 0.353204 0.546218 0.050945 0.042951
3 0.544643 0.399160 0.015756 0.025210
3 0.460609 0.523810 0.032563 0.046685
3 0.517857 0.357143 0.014706 0.023343
3 0.439338 0.439309 0.021534 0.036415
3 0.496849 0.476190 0.023109 0.044818
3 0.474527 0.444444 0.020483 0.035481
3 0.490021 0.413632 0.017857 0.031746
3 0.481092 0.354809 0.014706 0.026144
3 0.470851 0.373483 0.013130 0.028011
4 0.466912 0.389356 0.014706 0.039216
4 0.464286 0.335201 0.012605 0.026144
3 0.918855 0.898693 0.086660 0.112979
0 0.640494 0.615780 0.014181 0.040149
3 0.215861 0.566760 0.052521 0.052288
3 0.287815 0.507470 0.054622 0.047619
4 0.340861 0.389823 0.035714 0.030812
3 0.382353 0.457049 0.026261 0.036415
0 0.184611 0.937908 0.009979 0.058824
9 0.390494 0.700747 0.019433 0.042017
0 0.764968 0.662465 0.017332 0.040149
9 0.514968 0.548553 0.016282 0.034547
0 0.403624 0.672736 0.016282 0.053221
0 0.398897 0.617647 0.012080 0.045752
6 0.805935 0.659664 0.038340 0.034547
9 0.423582 0.901494 0.013130 0.056956
9 0.577468 0.489729 0.013130 0.047619
3 0.095851 0.783847 0.096113 0.081232
3 0.054097 0.943511 0.101891 0.066293
6 0.096901 0.863212 0.025735 0.055089
0 0.031250 0.866947 0.054097 0.064426
9 0.445116 0.507470 0.012080 0.043884
0 0.235557 0.490663 0.016282 0.028945
0 0.235557 0.465453 0.030987 0.042017
4 0.602153 0.492530 0.023634 0.055089
0 0.488708 0.150794 0.022584 0.040149
0 0.492910 0.195612 0.045693 0.028945
0 0.492384 0.219421 0.057248 0.024276
0 0.790704 0.642857 0.011029 0.042017
0 0.715599 0.532680 0.017332 0.042017
5 0.656775 0.519608 0.020483 0.073763
3 0.936975 0.787115 0.074580 0.059757
3 0.896271 0.717554 0.069853 0.064426
0 0.528624 0.537348 0.015231 0.049486
0 0.538340 0.522876 0.013655 0.056022
0 0.364758 0.286181 0.027836 0.049486
3 0.334296 0.361811 0.016282 0.036415
3 0.521796 0.285247 0.014181 0.027077
3 0.502363 0.254435 0.011029 0.017740
9 0.554359 0.359010 0.007878 0.028945
9 0.524422 0.303922 0.007878 0.021475
3 0.303834 0.435574 0.056197 0.032680
