3 0.588761 0.792717 0.043067 0.087768
4 0.568277 0.605976 0.027311 0.063492
3 0.561187 0.535948 0.023634 0.041083
5 0.531250 0.426704 0.019433 0.031746
3 0.633141 0.605976 0.039391 0.048553
3 0.230567 0.528945 0.053571 0.042017
3 0.398634 0.529412 0.048319 0.044818
3 0.551733 0.416900 0.016282 0.027077
3 0.474790 0.501401 0.024160 0.042951
3 0.523634 0.373016 0.015756 0.025210
3 0.445378 0.432773 0.022059 0.036415
3 0.501576 0.458917 0.022059 0.042017
3 0.477153 0.431839 0.019433 0.034547
3 0.493697 0.405696 0.016807 0.030812
3 0.484769 0.347339 0.013655 0.024276
3 0.474002 0.363679 0.013130 0.025210
4 0.470588 0.376751 0.013655 0.032680
4 0.471113 0.323063 0.011555 0.028011
3 0.913340 0.870682 0.081933 0.109244
0 0.641807 0.603175 0.012605 0.039216
3 0.229779 0.557423 0.053046 0.050420
3 0.295956 0.500467 0.054097 0.046685
4 0.348477 0.387488 0.032038 0.031746
3 0.388393 0.450514 0.026786 0.036415
0 0.202994 0.927638 0.009979 0.058824
9 0.398372 0.685808 0.019433 0.042017
0 0.768645 0.663399 0.017332 0.040149
9 0.517595 0.538282 0.016282 0.034547
0 0.410977 0.659197 0.016282 0.052288
0 0.407300 0.605509 0.012080 0.045752
6 0.804884 0.642857 0.038340 0.034547
9 0.446954 0.748366 0.011555 0.045752
9 0.583246 0.501867 0.013130 0.047619
3 0.113708 0.757703 0.096113 0.081232
3 0.073004 0.908964 0.107143 0.066293
6 0.119485 0.839869 0.025735 0.055089
0 0.052784 0.833333 0.058298 0.064426
9 0.450368 0.495331 0.012080 0.043884
0 0.238708 0.490663 0.016282 0.028945
0 0.245011 0.456116 0.030987 0.042017
4 0.604254 0.484127 0.023634 0.055089
0 0.489233 0.155462 0.022584 0.040149
0 0.493435 0.200280 0.045693 0.028945
0 0.492910 0.224090 0.057248 0.024276
0 0.786502 0.629785 0.011029 0.042017
0 0.716649 0.528011 0.017332 0.042017
5 0.656775 0.510271 0.020483 0.073763
3 0.934611 0.771709 0.067752 0.049486
3 0.894695 0.704482 0.069853 0.064426
0 0.376313 0.280579 0.027836 0.049486
3 0.340074 0.355275 0.016282 0.036415
3 0.525473 0.293651 0.014181 0.027077
3 0.507090 0.260971 0.011029 0.017740
9 0.558036 0.367414 0.007878 0.028945
9 0.528624 0.312325 0.007878 0.021475
3 0.311712 0.429038 0.056197 0.032680
3 0.018382 0.504669 0.036765 0.043884
4 0.010767 0.549486 0.021534 0.051354
