3 0.680935 0.867414 0.092962 0.239029
3 0.459821 0.808590 0.071954 0.252101
3 0.557773 0.429038 0.050420 0.122316
4 0.460084 0.351074 0.036765 0.132586
4 0.545693 0.076097 0.030462 0.071895
3 0.044905 0.650794 0.089811 0.205415
3 0.100315 0.484127 0.087185 0.155929
3 0.466649 0.044351 0.029937 0.077498
3 0.607668 0.090103 0.042017 0.058824
6 0.419118 0.069561 0.018908 0.051354
1 0.419643 0.060691 0.010504 0.041083
0 0.363971 0.208217 0.012605 0.057890
0 0.360294 0.199346 0.010504 0.056956
1 0.420431 0.056489 0.011029 0.036415
4 0.205357 0.185341 0.039916 0.081232
3 0.228204 0.129318 0.042542 0.077498
3 0.745798 0.063025 0.039916 0.055089
0 0.951943 0.543417 0.022584 0.065359
0 0.928834 0.522409 0.027836 0.077498
3 0.097952 0.113912 0.067752 0.065359
0 0.018382 0.220355 0.014706 0.063492
2 0.024947 0.243697 0.033088 0.042951
2 0.058298 0.228291 0.019958 0.056956
1 0.060137 0.223156 0.023634 0.054155
2 0.076681 0.201214 0.016807 0.038282
1 0.075368 0.193277 0.016282 0.044818
0 0.313813 0.138189 0.015231 0.059757
6 0.327468 0.293651 0.038340 0.098039
4 0.034926 0.404762 0.069853 0.084967
