3 0.577468 0.862745 0.046744 0.102708
4 0.555410 0.606443 0.025735 0.060691
3 0.140756 0.935574 0.082983 0.119514
3 0.493960 0.945845 0.040441 0.104575
5 0.235032 0.694678 0.069853 0.162465
3 0.536765 0.516340 0.025210 0.039216
5 0.480830 0.527077 0.033088 0.070028
5 0.535189 0.458917 0.017857 0.034547
3 0.580095 0.482260 0.021534 0.034547
3 0.427258 0.447712 0.038340 0.032680
3 0.460084 0.419701 0.022059 0.036415
3 0.545693 0.431839 0.015756 0.028945
3 0.479517 0.401961 0.014706 0.027077
3 0.526523 0.406629 0.017332 0.025210
3 0.448792 0.381419 0.017332 0.030812
3 0.492384 0.377684 0.016282 0.030812
3 0.470326 0.366013 0.017332 0.024276
3 0.488183 0.347806 0.013130 0.025210
4 0.890756 0.884687 0.064076 0.129785
0 0.637605 0.811858 0.007353 0.058824
3 0.746849 0.607843 0.042017 0.052288
3 0.082458 0.860411 0.103992 0.083100
4 0.092174 0.718954 0.079307 0.115780
3 0.098739 0.653128 0.052521 0.070028
3 0.146796 0.647993 0.046744 0.059757
3 0.076943 0.626050 0.053046 0.058824
3 0.158351 0.594771 0.034139 0.063492
4 0.295693 0.446312 0.034664 0.037348
3 0.336134 0.417834 0.040966 0.032680
0 0.074317 0.560691 0.086660 0.071895
0 0.294380 0.670868 0.012080 0.058824
9 0.415441 0.524743 0.018908 0.041083
0 0.697216 0.557890 0.017332 0.040149
9 0.501313 0.436508 0.016282 0.034547
0 0.429622 0.504202 0.014706 0.035481
0 0.421481 0.481793 0.012080 0.044818
6 0.706145 0.504669 0.038340 0.034547
9 0.468487 0.454248 0.010504 0.042017
9 0.563288 0.492063 0.013130 0.046685
3 0.232931 0.539683 0.074055 0.059757
3 0.221376 0.614846 0.068803 0.056956
0 0.294905 0.395425 0.030987 0.042017
4 0.572479 0.416433 0.023109 0.054155
0 0.491334 0.183473 0.022584 0.040149
0 0.495011 0.221755 0.045693 0.028945
0 0.494485 0.249767 0.057248 0.023343
3 0.775473 0.561625 0.053046 0.049486
0 0.399422 0.249767 0.027836 0.049486
3 0.528099 0.316993 0.014181 0.027077
3 0.508666 0.282446 0.011029 0.017740
