3 0.581670 0.732026 0.041492 0.082166
3 0.557511 0.619048 0.029937 0.061625
4 0.552521 0.514939 0.023109 0.053221
3 0.529674 0.430906 0.021534 0.032680
5 0.507616 0.337068 0.015231 0.024276
3 0.620798 0.614846 0.040966 0.051354
3 0.241071 0.539683 0.064076 0.044818
3 0.532300 0.351541 0.014181 0.023343
3 0.386292 0.542017 0.054097 0.043884
3 0.509979 0.313725 0.013655 0.020542
3 0.431723 0.431373 0.023109 0.037348
3 0.481355 0.512605 0.026786 0.054155
3 0.469800 0.458450 0.022584 0.041083
3 0.483193 0.419234 0.017857 0.033613
3 0.473477 0.359010 0.015231 0.027077
3 0.465336 0.379552 0.013655 0.030812
4 0.458508 0.397292 0.015756 0.040149
4 0.446691 0.352941 0.016282 0.029879
3 0.915179 0.913165 0.087710 0.117647
0 0.629989 0.616246 0.014181 0.039216
3 0.199580 0.561625 0.052521 0.056956
3 0.273372 0.500467 0.054097 0.046685
4 0.330095 0.383287 0.040441 0.034547
3 0.371586 0.449580 0.026786 0.036415
0 0.172006 0.906162 0.009979 0.058824
9 0.372637 0.707283 0.019433 0.042017
0 0.746586 0.638189 0.017332 0.040149
9 0.506040 0.542017 0.016282 0.034547
0 0.386817 0.676471 0.016282 0.053221
0 0.377363 0.637255 0.012080 0.045752
6 0.803046 0.664799 0.044118 0.046685
9 0.568015 0.431839 0.013130 0.047619
3 0.066964 0.783847 0.096113 0.081232
3 0.037290 0.965453 0.074580 0.061625
6 0.063288 0.878151 0.035189 0.060691
0 0.019433 0.874416 0.038866 0.064426
9 0.435137 0.520542 0.012080 0.043884
0 0.232405 0.476657 0.014181 0.028945
0 0.224002 0.456116 0.030987 0.042017
4 0.594800 0.479458 0.022584 0.055089
0 0.488183 0.139589 0.022584 0.040149
0 0.491334 0.186275 0.045693 0.028945
0 0.491859 0.210084 0.057248 0.024276
0 0.787553 0.640056 0.011029 0.042017
0 0.641807 0.583567 0.014706 0.044818
0 0.711397 0.533613 0.017332 0.042017
5 0.652574 0.518674 0.020483 0.073763
6 0.376838 0.513072 0.040441 0.043884
3 0.939338 0.798786 0.079307 0.066293
3 0.892069 0.720355 0.069853 0.064426
0 0.522059 0.536415 0.013655 0.045752
0 0.528624 0.521475 0.012080 0.053221
0 0.352153 0.280579 0.027836 0.049486
3 0.326943 0.350607 0.016282 0.036415
3 0.516544 0.256303 0.014181 0.027077
9 0.545431 0.330065 0.007878 0.025210
9 0.511817 0.279645 0.007878 0.021475
3 0.294905 0.429972 0.056197 0.032680
