3 0.572479 0.680205 0.037815 0.075630
3 0.559874 0.579832 0.029412 0.052288
4 0.545431 0.482260 0.022584 0.049486
3 0.522059 0.393557 0.018908 0.028945
5 0.505252 0.315593 0.012605 0.022409
3 0.622111 0.622316 0.040441 0.053221
3 0.190914 0.537815 0.065651 0.042951
3 0.528099 0.333800 0.013130 0.021475
3 0.332458 0.549020 0.048319 0.041083
3 0.430672 0.431839 0.022059 0.038282
3 0.475315 0.561625 0.030462 0.062558
3 0.469538 0.477124 0.024160 0.042951
3 0.482405 0.431373 0.019433 0.035481
4 0.576943 0.957049 0.053046 0.084034
3 0.471901 0.364146 0.016282 0.029879
3 0.465074 0.389356 0.017332 0.031746
4 0.457458 0.408964 0.017857 0.041083
4 0.437500 0.368814 0.017857 0.033613
3 0.926733 0.936508 0.091912 0.123249
0 0.634979 0.621382 0.013655 0.045752
3 0.191702 0.567694 0.052521 0.057890
3 0.268382 0.504669 0.054622 0.045752
4 0.326155 0.382820 0.042017 0.033613
3 0.368435 0.451447 0.027836 0.036415
0 0.168855 0.899627 0.009979 0.058824
9 0.369485 0.711018 0.019433 0.042017
0 0.746586 0.638189 0.017332 0.040149
9 0.506565 0.553221 0.016282 0.034547
0 0.380515 0.692344 0.016282 0.053221
0 0.369485 0.658730 0.012080 0.045752
6 0.806197 0.676937 0.047269 0.048553
9 0.564338 0.412232 0.013130 0.047619
3 0.053834 0.817460 0.089811 0.081232
6 0.048582 0.904295 0.035189 0.060691
9 0.432511 0.542017 0.012080 0.043884
0 0.230830 0.474790 0.008929 0.028945
0 0.218225 0.457049 0.030987 0.042017
4 0.595588 0.484127 0.024160 0.055089
0 0.487658 0.133987 0.022584 0.040149
0 0.490809 0.181606 0.045693 0.028945
0 0.491334 0.205415 0.057248 0.024276
0 0.791754 0.649393 0.011029 0.042017
0 0.626838 0.587768 0.015231 0.045752
0 0.717437 0.532680 0.014706 0.040149
5 0.652574 0.515873 0.020483 0.073763
6 0.374212 0.517740 0.040441 0.043884
3 0.946954 0.811391 0.084034 0.070962
3 0.898372 0.730626 0.069853 0.064426
0 0.521008 0.537348 0.012605 0.042017
0 0.528624 0.526144 0.011029 0.049486
0 0.351628 0.274977 0.027836 0.049486
3 0.322742 0.350607 0.016282 0.036415
3 0.513393 0.246965 0.014181 0.027077
9 0.542279 0.315126 0.007878 0.021475
9 0.505515 0.265640 0.007878 0.021475
3 0.291229 0.430906 0.056197 0.032680
0 0.666754 0.543884 0.009979 0.040149
0 0.676733 0.535948 0.013130 0.041083
