3 0.625788 0.921102 0.057248 0.124183
3 0.576418 0.745098 0.040441 0.080299
4 0.564601 0.585901 0.024160 0.060691
3 0.556460 0.520075 0.023634 0.039216
5 0.521534 0.404295 0.016807 0.031746
3 0.630777 0.616246 0.039916 0.050420
3 0.185662 0.537348 0.051996 0.042017
3 0.361870 0.544818 0.050420 0.045752
3 0.545693 0.401961 0.015756 0.025210
3 0.462710 0.520542 0.031513 0.045752
3 0.518908 0.359944 0.014706 0.023343
3 0.440389 0.438375 0.021534 0.036415
3 0.497637 0.473389 0.022584 0.044818
3 0.475053 0.442577 0.020483 0.035481
3 0.490546 0.412698 0.017857 0.031746
3 0.481618 0.353875 0.014706 0.026144
3 0.471376 0.372082 0.013130 0.027077
4 0.467437 0.387488 0.014706 0.037348
4 0.465336 0.333333 0.012605 0.026144
3 0.919118 0.895425 0.086134 0.112045
0 0.641019 0.613912 0.014181 0.040149
3 0.217700 0.567227 0.053046 0.051354
3 0.289653 0.507470 0.055147 0.047619
4 0.342174 0.389823 0.035189 0.030812
3 0.383403 0.456116 0.026261 0.036415
0 0.187763 0.936041 0.009979 0.058824
9 0.392595 0.700747 0.019433 0.042017
0 0.765494 0.662465 0.017332 0.040149
9 0.515494 0.547619 0.016282 0.034547
0 0.405200 0.670868 0.016282 0.053221
0 0.400473 0.616713 0.012080 0.045752
6 0.805935 0.657796 0.038340 0.034547
9 0.426733 0.874416 0.013130 0.056956
9 0.578519 0.492530 0.013130 0.047619
3 0.097952 0.780112 0.096113 0.081232
3 0.056985 0.937908 0.102416 0.066293
6 0.100578 0.860411 0.025735 0.055089
0 0.033876 0.863212 0.055147 0.064426
9 0.446166 0.505602 0.012080 0.043884
0 0.236082 0.490663 0.016282 0.028945
0 0.237132 0.464519 0.030987 0.042017
4 0.602679 0.490663 0.023634 0.055089
0 0.489233 0.151727 0.022584 0.040149
0 0.492910 0.196545 0.045693 0.028945
0 0.492910 0.220355 0.057248 0.024276
0 0.790704 0.640990 0.011029 0.042017
0 0.716124 0.532680 0.017332 0.042017
5 0.656775 0.517740 0.020483 0.073763
3 0.936975 0.785247 0.073529 0.057890
3 0.895746 0.715686 0.069853 0.064426
9 0.841649 0.911765 0.022584 0.077498
0 0.529674 0.537348 0.015231 0.049486
0 0.538866 0.521942 0.013655 0.056022
0 0.368435 0.284314 0.027836 0.049486
3 0.335347 0.360878 0.016282 0.036415
3 0.522321 0.286181 0.014181 0.027077
3 0.502889 0.255369 0.011029 0.017740
9 0.554884 0.360878 0.007878 0.028945
9 0.525473 0.305789 0.007878 0.021475
3 0.304884 0.435574 0.056197 0.032680
3 0.012080 0.514006 0.024160 0.043884
