3 0.631040 0.936975 0.058298 0.126050
3 0.579044 0.753968 0.041492 0.081232
4 0.565126 0.589169 0.025210 0.059757
3 0.557773 0.523343 0.023109 0.040149
5 0.523109 0.408030 0.017857 0.031746
3 0.631565 0.614379 0.039391 0.050420
3 0.194853 0.537348 0.052521 0.042017
3 0.370798 0.542951 0.047269 0.045752
3 0.546744 0.404762 0.015756 0.025210
3 0.465074 0.516807 0.029937 0.045752
3 0.519695 0.362278 0.015231 0.024276
3 0.441176 0.437442 0.022059 0.036415
3 0.498162 0.471055 0.022584 0.043884
3 0.475315 0.440710 0.019958 0.035481
3 0.491071 0.411298 0.017857 0.030812
3 0.482143 0.352941 0.014706 0.026144
3 0.471901 0.370682 0.013130 0.026144
4 0.467962 0.385621 0.014706 0.037348
4 0.466387 0.331466 0.012605 0.026144
3 0.918592 0.891223 0.085084 0.111111
0 0.641544 0.612045 0.014181 0.040149
3 0.219800 0.565359 0.053046 0.051354
3 0.290704 0.506069 0.055147 0.046685
4 0.343487 0.389823 0.034664 0.030812
3 0.384454 0.455182 0.026261 0.036415
0 0.190389 0.934174 0.009979 0.058824
9 0.394695 0.700747 0.019433 0.042017
0 0.766019 0.662465 0.017332 0.040149
9 0.516019 0.546685 0.016282 0.034547
0 0.406250 0.669001 0.016282 0.053221
0 0.401523 0.614846 0.012080 0.045752
6 0.805935 0.654995 0.038340 0.034547
9 0.430410 0.848273 0.013130 0.056956
9 0.579569 0.496265 0.013130 0.047619
3 0.100578 0.776377 0.096113 0.081232
3 0.059874 0.933240 0.102941 0.066293
6 0.103729 0.857610 0.025735 0.055089
0 0.036239 0.859477 0.056723 0.064426
9 0.447216 0.503735 0.012080 0.043884
0 0.236607 0.490663 0.016282 0.028945
0 0.238708 0.462652 0.030987 0.042017
4 0.603204 0.489729 0.023634 0.055089
0 0.489233 0.152661 0.022584 0.040149
0 0.492910 0.197479 0.045693 0.028945
0 0.492910 0.220822 0.057248 0.023343
0 0.790704 0.639122 0.011029 0.042017
0 0.716124 0.532680 0.017332 0.042017
5 0.656775 0.516807 0.020483 0.073763
3 0.936450 0.782446 0.072479 0.056022
3 0.895746 0.713819 0.069853 0.064426
9 0.833771 0.894958 0.022584 0.077498
0 0.530200 0.536415 0.015231 0.049486
0 0.539653 0.521475 0.014181 0.056956
0 0.372111 0.283380 0.027836 0.049486
3 0.336397 0.359944 0.016282 0.036415
3 0.522847 0.288049 0.014181 0.027077
3 0.503939 0.256303 0.011029 0.017740
9 0.555935 0.362745 0.007878 0.028945
9 0.525998 0.306723 0.007878 0.021475
3 0.306460 0.435574 0.056197 0.032680
3 0.013130 0.512138 0.026261 0.043884
