3 0.579307 0.718487 0.040966 0.079365
3 0.557248 0.608777 0.029412 0.059757
4 0.551208 0.507003 0.022584 0.052288
3 0.527574 0.422035 0.020483 0.029879
5 0.506565 0.331933 0.014181 0.025210
3 0.620798 0.614379 0.040966 0.050420
3 0.231355 0.538749 0.064601 0.042951
3 0.531250 0.347806 0.014181 0.023343
3 0.375788 0.542484 0.051996 0.042951
3 0.509716 0.309991 0.013130 0.020542
3 0.431460 0.430906 0.022584 0.038282
3 0.480042 0.519141 0.027311 0.056022
3 0.469538 0.461251 0.023109 0.041083
3 0.483193 0.421102 0.017857 0.033613
3 0.473477 0.359477 0.015231 0.028011
3 0.465074 0.380486 0.014181 0.030812
4 0.458508 0.399160 0.015756 0.040149
4 0.444590 0.355275 0.016282 0.030812
3 0.915704 0.914566 0.088761 0.120448
0 0.629464 0.614846 0.014181 0.040149
3 0.199055 0.560224 0.052521 0.056022
3 0.272321 0.498599 0.054097 0.046685
4 0.329569 0.382353 0.040441 0.034547
3 0.371324 0.448646 0.027311 0.036415
0 0.171481 0.905229 0.009979 0.058824
9 0.372111 0.708217 0.019433 0.042017
0 0.746586 0.638189 0.017332 0.040149
9 0.505515 0.540149 0.016282 0.034547
0 0.385242 0.675537 0.016282 0.053221
0 0.375788 0.640990 0.012080 0.045752
6 0.803309 0.665733 0.046744 0.050420
9 0.567489 0.428105 0.013130 0.047619
3 0.065389 0.783847 0.096113 0.081232
3 0.035977 0.967320 0.071954 0.059757
6 0.062237 0.880952 0.035189 0.060691
0 0.018645 0.874416 0.037290 0.064426
9 0.434611 0.525210 0.012080 0.043884
0 0.231880 0.475724 0.013130 0.028945
0 0.222426 0.456116 0.030987 0.042017
4 0.595588 0.481326 0.024160 0.055089
0 0.487658 0.138655 0.022584 0.040149
0 0.491334 0.185341 0.045693 0.028945
0 0.491334 0.209150 0.057248 0.024276
0 0.787027 0.639122 0.011029 0.042017
0 0.639443 0.584967 0.015231 0.045752
0 0.710872 0.533613 0.017332 0.042017
5 0.652574 0.517740 0.020483 0.073763
6 0.376313 0.511204 0.040441 0.043884
3 0.939338 0.798786 0.079307 0.066293
3 0.893120 0.721289 0.069853 0.064426
0 0.521796 0.534547 0.013130 0.043884
0 0.528361 0.520542 0.011555 0.051354
0 0.352153 0.279645 0.027836 0.049486
3 0.325893 0.350607 0.016282 0.036415
3 0.514968 0.253501 0.014181 0.027077
9 0.544643 0.325397 0.007353 0.023343
9 0.510767 0.274977 0.007878 0.021475
3 0.294380 0.429038 0.056197 0.032680
