4 0.096726 0.911045 0.086310 0.134259
4 0.173549 0.851190 0.082961 0.119048
4 0.249070 0.815476 0.078497 0.107143
4 0.293899 0.743717 0.078125 0.094577
4 0.255208 0.958995 0.107887 0.079365
6 0.371280 0.943783 0.125744 0.111111
5 0.406994 0.869378 0.102679 0.130291
4 0.173363 0.587963 0.039435 0.064815
4 0.617746 0.485450 0.064360 0.050265
4 0.578497 0.432870 0.055060 0.042989
4 0.658296 0.413690 0.056920 0.042989
4 0.457031 0.446429 0.064360 0.043651
4 0.491071 0.427249 0.061012 0.039683
4 0.025670 0.412698 0.051339 0.043651
4 0.311756 0.466270 0.072917 0.050265
4 0.237909 0.455357 0.061384 0.052249
4 0.244048 0.404431 0.057292 0.037698
4 0.321057 0.397487 0.054315 0.038360
9 0.206659 0.420966 0.140253 0.091931
4 0.140067 0.485119 0.073289 0.045635
4 0.090402 0.470569 0.069940 0.052249
4 0.130208 0.416997 0.052083 0.045635
4 0.391741 0.390212 0.055060 0.038360
4 0.501116 0.384590 0.052827 0.039021
4 0.376860 0.415675 0.052083 0.040344
4 0.645647 0.347884 0.052455 0.034392
4 0.579613 0.374669 0.046875 0.035053
4 0.693824 0.343254 0.045387 0.033069
4 0.644531 0.366071 0.046503 0.037698
0 0.446243 0.634921 0.198289 0.238095
10 0.024182 0.640873 0.037946 0.039683
3 0.127418 0.568122 0.035342 0.038360
3 0.180990 0.552579 0.030134 0.032407
1 0.093936 0.643188 0.021205 0.061508
0 0.207775 0.671296 0.210193 0.145503
1 0.122768 0.554233 0.013393 0.039683
0 0.261533 0.551587 0.167411 0.126984
10 0.605469 0.761243 0.030134 0.059524
1 0.675409 0.690807 0.016741 0.065476
1 0.699777 0.765542 0.018601 0.062831
1 0.577381 0.834325 0.027530 0.077381
1 0.661272 0.616733 0.014509 0.052249
1 0.669829 0.609788 0.013765 0.062169
7 0.675037 0.831349 0.049479 0.054233
3 0.723028 0.844246 0.029390 0.066799
10 0.742746 0.860450 0.026414 0.097884
1 0.729911 0.708003 0.015625 0.065476
1 0.814174 0.730489 0.024926 0.066799
2 0.837240 0.724537 0.021205 0.046958
2 0.825149 0.710648 0.019345 0.040344
10 0.773810 0.873016 0.046131 0.096561
3 0.684710 0.741071 0.038318 0.050926
2 0.685826 0.724537 0.023438 0.052249
1 0.872210 0.742394 0.023438 0.072090
1 0.923177 0.944114 0.026414 0.082672
1 0.664435 0.552249 0.011905 0.056878
1 0.656250 0.553571 0.011905 0.051587
0 0.216332 0.340939 0.432664 0.087963
1 0.714844 0.631944 0.015253 0.056217
1 0.727865 0.680225 0.017485 0.061508
1 0.707775 0.708003 0.014509 0.061508
1 0.713356 0.702712 0.011533 0.064153
1 0.795573 0.962302 0.020461 0.074074
1 0.574591 0.533399 0.011533 0.049603
1 0.735305 0.595569 0.014509 0.058862
3 0.484933 0.852844 0.044271 0.053571
3 0.628906 0.792659 0.025670 0.049603
3 0.645275 0.802579 0.028646 0.042989
