4 0.297061 0.931548 0.065104 0.135582
4 0.382068 0.918651 0.066964 0.129630
4 0.450707 0.884921 0.071057 0.119048
4 0.518043 0.870040 0.071801 0.109127
4 0.563988 0.814484 0.072173 0.105159
5 0.660156 0.951389 0.095610 0.097222
4 0.462798 0.620701 0.033482 0.061508
4 0.929129 0.605489 0.062872 0.053571
4 0.830543 0.599206 0.085193 0.059524
4 0.950707 0.547288 0.074033 0.050926
4 0.971540 0.523148 0.055432 0.044974
4 0.223214 0.460648 0.058036 0.029762
4 0.137835 0.445437 0.053943 0.036376
4 0.378534 0.421296 0.046503 0.033069
4 0.756324 0.513228 0.060268 0.043651
5 0.675595 0.520833 0.069940 0.062831
4 0.481771 0.514881 0.058036 0.045635
4 0.518787 0.498677 0.058408 0.044974
4 0.314732 0.464616 0.051339 0.037698
4 0.433966 0.474206 0.053943 0.038360
4 0.361979 0.506944 0.055060 0.044312
4 0.222470 0.444775 0.055804 0.037698
4 0.420573 0.441799 0.046503 0.038360
4 0.361049 0.485780 0.053943 0.042989
4 0.228795 0.493386 0.058036 0.043651
4 0.246094 0.476521 0.056176 0.037698
4 0.363467 0.458003 0.048363 0.036376
4 0.511719 0.447090 0.049479 0.039683
4 0.119234 0.498347 0.065848 0.042989
4 0.120164 0.471892 0.052083 0.036376
4 0.045759 0.454365 0.048363 0.038360
4 0.321615 0.403439 0.024182 0.034392
9 0.503348 0.449074 0.127976 0.076720
4 0.691592 0.459656 0.057292 0.038360
4 0.774740 0.459325 0.050223 0.035053
9 0.759115 0.476190 0.135789 0.091270
9 0.019531 0.571429 0.039062 0.138889
4 0.030692 0.492394 0.057664 0.037698
4 0.021763 0.471561 0.043527 0.043651
4 0.644903 0.470899 0.047991 0.038360
4 0.596912 0.454365 0.046503 0.038360
4 0.843378 0.468585 0.049107 0.041667
4 0.914807 0.468915 0.063988 0.039683
4 0.953869 0.499669 0.065476 0.042989
4 0.970238 0.451389 0.054315 0.035053
0 0.171503 0.345569 0.343006 0.167328
0 0.686570 0.655754 0.385045 0.248016
1 0.153460 0.712963 0.019717 0.060847
1 0.148065 0.703042 0.019345 0.054233
3 0.332031 0.680556 0.028646 0.030423
2 0.329985 0.665013 0.014881 0.050926
0 0.244606 0.744709 0.473586 0.170635
0 0.404390 0.557540 0.281250 0.097884
3 0.230097 0.559193 0.026414 0.027116
2 0.226562 0.542659 0.015625 0.032407
3 0.180432 0.540675 0.022321 0.021825
2 0.175967 0.524802 0.013393 0.029762
0 0.552455 0.383929 0.298363 0.087963
1 0.965774 0.753968 0.014137 0.060847
1 0.974702 0.752646 0.014137 0.063492
