4 0.398810 0.837302 0.052083 0.108466
4 0.471726 0.834987 0.054315 0.105159
4 0.531064 0.815807 0.059152 0.097222
4 0.591332 0.814153 0.061384 0.092593
4 0.636719 0.774140 0.064360 0.089286
4 0.431176 0.953704 0.066964 0.092593
4 0.511161 0.945106 0.069196 0.107143
4 0.581287 0.942791 0.077009 0.111772
6 0.671875 0.955357 0.095982 0.087963
5 0.722284 0.916005 0.091146 0.124339
4 0.551711 0.610780 0.031994 0.053571
4 0.909040 0.612765 0.071801 0.048280
4 0.914249 0.559193 0.070312 0.048280
4 0.984561 0.544974 0.030134 0.048942
4 0.747768 0.538360 0.063988 0.043651
4 0.764137 0.521825 0.066220 0.043651
4 0.456659 0.462963 0.050223 0.035714
4 0.372582 0.440807 0.047247 0.036376
4 0.529204 0.442791 0.046503 0.032407
4 0.599144 0.499669 0.056920 0.037698
5 0.559896 0.502646 0.061012 0.050265
4 0.441592 0.491071 0.053571 0.039021
4 0.422433 0.473545 0.053199 0.038360
4 0.544271 0.475198 0.050595 0.037698
4 0.642671 0.487434 0.053943 0.033069
4 0.338542 0.479497 0.050595 0.042328
4 0.462984 0.451720 0.045759 0.039683
4 0.586124 0.450066 0.046503 0.037698
4 0.345424 0.460979 0.050223 0.037037
4 0.207961 0.433862 0.050595 0.038360
4 0.233817 0.425265 0.039062 0.033069
4 0.244978 0.462632 0.053943 0.042989
4 0.265811 0.452050 0.050223 0.035053
4 0.598772 0.468585 0.046503 0.033730
4 0.647693 0.460979 0.049107 0.039683
4 0.305804 0.442130 0.043155 0.036376
4 0.444010 0.422950 0.032366 0.031085
9 0.724144 0.468585 0.120908 0.077381
4 0.810640 0.480820 0.050595 0.038360
4 0.891183 0.484458 0.050223 0.035053
9 0.936384 0.503307 0.126488 0.091270
4 0.704055 0.458995 0.038318 0.035714
4 0.074219 0.417989 0.043527 0.033069
4 0.156436 0.422288 0.034598 0.031085
0 0.232329 0.285053 0.388021 0.248677
0 0.696615 0.651786 0.216890 0.221561
0 0.017857 0.336640 0.035714 0.154762
11 0.010045 0.778770 0.016369 0.061508
1 0.195499 0.652116 0.013021 0.052910
1 0.038504 0.715278 0.013021 0.050926
1 0.054501 0.700728 0.017485 0.052249
1 0.030320 0.743717 0.021949 0.057540
1 0.229167 0.648148 0.009673 0.047619
1 0.084635 0.727183 0.015997 0.054894
1 0.123326 0.715278 0.016741 0.054894
1 0.101376 0.690476 0.018229 0.059524
3 0.353237 0.635913 0.028646 0.029762
2 0.351935 0.624339 0.015625 0.039683
0 0.364025 0.685516 0.437128 0.135582
0 0.457217 0.535714 0.343750 0.097884
3 0.228237 0.523810 0.019717 0.022487
2 0.226376 0.513558 0.015253 0.032407
3 0.197359 0.503307 0.022693 0.022487
2 0.194568 0.495040 0.010417 0.027116
0 0.903088 0.781746 0.192336 0.436508
0 0.598958 0.381944 0.223214 0.087963
