4 0.092076 0.917989 0.087426 0.140212
4 0.169829 0.857804 0.082961 0.119048
4 0.248326 0.821429 0.079985 0.108466
4 0.294643 0.747024 0.078125 0.094577
4 0.251116 0.961971 0.107887 0.074735
6 0.369420 0.945767 0.125744 0.107143
5 0.405134 0.872685 0.102679 0.130291
4 0.174479 0.587963 0.039435 0.064815
4 0.623326 0.486111 0.064360 0.050265
4 0.671131 0.424934 0.055060 0.042989
4 0.554688 0.435847 0.057292 0.043651
4 0.657180 0.408730 0.056176 0.039683
4 0.447359 0.449074 0.067336 0.048942
4 0.384487 0.440146 0.061384 0.052249
4 0.193824 0.416336 0.057292 0.037698
4 0.286644 0.400794 0.054688 0.038360
9 0.168899 0.421958 0.142113 0.092593
4 0.310640 0.466270 0.066220 0.043651
4 0.222098 0.456680 0.065476 0.052249
4 0.176897 0.475529 0.073289 0.043651
4 0.050967 0.499339 0.078869 0.052910
4 0.075521 0.415675 0.052083 0.045635
4 0.363281 0.394841 0.056176 0.038360
4 0.471354 0.389220 0.051339 0.040344
4 0.326079 0.423280 0.055432 0.039683
4 0.647135 0.351190 0.052455 0.034392
4 0.550409 0.379630 0.044271 0.034392
4 0.698475 0.345238 0.045015 0.033069
4 0.621652 0.372685 0.046131 0.037698
0 0.533482 0.644180 0.087054 0.243386
1 0.034226 0.660384 0.017113 0.057540
10 0.001860 0.636905 0.003720 0.039683
3 0.161272 0.560185 0.035342 0.038360
1 0.151786 0.635251 0.021577 0.061508
0 0.378162 0.664021 0.219122 0.144180
1 0.156622 0.547288 0.016369 0.039021
0 0.340402 0.531085 0.299107 0.133598
3 0.591146 0.866071 0.040179 0.068122
2 0.594680 0.855820 0.023438 0.080688
3 0.585379 0.825728 0.037574 0.062831
2 0.588914 0.808532 0.025298 0.069444
10 0.608817 0.770503 0.030134 0.059524
1 0.682106 0.696759 0.016741 0.065476
1 0.733073 0.798280 0.018229 0.068783
1 0.534226 0.828704 0.027530 0.076720
1 0.659412 0.596230 0.010789 0.050926
1 0.670573 0.598214 0.013021 0.057540
7 0.681548 0.842593 0.049107 0.054233
3 0.731585 0.854167 0.029390 0.066799
10 0.752790 0.870370 0.026414 0.097884
1 0.698475 0.683532 0.017485 0.061508
1 0.824591 0.739749 0.018229 0.066799
2 0.847284 0.733796 0.021205 0.046958
2 0.834077 0.719907 0.019345 0.040344
10 0.781808 0.889550 0.044271 0.096561
3 0.606585 0.722222 0.036086 0.052910
2 0.608073 0.706680 0.021949 0.052249
1 0.847284 0.775132 0.023438 0.071429
1 0.929874 0.925595 0.026414 0.085317
1 0.952381 0.893519 0.028274 0.087302
1 0.670387 0.558201 0.011905 0.056878
1 0.661830 0.556878 0.011905 0.051587
0 0.198475 0.340939 0.396949 0.089286
1 0.747210 0.625992 0.015253 0.056217
1 0.730469 0.686177 0.017485 0.061508
1 0.746466 0.751323 0.014509 0.066138
1 0.753906 0.748677 0.011533 0.071429
1 0.809710 0.971561 0.020461 0.055556
1 0.590960 0.549272 0.011533 0.049603
1 0.648251 0.554563 0.011533 0.045635
1 0.644531 0.541336 0.011533 0.045635
1 0.744234 0.603505 0.014509 0.058862
3 0.485677 0.860119 0.044271 0.053571
3 0.633371 0.802579 0.025670 0.049603
3 0.650112 0.813823 0.028646 0.042989
