4 0.093378 0.915675 0.087054 0.138228
4 0.170945 0.855820 0.082961 0.119048
4 0.248512 0.819444 0.079613 0.108466
4 0.294643 0.744378 0.078125 0.094577
4 0.252232 0.961310 0.107887 0.076058
6 0.369792 0.945106 0.125744 0.108466
5 0.405506 0.872024 0.102679 0.130291
4 0.174107 0.587963 0.039435 0.064815
4 0.621466 0.486111 0.064360 0.050265
4 0.643601 0.427579 0.055060 0.042989
4 0.529390 0.438492 0.060268 0.043651
4 0.603609 0.414683 0.056176 0.039683
4 0.409784 0.451058 0.067336 0.048942
4 0.342076 0.444114 0.061384 0.052249
4 0.206845 0.413690 0.057292 0.037698
4 0.296503 0.399471 0.054315 0.038360
9 0.180060 0.421958 0.140625 0.092593
4 0.256138 0.470238 0.068080 0.043651
4 0.181548 0.458003 0.069940 0.052249
4 0.122582 0.477513 0.077009 0.043651
4 0.091890 0.416336 0.052083 0.045635
4 0.372210 0.394180 0.056176 0.038360
4 0.480655 0.383598 0.052083 0.038360
4 0.342634 0.422619 0.055060 0.039683
4 0.647135 0.351190 0.052455 0.034392
4 0.560826 0.378307 0.044271 0.034392
4 0.696987 0.344577 0.045015 0.033069
4 0.630580 0.370040 0.046131 0.037698
0 0.505394 0.641534 0.118676 0.240741
1 0.021205 0.663690 0.015625 0.057540
10 0.001860 0.636905 0.003720 0.039683
3 0.150484 0.565476 0.035342 0.038360
3 0.205915 0.545966 0.030134 0.032407
1 0.134673 0.634590 0.021577 0.061508
0 0.350446 0.669974 0.186012 0.145503
1 0.147321 0.550265 0.014137 0.039683
0 0.316964 0.535714 0.258929 0.133598
3 0.619420 0.890542 0.040179 0.068122
2 0.622954 0.877315 0.023438 0.080026
3 0.605283 0.841601 0.037202 0.062831
2 0.607143 0.829696 0.025298 0.069444
10 0.607701 0.767857 0.030134 0.059524
1 0.680246 0.694775 0.016741 0.065476
1 0.722098 0.790675 0.018601 0.062831
1 0.547619 0.829034 0.027530 0.077381
1 0.659412 0.606151 0.014509 0.054894
1 0.670201 0.601852 0.013765 0.062169
7 0.680804 0.837963 0.049107 0.054233
3 0.730841 0.850198 0.029390 0.066799
10 0.751674 0.867063 0.026414 0.097884
1 0.708519 0.689153 0.015253 0.066138
1 0.820126 0.736111 0.020461 0.066138
2 0.843936 0.730489 0.021205 0.046958
2 0.832589 0.715278 0.019345 0.040344
10 0.780320 0.884921 0.044271 0.096561
3 0.630394 0.724537 0.038318 0.053571
2 0.632068 0.709987 0.023065 0.052249
1 0.859189 0.769841 0.023438 0.071429
1 0.925037 0.927579 0.026414 0.085317
1 0.962426 0.897156 0.028274 0.086640
1 0.668899 0.557540 0.011905 0.056878
1 0.660342 0.556217 0.011905 0.051587
0 0.204055 0.340608 0.408110 0.088624
1 0.738653 0.627315 0.015253 0.056217
1 0.728237 0.680886 0.017485 0.061508
1 0.734189 0.736111 0.014509 0.063492
1 0.741629 0.733466 0.011533 0.068783
1 0.805990 0.967923 0.020461 0.062831
1 0.585379 0.543981 0.011533 0.049603
1 0.648251 0.545304 0.011533 0.045635
1 0.645089 0.533069 0.011161 0.044974
1 0.740141 0.600198 0.014509 0.058862
3 0.485305 0.857474 0.044271 0.053571
3 0.632626 0.799272 0.025670 0.049603
3 0.649368 0.810516 0.028646 0.042989
