4 0.070871 0.935516 0.080729 0.126323
4 0.171689 0.906085 0.079985 0.133598
4 0.244048 0.851190 0.078869 0.113757
4 0.315848 0.822751 0.075149 0.108466
4 0.360119 0.755622 0.074405 0.095899
4 0.314918 0.959987 0.096354 0.077381
6 0.427827 0.949074 0.122024 0.099206
5 0.464658 0.884921 0.101935 0.130952
4 0.247396 0.593254 0.039435 0.060847
4 0.688244 0.502976 0.063988 0.050926
4 0.602121 0.510582 0.079241 0.059524
4 0.091704 0.392857 0.046503 0.033069
4 0.588170 0.453373 0.061012 0.045635
4 0.664807 0.434524 0.060268 0.043651
4 0.429129 0.471230 0.059152 0.042989
4 0.497210 0.447421 0.056920 0.042989
4 0.264323 0.479828 0.064360 0.042989
4 0.268043 0.463294 0.061384 0.040344
4 0.164435 0.418651 0.053571 0.044974
4 0.123140 0.501984 0.075893 0.050265
4 0.093378 0.478505 0.066964 0.052249
4 0.057106 0.370370 0.026414 0.034392
9 0.056920 0.423942 0.113839 0.075397
4 0.388393 0.406415 0.057292 0.037698
4 0.461868 0.404762 0.053199 0.034392
9 0.368304 0.419974 0.126488 0.091270
4 0.013579 0.507606 0.027158 0.040344
4 0.178571 0.436508 0.053571 0.038360
4 0.269159 0.416005 0.052455 0.039683
4 0.526786 0.398810 0.048363 0.039683
4 0.627790 0.388889 0.059152 0.039683
4 0.544085 0.421627 0.049479 0.037698
4 0.716146 0.364418 0.052083 0.034392
4 0.699219 0.386243 0.047247 0.034392
4 0.765439 0.360119 0.045015 0.032407
0 0.045015 0.253638 0.090030 0.248016
0 0.423735 0.614087 0.353423 0.251984
1 0.062128 0.666005 0.019345 0.060847
0 0.133929 0.659061 0.040923 0.102513
0 0.226562 0.540344 0.107887 0.097884
1 0.134487 0.568452 0.011533 0.040344
10 0.668899 0.793320 0.030506 0.058862
1 0.731585 0.726852 0.016741 0.067460
1 0.744606 0.771825 0.018229 0.070106
1 0.704055 0.858796 0.021205 0.069444
1 0.753348 0.702712 0.015625 0.068122
1 0.766555 0.694114 0.017485 0.078704
7 0.739211 0.869709 0.049107 0.054233
3 0.789249 0.889550 0.029390 0.066138
10 0.812686 0.906746 0.026414 0.097884
1 0.871466 0.812831 0.029390 0.075397
1 0.887091 0.773479 0.027158 0.066799
2 0.914062 0.771495 0.021577 0.046958
2 0.901414 0.759590 0.019345 0.040344
10 0.843936 0.921627 0.047247 0.095899
3 0.933036 0.886243 0.046131 0.067460
2 0.936756 0.870370 0.029762 0.071429
3 0.534784 0.712302 0.026414 0.054233
2 0.534040 0.696098 0.018229 0.064153
1 0.732143 0.579365 0.012649 0.056878
1 0.725074 0.580026 0.011905 0.056878
0 0.302269 0.349537 0.300967 0.087963
1 0.709263 0.631283 0.012277 0.056217
1 0.804501 0.722553 0.014509 0.061508
1 0.731585 0.686839 0.014509 0.061508
1 0.739025 0.682209 0.014509 0.064153
1 0.731771 0.528770 0.013393 0.049603
1 0.630022 0.540675 0.011533 0.049603
1 0.798549 0.616733 0.015997 0.068122
3 0.544829 0.872685 0.044271 0.053571
3 0.692522 0.829034 0.028646 0.054894
3 0.707403 0.840278 0.030134 0.042989
