4 0.292969 0.931217 0.065104 0.134921
4 0.378162 0.917989 0.067336 0.129630
4 0.446243 0.883267 0.071057 0.118386
4 0.513951 0.868717 0.071801 0.109127
4 0.559896 0.812831 0.072173 0.104497
5 0.656808 0.950066 0.097098 0.099868
4 0.458705 0.620040 0.033482 0.061508
4 0.923549 0.602844 0.062872 0.053571
4 0.825707 0.597222 0.085193 0.059524
4 0.951451 0.544643 0.074033 0.050926
4 0.973400 0.521164 0.051711 0.044974
4 0.215030 0.461310 0.058036 0.029762
4 0.130022 0.445767 0.054688 0.037037
4 0.373326 0.420635 0.046503 0.033069
4 0.758185 0.511905 0.060268 0.043651
5 0.676339 0.519511 0.069940 0.062831
4 0.481399 0.514220 0.058036 0.045635
4 0.518787 0.497354 0.058408 0.044974
4 0.307664 0.463955 0.051339 0.037698
4 0.426153 0.472884 0.053943 0.038360
4 0.360119 0.505622 0.055060 0.044312
4 0.215216 0.444775 0.056176 0.037698
4 0.414249 0.441138 0.046503 0.038360
4 0.360119 0.485450 0.054315 0.042328
4 0.227307 0.493386 0.058036 0.043651
4 0.243676 0.476521 0.056548 0.037698
4 0.356027 0.456680 0.048363 0.036376
4 0.507999 0.446429 0.049479 0.039683
4 0.116815 0.499669 0.066220 0.042989
4 0.118304 0.472553 0.052083 0.036376
4 0.038504 0.454365 0.045015 0.038360
4 0.316778 0.403439 0.024182 0.034392
9 0.495722 0.447751 0.127604 0.076720
4 0.686384 0.458333 0.057292 0.038360
4 0.770275 0.457672 0.050223 0.034392
9 0.752418 0.474868 0.135789 0.091270
9 0.017299 0.573413 0.034598 0.138889
4 0.029018 0.493386 0.055804 0.038360
4 0.020647 0.472222 0.041295 0.043651
4 0.637091 0.469577 0.047991 0.038360
4 0.591332 0.453042 0.046503 0.038360
4 0.837612 0.465939 0.049479 0.041667
4 0.908854 0.466931 0.063988 0.039683
4 0.946243 0.499008 0.065104 0.042989
4 0.966890 0.450066 0.057292 0.035053
0 0.169829 0.349537 0.339658 0.164683
0 0.681176 0.654101 0.388393 0.251323
1 0.150856 0.712302 0.019717 0.060847
1 0.144717 0.703042 0.019345 0.054233
3 0.330171 0.679894 0.028646 0.030423
2 0.328125 0.664352 0.014881 0.050926
0 0.242560 0.744709 0.469494 0.170635
0 0.398251 0.557540 0.268973 0.097884
3 0.228237 0.559193 0.026414 0.027116
2 0.225074 0.542659 0.015625 0.032407
3 0.178385 0.540675 0.022693 0.021825
2 0.173735 0.525463 0.013393 0.029762
0 0.548921 0.383929 0.300967 0.087963
1 0.960007 0.751323 0.014509 0.060847
1 0.968936 0.750000 0.014509 0.063492
