4 0.383185 0.651455 0.040179 0.067460
4 0.435454 0.649140 0.042039 0.062831
4 0.478237 0.638889 0.042039 0.062169
4 0.522879 0.637235 0.043527 0.064153
4 0.556734 0.615410 0.046503 0.056217
4 0.409040 0.727844 0.047991 0.089286
4 0.462798 0.715278 0.049107 0.082672
4 0.511533 0.712632 0.052827 0.077381
6 0.577195 0.727183 0.066592 0.105159
5 0.609561 0.687831 0.058408 0.074074
4 0.441778 0.863426 0.059152 0.111772
4 0.501116 0.828042 0.053571 0.085979
4 0.556176 0.816138 0.058036 0.088624
4 0.623140 0.831019 0.068452 0.097222
4 0.670945 0.802249 0.072545 0.092593
4 0.544457 0.945767 0.071801 0.103175
4 0.602307 0.915344 0.076637 0.113757
4 0.726004 0.905093 0.082217 0.109127
4 0.717634 0.966931 0.090774 0.063492
4 0.497396 0.528439 0.031250 0.038360
4 0.854539 0.523810 0.054315 0.044974
4 0.776600 0.514220 0.064360 0.042989
4 0.827195 0.480159 0.050967 0.044974
4 0.547805 0.458995 0.046503 0.038360
4 0.642113 0.462632 0.049107 0.036376
4 0.695126 0.457341 0.049479 0.032407
1 0.037946 0.900794 0.022321 0.078042
4 0.600074 0.448082 0.043899 0.035053
4 0.447359 0.445106 0.046503 0.030423
4 0.468378 0.433532 0.046131 0.032407
4 0.506882 0.428571 0.042039 0.027778
4 0.468936 0.416336 0.041295 0.031085
4 0.509487 0.407407 0.047247 0.027778
4 0.393973 0.427249 0.043155 0.033069
5 0.356585 0.429563 0.049479 0.041667
4 0.280134 0.424934 0.043155 0.032407
4 0.319196 0.418320 0.037202 0.029762
4 0.684338 0.424934 0.045015 0.037698
4 0.217634 0.398479 0.039435 0.032407
4 0.284784 0.399471 0.029390 0.027778
0 0.278646 0.267857 0.295387 0.236772
0 0.011905 0.525463 0.023810 0.216270
0 0.634859 0.559193 0.216890 0.188492
0 0.090960 0.317791 0.079241 0.154101
1 0.088170 0.660384 0.011905 0.049603
11 0.084635 0.635913 0.016741 0.049603
1 0.041295 0.601190 0.013393 0.043651
1 0.086868 0.595569 0.011533 0.048280
1 0.106213 0.603836 0.013765 0.042328
1 0.094680 0.602513 0.012277 0.041005
1 0.127418 0.565146 0.013765 0.046958
1 0.133929 0.598214 0.010417 0.036376
1 0.133929 0.583333 0.012649 0.039683
1 0.177641 0.604167 0.015253 0.044312
1 0.187686 0.557870 0.012277 0.039021
1 0.207031 0.594907 0.011533 0.040344
1 0.232701 0.590939 0.013021 0.042989
1 0.235677 0.578704 0.015997 0.047619
3 0.243118 0.552249 0.025670 0.023810
2 0.240699 0.538029 0.011905 0.032407
0 0.383371 0.564153 0.266741 0.092593
0 0.355097 0.473876 0.341890 0.093254
0 0.926711 0.767526 0.142113 0.460979
0 0.593378 0.357143 0.170387 0.087302
0 0.798363 0.672950 0.112351 0.292989
