4 0.046689 0.937500 0.074777 0.122354
4 0.146019 0.907407 0.080729 0.133598
4 0.219494 0.850529 0.079613 0.116402
4 0.292411 0.818783 0.075893 0.108466
4 0.337426 0.750331 0.075149 0.095899
4 0.292597 0.958003 0.100818 0.081349
6 0.406436 0.945767 0.124628 0.107143
5 0.442336 0.876653 0.102679 0.130291
4 0.219866 0.589286 0.039435 0.060847
4 0.661272 0.495040 0.064360 0.050926
4 0.575521 0.502976 0.078125 0.058862
4 0.048735 0.390212 0.046131 0.033069
4 0.623512 0.439153 0.061012 0.044974
4 0.703497 0.419974 0.060268 0.043651
4 0.461496 0.458995 0.059152 0.043651
4 0.532924 0.436508 0.056920 0.043651
4 0.305246 0.471892 0.064360 0.042989
4 0.303757 0.455357 0.061384 0.040344
4 0.120722 0.417659 0.056920 0.045635
4 0.148438 0.496032 0.075893 0.050265
4 0.108631 0.476521 0.066964 0.052249
4 0.017299 0.365410 0.028646 0.035053
4 0.341890 0.403108 0.057292 0.037698
4 0.417225 0.400794 0.053199 0.034392
9 0.315476 0.419312 0.132440 0.091270
4 0.022879 0.502976 0.045759 0.044312
4 0.109747 0.438492 0.055060 0.038360
4 0.225074 0.413690 0.052083 0.041667
4 0.485863 0.394841 0.046131 0.039683
4 0.583147 0.385913 0.051711 0.039021
4 0.489025 0.421627 0.049479 0.037698
4 0.685640 0.356481 0.052083 0.034392
4 0.662016 0.379630 0.047247 0.034392
4 0.735677 0.352513 0.045015 0.033069
0 0.031808 0.250992 0.063616 0.248016
0 0.394531 0.612765 0.361979 0.254630
1 0.057664 0.660714 0.021577 0.060847
0 0.110119 0.664352 0.093006 0.105159
0 0.183594 0.535714 0.062872 0.097884
1 0.123140 0.564153 0.013393 0.039683
3 0.631324 0.886574 0.037202 0.069444
1 0.629464 0.869709 0.022321 0.064815
10 0.646763 0.870370 0.043527 0.066138
2 0.648251 0.860119 0.022693 0.073413
10 0.644345 0.776786 0.030506 0.058862
1 0.709635 0.722553 0.017485 0.077381
1 0.717076 0.756614 0.018229 0.070106
1 0.676897 0.845569 0.021205 0.069444
1 0.723214 0.676918 0.015625 0.068122
1 0.733073 0.661376 0.016741 0.067460
7 0.715030 0.854497 0.049107 0.054233
3 0.762835 0.870040 0.029390 0.066799
10 0.784040 0.885582 0.026414 0.097884
1 0.818638 0.778439 0.029390 0.075397
1 0.857329 0.756283 0.027158 0.066799
2 0.882254 0.752315 0.021205 0.046958
2 0.869048 0.740410 0.019345 0.040344
10 0.817894 0.905754 0.047247 0.095899
3 0.854167 0.834325 0.046131 0.066799
2 0.855469 0.820106 0.030134 0.071429
1 0.935826 0.742394 0.023438 0.072090
1 0.705357 0.570106 0.011905 0.056878
1 0.696987 0.567791 0.011533 0.050926
0 0.330915 0.342923 0.300967 0.087963
1 0.702381 0.627976 0.015625 0.056217
1 0.779576 0.708003 0.014509 0.061508
1 0.710751 0.686839 0.014509 0.061508
1 0.718936 0.682870 0.014509 0.064153
1 0.847656 0.965939 0.020461 0.066799
1 0.714100 0.514220 0.012277 0.049603
1 0.605841 0.534722 0.011533 0.049603
1 0.768043 0.604828 0.015997 0.068122
3 0.521019 0.860119 0.044271 0.053571
3 0.670945 0.815146 0.027158 0.052249
3 0.686570 0.826389 0.029390 0.042989
