4 0.382068 0.679563 0.041667 0.069444
4 0.436942 0.678241 0.042783 0.066799
4 0.481957 0.666667 0.044271 0.066138
4 0.529018 0.664352 0.045387 0.070767
4 0.564546 0.640542 0.048735 0.060185
4 0.410156 0.764550 0.051711 0.095238
4 0.466332 0.751323 0.051711 0.088624
4 0.517113 0.747685 0.057292 0.083995
6 0.588170 0.765873 0.071429 0.113757
5 0.620908 0.721561 0.062500 0.080688
4 0.444382 0.915013 0.063616 0.118386
4 0.507254 0.878968 0.056920 0.092593
4 0.566220 0.863757 0.062500 0.095238
4 0.637835 0.881283 0.074033 0.107804
4 0.687872 0.849206 0.078125 0.103175
4 0.548177 0.975198 0.071801 0.046958
4 0.613467 0.956019 0.078125 0.085317
4 0.748140 0.951720 0.084821 0.092593
4 0.500372 0.540013 0.030506 0.042989
4 0.868118 0.539683 0.057664 0.044974
4 0.787016 0.532077 0.064360 0.042989
4 0.890997 0.496032 0.051339 0.044974
4 0.582403 0.470569 0.050967 0.037698
4 0.689732 0.478836 0.051339 0.038360
4 0.750930 0.475198 0.049479 0.032407
1 0.007812 0.969907 0.015625 0.057540
4 0.639881 0.460979 0.048363 0.034392
4 0.477679 0.459325 0.051339 0.029762
4 0.492560 0.447421 0.046131 0.032407
4 0.501860 0.436839 0.043899 0.029762
4 0.454427 0.422619 0.042783 0.030423
4 0.511719 0.416005 0.047247 0.027778
4 0.409970 0.438823 0.043155 0.032407
5 0.377046 0.442130 0.049479 0.041667
4 0.297805 0.434524 0.045015 0.031746
4 0.337054 0.428241 0.040179 0.031085
4 0.562500 0.445106 0.042411 0.031746
4 0.652902 0.450066 0.046131 0.032407
4 0.218564 0.433862 0.042039 0.030423
4 0.542039 0.428902 0.043155 0.031085
4 0.561384 0.420304 0.039435 0.029762
4 0.396019 0.426257 0.039062 0.028439
4 0.430060 0.407738 0.037202 0.025794
4 0.680990 0.430886 0.038318 0.035053
4 0.194196 0.403108 0.043155 0.031085
4 0.262091 0.406746 0.029390 0.027778
0 0.271949 0.270503 0.313244 0.239418
0 0.638579 0.573082 0.216890 0.203042
0 0.075335 0.317791 0.079241 0.154101
1 0.069568 0.692791 0.011905 0.049603
11 0.067894 0.664352 0.016741 0.049603
1 0.015253 0.627646 0.015625 0.047619
1 0.063988 0.611442 0.009673 0.049603
1 0.082217 0.628968 0.013393 0.042328
1 0.066778 0.626984 0.017485 0.041005
1 0.129278 0.584987 0.015997 0.046958
1 0.113467 0.618717 0.010417 0.036376
1 0.113467 0.609458 0.012649 0.039021
1 0.152716 0.627315 0.015253 0.044312
1 0.185454 0.577050 0.010045 0.039021
1 0.184338 0.618717 0.011533 0.042989
1 0.212426 0.612103 0.014137 0.042989
1 0.210751 0.601190 0.015997 0.047619
3 0.252418 0.569444 0.025670 0.023810
2 0.250744 0.554563 0.011905 0.032407
0 0.373326 0.589947 0.284598 0.092593
0 0.356957 0.483796 0.344122 0.098545
0 0.902530 0.768849 0.191964 0.459656
0 0.596168 0.366402 0.170759 0.087302
0 0.774182 0.638889 0.063988 0.224868
