4 0.023810 0.940807 0.047619 0.117063
4 0.111421 0.909061 0.083705 0.132937
4 0.187500 0.849868 0.081845 0.119048
4 0.261905 0.814815 0.077381 0.107143
4 0.306920 0.744709 0.076637 0.095238
4 0.258185 0.957341 0.107887 0.082672
6 0.372396 0.942460 0.125744 0.113757
5 0.408110 0.868056 0.102679 0.130291
4 0.179688 0.587632 0.039435 0.064153
4 0.625930 0.483796 0.064360 0.050926
4 0.541667 0.493717 0.078125 0.058862
4 0.690848 0.414021 0.057292 0.044974
4 0.520089 0.441468 0.055060 0.042989
4 0.596168 0.418320 0.056920 0.042989
4 0.384487 0.455688 0.064360 0.043651
4 0.397321 0.436839 0.061012 0.040344
4 0.055060 0.414683 0.058036 0.044974
4 0.224330 0.484127 0.075893 0.050265
4 0.161086 0.463294 0.066964 0.052249
4 0.274926 0.401124 0.057292 0.037698
4 0.348958 0.395833 0.054315 0.036376
9 0.239769 0.417659 0.136533 0.090608
4 0.062128 0.494048 0.070685 0.046296
4 0.030878 0.476521 0.058036 0.049603
4 0.014137 0.443122 0.028274 0.038360
4 0.160342 0.414352 0.052083 0.045635
4 0.425037 0.392857 0.046503 0.039683
4 0.522507 0.382275 0.051711 0.039683
4 0.412946 0.415013 0.052083 0.040344
4 0.651228 0.345899 0.052455 0.034392
4 0.606213 0.374669 0.047247 0.035053
4 0.698289 0.341601 0.045387 0.032407
4 0.665551 0.365410 0.046131 0.037698
0 0.400670 0.621362 0.283482 0.248016
10 0.119420 0.627646 0.040179 0.039683
3 0.109933 0.573082 0.035342 0.037698
3 0.160528 0.556548 0.030134 0.032407
1 0.070499 0.646825 0.021205 0.060847
0 0.138765 0.666997 0.238095 0.143519
1 0.109375 0.561177 0.013393 0.040344
0 0.221726 0.545966 0.076637 0.074735
3 0.531994 0.802579 0.037202 0.069444
1 0.532738 0.791005 0.022321 0.064815
10 0.531250 0.775132 0.037202 0.066138
2 0.530692 0.770172 0.022693 0.073413
10 0.611049 0.762566 0.030134 0.059524
1 0.679688 0.691138 0.016369 0.064815
1 0.691964 0.752976 0.018601 0.062831
1 0.614025 0.838624 0.021205 0.070106
1 0.675037 0.637235 0.015253 0.061508
1 0.681362 0.627315 0.016741 0.065476
7 0.679129 0.836640 0.049479 0.054233
3 0.727493 0.846892 0.029390 0.066799
10 0.747582 0.865079 0.026414 0.097884
1 0.752232 0.731812 0.016369 0.074735
1 0.817522 0.735119 0.027158 0.066799
2 0.845424 0.729167 0.021205 0.046958
2 0.831473 0.711971 0.019345 0.040344
10 0.777716 0.877315 0.047247 0.095899
3 0.743862 0.773479 0.044271 0.062831
2 0.745908 0.755952 0.028274 0.060847
1 0.886719 0.730489 0.023438 0.072090
1 0.947359 0.965278 0.026414 0.068122
1 0.669643 0.556878 0.011905 0.056878
1 0.662574 0.555886 0.011905 0.050926
0 0.252790 0.341601 0.402902 0.087963
1 0.699963 0.627315 0.015253 0.056217
1 0.736607 0.686177 0.017113 0.061508
1 0.696615 0.689484 0.014509 0.061508
1 0.702567 0.684193 0.014509 0.064153
1 0.801525 0.960317 0.020461 0.078042
1 0.696987 0.495701 0.012277 0.049603
1 0.582031 0.531415 0.011533 0.049603
1 0.739397 0.595238 0.015997 0.062169
3 0.488281 0.850860 0.044271 0.053571
3 0.632999 0.794643 0.025670 0.049603
3 0.649368 0.807209 0.028646 0.042989
