4 0.018973 0.941468 0.037946 0.115741
4 0.102493 0.909061 0.085193 0.132937
4 0.178943 0.849868 0.082589 0.119048
4 0.253534 0.814153 0.077753 0.107143
4 0.298177 0.743717 0.077753 0.094577
4 0.257068 0.957672 0.107887 0.082011
6 0.371652 0.942791 0.125744 0.113095
5 0.407366 0.868717 0.102679 0.130291
4 0.174479 0.587963 0.039435 0.064815
4 0.619978 0.480489 0.064360 0.050926
4 0.542039 0.437500 0.055060 0.042989
4 0.617746 0.414352 0.056920 0.042989
4 0.406808 0.450397 0.064360 0.043651
4 0.428199 0.431548 0.061012 0.040344
4 0.037202 0.411376 0.060268 0.043651
4 0.256324 0.477513 0.074405 0.050265
4 0.189174 0.459987 0.064360 0.052249
4 0.263393 0.401786 0.057292 0.037698
4 0.334077 0.396164 0.054315 0.038360
9 0.222842 0.419312 0.139137 0.091270
4 0.081101 0.490410 0.075893 0.045635
4 0.042411 0.473876 0.069940 0.052249
4 0.142485 0.413690 0.052083 0.045635
4 0.406064 0.390212 0.046503 0.039683
4 0.511719 0.382275 0.052455 0.039683
4 0.397693 0.415013 0.052083 0.040344
4 0.641183 0.347884 0.052455 0.034392
4 0.591332 0.372685 0.047247 0.035053
4 0.691964 0.340608 0.045387 0.033069
4 0.654018 0.364087 0.046131 0.037698
0 0.413318 0.626984 0.242560 0.244709
10 0.077381 0.630952 0.040179 0.039683
3 0.112537 0.573743 0.035342 0.037698
3 0.162760 0.557870 0.030134 0.032407
1 0.075335 0.644841 0.021205 0.060847
0 0.186198 0.669974 0.208705 0.145503
1 0.113467 0.558532 0.013393 0.040344
0 0.234933 0.529431 0.114955 0.080026
3 0.512649 0.786706 0.037202 0.064153
1 0.513021 0.777116 0.022321 0.064815
10 0.509301 0.753968 0.037202 0.066138
2 0.508185 0.750992 0.022321 0.073413
10 0.603981 0.757937 0.030134 0.059524
1 0.673735 0.688492 0.016369 0.064815
1 0.693452 0.756944 0.018601 0.062831
1 0.596354 0.834656 0.023065 0.071429
1 0.666481 0.627976 0.014509 0.057540
1 0.673177 0.618717 0.013765 0.064153
7 0.675037 0.832672 0.049479 0.054233
3 0.723028 0.843585 0.029390 0.066799
10 0.743118 0.861111 0.026414 0.097884
1 0.741071 0.719907 0.016369 0.074735
1 0.814546 0.731151 0.027158 0.066799
2 0.838728 0.725198 0.021205 0.046958
2 0.825521 0.709987 0.019345 0.040344
10 0.774368 0.872685 0.047247 0.095899
3 0.715402 0.753638 0.040923 0.057540
2 0.719680 0.738095 0.026414 0.060847
1 0.880394 0.731812 0.023438 0.072090
1 0.930618 0.955026 0.026414 0.080688
1 0.664435 0.551587 0.011905 0.056878
1 0.657366 0.552910 0.011905 0.051587
0 0.229539 0.341601 0.433780 0.087963
1 0.704055 0.628638 0.015253 0.056217
1 0.727865 0.680225 0.017485 0.061508
1 0.699219 0.694775 0.014509 0.061508
1 0.703683 0.688823 0.013021 0.064153
1 0.794085 0.959325 0.020461 0.080026
1 0.577195 0.530754 0.011533 0.049603
1 0.734933 0.593585 0.015253 0.058862
3 0.484561 0.850198 0.044271 0.053571
3 0.629650 0.791997 0.025670 0.049603
3 0.645647 0.803241 0.028646 0.042989
