4 0.382999 0.707672 0.043527 0.074074
4 0.440848 0.706349 0.046131 0.071429
4 0.488095 0.693452 0.046131 0.070767
4 0.537388 0.690807 0.047991 0.073413
4 0.574591 0.664352 0.050967 0.064153
4 0.412202 0.802249 0.055060 0.103175
4 0.471726 0.788029 0.055060 0.097222
4 0.525112 0.783399 0.061384 0.093254
6 0.600446 0.804894 0.076637 0.123016
5 0.634859 0.755291 0.066592 0.087302
4 0.448103 0.951720 0.067336 0.092593
4 0.517485 0.929563 0.062500 0.103836
4 0.580357 0.913360 0.068452 0.105820
4 0.656994 0.931878 0.080357 0.113757
4 0.709635 0.898148 0.085193 0.115079
4 0.772693 0.982143 0.084821 0.031746
4 0.509673 0.554894 0.030506 0.043651
4 0.895089 0.558862 0.072917 0.044974
4 0.807292 0.544312 0.063988 0.043651
4 0.632068 0.486442 0.052083 0.037698
4 0.749442 0.497354 0.053943 0.039683
4 0.824405 0.491071 0.050595 0.033730
4 0.690476 0.475529 0.048363 0.034392
4 0.516369 0.473214 0.051339 0.033730
4 0.529018 0.457341 0.049107 0.032407
4 0.497210 0.444114 0.046503 0.032407
4 0.440290 0.428241 0.044271 0.029762
4 0.515067 0.424603 0.047247 0.027778
4 0.436384 0.448743 0.043155 0.032407
5 0.404948 0.452712 0.052455 0.040344
4 0.323475 0.446759 0.047247 0.033730
4 0.356399 0.437500 0.045387 0.031085
4 0.563616 0.454365 0.042411 0.033069
4 0.651042 0.458003 0.046131 0.032407
4 0.238281 0.442791 0.042039 0.032407
4 0.532180 0.434854 0.043527 0.031085
4 0.564732 0.424272 0.039435 0.029762
4 0.382626 0.429233 0.039062 0.029101
4 0.433780 0.409061 0.037202 0.025794
4 0.691778 0.440807 0.038318 0.035053
4 0.173177 0.407738 0.043527 0.031085
4 0.242001 0.413360 0.029390 0.027778
0 0.265253 0.272487 0.331101 0.242063
0 0.641927 0.586640 0.216890 0.216931
0 0.058780 0.319775 0.078869 0.154101
1 0.055060 0.720238 0.011905 0.050265
11 0.053199 0.685847 0.019345 0.054233
1 0.044085 0.626653 0.011533 0.050926
1 0.066220 0.645172 0.012649 0.041667
1 0.046317 0.641534 0.017485 0.041005
1 0.139881 0.598545 0.017113 0.046296
1 0.100074 0.639220 0.012649 0.042989
1 0.101190 0.628968 0.012649 0.046296
1 0.132999 0.648479 0.015253 0.044312
1 0.194568 0.590939 0.014137 0.039021
1 0.168899 0.639881 0.011161 0.044312
1 0.196429 0.632937 0.014881 0.042328
1 0.190290 0.620370 0.015997 0.047619
3 0.268043 0.583333 0.025670 0.023810
2 0.266927 0.570106 0.011533 0.038360
0 0.373512 0.607143 0.313244 0.092593
0 0.372396 0.494709 0.343750 0.097884
0 0.878348 0.769511 0.241815 0.458333
0 0.597656 0.372024 0.176711 0.087963
