4 0.369606 0.909392 0.057664 0.125661
4 0.452381 0.905423 0.061756 0.123016
4 0.517485 0.879960 0.066220 0.114418
4 0.583705 0.876984 0.066964 0.111111
4 0.631882 0.823082 0.071801 0.101190
5 0.727493 0.964616 0.091146 0.070767
4 0.541295 0.636905 0.033482 0.058201
4 0.927083 0.638558 0.090774 0.058862
4 0.873698 0.572421 0.071057 0.050926
4 0.898624 0.552249 0.070312 0.046296
4 0.387091 0.470569 0.051711 0.032407
4 0.300595 0.448082 0.049851 0.035053
4 0.493304 0.448413 0.046131 0.033069
4 0.688802 0.530423 0.059152 0.042328
5 0.632626 0.534061 0.068824 0.061508
4 0.476562 0.518849 0.057292 0.044312
4 0.505952 0.502646 0.055804 0.038360
4 0.475260 0.485119 0.050967 0.037698
4 0.590960 0.498347 0.053943 0.035053
4 0.375000 0.503638 0.052827 0.045635
4 0.385045 0.457011 0.049107 0.038360
4 0.553385 0.461640 0.046503 0.038360
4 0.373884 0.487103 0.052827 0.042989
4 0.127418 0.446429 0.053943 0.038360
4 0.143043 0.434524 0.040551 0.033069
4 0.255208 0.488757 0.054315 0.043651
4 0.279948 0.473214 0.049479 0.037698
4 0.534226 0.477183 0.048363 0.036376
4 0.625186 0.467593 0.049479 0.039683
4 0.154576 0.482143 0.059896 0.044974
4 0.224516 0.452381 0.045015 0.038360
4 0.414435 0.426257 0.025298 0.029762
9 0.671689 0.473545 0.126860 0.076720
4 0.795387 0.492725 0.057292 0.038360
4 0.871466 0.482474 0.050223 0.035053
9 0.909226 0.514220 0.148810 0.090608
9 0.075707 0.521495 0.100074 0.127646
4 0.820499 0.510251 0.052455 0.042989
4 0.697173 0.476852 0.037946 0.037037
4 0.065290 0.432870 0.034598 0.031085
0 0.208519 0.294312 0.396949 0.248677
0 0.669085 0.667659 0.216890 0.221561
0 0.004836 0.336640 0.009673 0.154762
1 0.194196 0.699405 0.017113 0.062831
1 0.212984 0.691799 0.018229 0.054233
1 0.030692 0.782738 0.021949 0.064153
3 0.365885 0.676918 0.028646 0.029762
2 0.364211 0.662368 0.014881 0.048280
0 0.310268 0.734458 0.487351 0.156746
0 0.462426 0.558532 0.343750 0.098545
3 0.248698 0.553902 0.025670 0.027116
2 0.248140 0.538029 0.015625 0.032407
3 0.211124 0.532077 0.022693 0.021825
2 0.207589 0.519511 0.010417 0.031085
0 0.887463 0.793320 0.217634 0.408069
0 0.599702 0.387235 0.247024 0.087963
