4 0.355469 0.929894 0.059896 0.130952
4 0.440662 0.924272 0.063616 0.128968
4 0.507254 0.896825 0.068080 0.119048
4 0.575707 0.893519 0.068824 0.116402
4 0.623884 0.834656 0.073661 0.104497
5 0.712984 0.966931 0.091146 0.066138
4 0.524926 0.638889 0.033482 0.059524
4 0.910342 0.635913 0.090774 0.058862
4 0.894345 0.574405 0.072173 0.050926
4 0.921875 0.555225 0.072917 0.045635
4 0.348028 0.468585 0.054688 0.031085
4 0.263579 0.448743 0.050223 0.035053
4 0.467262 0.444444 0.046131 0.033069
4 0.709077 0.533069 0.060268 0.043651
5 0.646949 0.536045 0.069940 0.062831
4 0.479911 0.522156 0.058036 0.045635
4 0.508371 0.508929 0.059152 0.037698
4 0.440290 0.483135 0.050967 0.037698
4 0.555618 0.495370 0.053943 0.038360
4 0.372954 0.509921 0.053943 0.044974
4 0.348958 0.454365 0.051339 0.038360
4 0.525856 0.458995 0.046503 0.038360
4 0.370350 0.491071 0.053199 0.042989
4 0.087612 0.447090 0.056920 0.041005
4 0.093192 0.438161 0.049479 0.032407
4 0.248512 0.493386 0.055060 0.043651
4 0.273810 0.478175 0.050595 0.038360
4 0.493676 0.477183 0.048363 0.036376
4 0.599144 0.467593 0.049479 0.039683
4 0.147135 0.489749 0.059896 0.044312
4 0.185454 0.453704 0.047247 0.038360
4 0.395461 0.422950 0.024554 0.029762
9 0.634487 0.470899 0.128348 0.076720
4 0.775670 0.489087 0.057292 0.037698
4 0.850632 0.479167 0.050223 0.035053
9 0.882254 0.510251 0.152158 0.090608
9 0.055990 0.539352 0.098586 0.130291
4 0.780320 0.503638 0.052455 0.042989
4 0.691778 0.480489 0.037574 0.037698
4 0.019159 0.438823 0.034598 0.031085
0 0.201079 0.297288 0.399926 0.248016
0 0.670573 0.669974 0.238467 0.220899
1 0.181920 0.713955 0.019345 0.061508
1 0.197359 0.703042 0.018229 0.054233
3 0.356957 0.687500 0.028646 0.029762
2 0.354539 0.668981 0.014881 0.049603
0 0.285900 0.742394 0.527158 0.168651
0 0.446801 0.564484 0.343750 0.098545
3 0.245350 0.559854 0.026414 0.027116
2 0.244420 0.542659 0.015625 0.032407
3 0.204427 0.536706 0.022693 0.021825
2 0.201265 0.523810 0.011905 0.030423
0 0.900112 0.794312 0.199033 0.408730
0 0.599888 0.388558 0.254836 0.087963
