4 0.381696 0.692460 0.042411 0.070106
4 0.437686 0.691468 0.043527 0.068122
4 0.483817 0.679563 0.045015 0.068122
4 0.531994 0.676918 0.046131 0.073413
4 0.568266 0.652447 0.050223 0.062831
4 0.410714 0.781085 0.053571 0.097884
4 0.468006 0.767526 0.052827 0.091931
4 0.519717 0.763228 0.059524 0.087302
6 0.593006 0.783069 0.073661 0.116402
5 0.626116 0.736111 0.063988 0.083333
4 0.447359 0.935516 0.066592 0.117063
4 0.511533 0.901455 0.059524 0.095238
4 0.572359 0.885582 0.065848 0.097884
4 0.646763 0.905423 0.077009 0.115079
4 0.696987 0.870370 0.080729 0.108466
4 0.618862 0.966601 0.077753 0.064153
4 0.759301 0.963955 0.084821 0.069444
4 0.505208 0.545635 0.030506 0.043651
4 0.880952 0.548942 0.058036 0.044974
4 0.798735 0.537698 0.063988 0.043651
4 0.928571 0.505952 0.051339 0.044974
4 0.603795 0.476521 0.052083 0.037698
4 0.714286 0.487103 0.052827 0.039021
4 0.781064 0.483796 0.049479 0.032407
4 0.661458 0.468254 0.048363 0.034392
4 0.494792 0.464616 0.051339 0.029762
4 0.509673 0.450066 0.046131 0.032407
4 0.499814 0.440146 0.045015 0.031085
4 0.448103 0.424934 0.043527 0.029762
4 0.513207 0.419312 0.047247 0.027778
4 0.420015 0.443452 0.043155 0.032407
5 0.388207 0.447421 0.050223 0.041667
4 0.307850 0.439484 0.045759 0.032407
4 0.345610 0.432209 0.042411 0.031085
4 0.560640 0.450066 0.042411 0.032407
4 0.652158 0.453373 0.046131 0.032407
4 0.227121 0.437500 0.042039 0.031085
4 0.537760 0.431548 0.043527 0.031085
4 0.562872 0.422288 0.039435 0.029762
4 0.390067 0.427579 0.039062 0.028439
4 0.431548 0.408399 0.037202 0.025794
4 0.686570 0.435516 0.038318 0.035053
4 0.186012 0.405093 0.043155 0.031085
4 0.253534 0.410053 0.029390 0.027778
0 0.268973 0.271164 0.321429 0.240741
0 0.640067 0.579365 0.216890 0.208995
0 0.068080 0.318452 0.078869 0.154101
1 0.062500 0.705357 0.011905 0.049603
11 0.060826 0.674934 0.017485 0.050926
1 0.007254 0.635582 0.011533 0.047619
1 0.058408 0.621362 0.011161 0.050926
1 0.076265 0.635251 0.013393 0.041667
1 0.057478 0.632275 0.017485 0.041005
1 0.132440 0.591931 0.017113 0.046296
1 0.106399 0.628307 0.011161 0.038360
1 0.106771 0.618386 0.012649 0.041005
1 0.143415 0.636574 0.015253 0.044312
1 0.187872 0.583664 0.011161 0.039021
1 0.176339 0.628638 0.011161 0.044312
1 0.204613 0.621032 0.014881 0.042328
1 0.200707 0.610450 0.015997 0.047619
3 0.258371 0.576720 0.025670 0.023810
2 0.257068 0.562169 0.011905 0.034392
0 0.372582 0.598545 0.296503 0.092593
0 0.360491 0.488426 0.343750 0.098545
0 0.891741 0.769180 0.214286 0.458995
0 0.597656 0.370701 0.170759 0.087963
