4 0.384301 0.723214 0.044643 0.077381
4 0.444196 0.721230 0.048363 0.074735
4 0.492560 0.708003 0.047619 0.073413
4 0.542969 0.705357 0.049479 0.073413
4 0.580915 0.676257 0.051711 0.065476
4 0.413876 0.823743 0.056176 0.109127
4 0.475632 0.808862 0.056920 0.101852
4 0.531064 0.803571 0.062872 0.099206
6 0.608445 0.826720 0.079241 0.129630
5 0.644531 0.773810 0.069568 0.091270
4 0.446987 0.965608 0.067336 0.064815
4 0.521577 0.949405 0.063244 0.093254
4 0.586682 0.935847 0.069196 0.100529
4 0.665551 0.949405 0.081101 0.097222
4 0.722656 0.921296 0.091146 0.115079
4 0.512649 0.560847 0.030506 0.043651
4 0.907366 0.566799 0.072917 0.044974
4 0.815476 0.554233 0.063988 0.043651
4 0.658482 0.495701 0.052083 0.037698
4 0.784598 0.504960 0.055060 0.040344
4 0.868676 0.498347 0.052827 0.037698
4 0.720982 0.482474 0.049107 0.035053
4 0.538318 0.480820 0.051339 0.038360
4 0.549107 0.464616 0.052083 0.032407
4 0.491257 0.448082 0.046503 0.032407
4 0.426897 0.430886 0.044271 0.029762
4 0.512091 0.424603 0.047247 0.027778
4 0.451637 0.454365 0.043155 0.034392
5 0.420759 0.458995 0.054315 0.042328
4 0.336310 0.452712 0.048363 0.035053
4 0.361979 0.444114 0.045387 0.031085
4 0.559524 0.454365 0.042411 0.033069
4 0.643601 0.460979 0.046131 0.033069
4 0.247582 0.449405 0.042039 0.032407
4 0.522507 0.436177 0.043527 0.031085
4 0.566034 0.428902 0.039062 0.032407
4 0.255766 0.434854 0.045015 0.036376
4 0.275670 0.423611 0.044643 0.037698
4 0.304501 0.415344 0.038318 0.033069
4 0.369234 0.429894 0.039062 0.029101
4 0.431176 0.412368 0.037202 0.025794
4 0.688058 0.444114 0.038318 0.035053
4 0.156064 0.411045 0.043527 0.031085
4 0.230097 0.416005 0.029390 0.027778
0 0.261719 0.273810 0.341146 0.243386
0 0.646763 0.594907 0.216890 0.221561
0 0.050409 0.329034 0.079241 0.154101
1 0.047619 0.734458 0.011905 0.050926
11 0.045201 0.696429 0.021205 0.058201
1 0.028460 0.643188 0.011533 0.050926
1 0.050967 0.656746 0.013393 0.041005
1 0.025856 0.653439 0.017485 0.041005
1 0.143601 0.605159 0.017113 0.046296
1 0.088356 0.649140 0.013021 0.044312
1 0.091704 0.637235 0.013021 0.046958
1 0.118304 0.661376 0.014881 0.046296
1 0.195499 0.598545 0.013765 0.041005
1 0.155692 0.651786 0.011533 0.044312
1 0.186756 0.644180 0.015625 0.043651
1 0.178385 0.629960 0.015253 0.049603
3 0.276972 0.590608 0.025670 0.023810
2 0.276228 0.577712 0.011533 0.040344
0 0.373698 0.615741 0.329985 0.099206
0 0.382068 0.504630 0.343750 0.097884
0 0.878534 0.770172 0.242188 0.458333
0 0.597842 0.373347 0.183036 0.087963
