4 0.183036 0.932540 0.071429 0.130952
4 0.274182 0.909061 0.071429 0.128968
4 0.343006 0.867063 0.072917 0.113757
4 0.411272 0.843585 0.071801 0.109127
4 0.455543 0.780754 0.071801 0.099868
5 0.556176 0.925595 0.098958 0.138228
4 0.352307 0.609127 0.033482 0.060847
4 0.796131 0.549934 0.069940 0.052249
4 0.704985 0.552249 0.078869 0.059524
4 0.234933 0.405754 0.046503 0.032407
4 0.823475 0.473545 0.059896 0.043651
5 0.723772 0.486772 0.070312 0.059524
4 0.491443 0.500992 0.061012 0.045635
4 0.547433 0.479497 0.058408 0.044974
4 0.093750 0.461640 0.061756 0.035714
4 0.208333 0.460979 0.057292 0.038360
4 0.349144 0.497354 0.056176 0.043651
4 0.011719 0.446098 0.023438 0.037698
4 0.243304 0.425926 0.046131 0.038360
4 0.376488 0.475860 0.057292 0.041667
4 0.205915 0.494378 0.064360 0.042989
4 0.210938 0.476190 0.058780 0.037037
4 0.148065 0.448413 0.051339 0.039683
4 0.327381 0.431548 0.049107 0.040344
4 0.084449 0.510251 0.075893 0.042989
4 0.077567 0.483135 0.058408 0.040344
4 0.188988 0.389550 0.024554 0.034392
9 0.284784 0.429894 0.123884 0.076720
4 0.532924 0.428571 0.056920 0.038360
4 0.624442 0.427579 0.050223 0.035053
9 0.568266 0.442791 0.126860 0.090608
4 0.006882 0.509921 0.013765 0.038360
4 0.418713 0.445767 0.047991 0.038360
4 0.434338 0.429894 0.046503 0.038360
4 0.688988 0.428241 0.054315 0.040344
4 0.758743 0.421627 0.059152 0.040344
4 0.747210 0.452050 0.059896 0.041667
4 0.824591 0.406085 0.053199 0.034392
4 0.841704 0.423611 0.053199 0.035053
4 0.882440 0.400132 0.045387 0.038360
0 0.114583 0.270833 0.229167 0.248016
0 0.561198 0.628968 0.391741 0.255291
1 0.090030 0.699405 0.019345 0.061508
1 0.060268 0.707672 0.019345 0.054233
3 0.281436 0.666667 0.028646 0.030423
2 0.276786 0.652447 0.014881 0.050926
0 0.181548 0.697751 0.363095 0.170635
0 0.296503 0.551587 0.137649 0.097884
3 0.199963 0.559524 0.026414 0.027778
2 0.196429 0.540344 0.015625 0.033069
3 0.139695 0.541997 0.025670 0.029762
2 0.137277 0.526786 0.013393 0.029762
1 0.183594 0.580688 0.014509 0.039683
3 0.710751 0.729497 0.023438 0.054233
2 0.714472 0.717923 0.014509 0.057540
10 0.770833 0.850198 0.030506 0.058862
1 0.824963 0.801918 0.017485 0.077381
1 0.853237 0.844577 0.024182 0.071429
1 0.824033 0.910714 0.021577 0.070106
1 0.893601 0.819775 0.016369 0.077381
1 0.906808 0.807209 0.022693 0.078704
3 0.679501 0.821429 0.026414 0.054233
2 0.681176 0.805556 0.018601 0.064815
1 0.845238 0.637566 0.014881 0.055556
1 0.834449 0.634921 0.011905 0.056878
0 0.413132 0.365410 0.300967 0.087963
1 0.921317 0.810516 0.019717 0.068122
1 0.828311 0.705357 0.014509 0.061508
1 0.837612 0.702712 0.014509 0.064153
1 0.791481 0.581680 0.016741 0.049603
1 0.903460 0.673611 0.015997 0.068122
3 0.638207 0.924272 0.044271 0.053571
3 0.793341 0.895833 0.033854 0.061508
3 0.815290 0.913690 0.033854 0.056217
