4 0.093006 0.916336 0.087054 0.138228
4 0.170573 0.855820 0.082961 0.119048
4 0.248512 0.819775 0.079613 0.107804
4 0.294643 0.745040 0.078125 0.094577
4 0.252232 0.961310 0.107887 0.076058
6 0.369792 0.945437 0.125744 0.107804
5 0.405506 0.872024 0.102679 0.130291
4 0.174107 0.587963 0.039435 0.064815
4 0.621838 0.486111 0.064360 0.050265
4 0.650670 0.426918 0.055060 0.042989
4 0.536086 0.438492 0.058780 0.043651
4 0.617001 0.413360 0.056176 0.039683
4 0.419085 0.450397 0.067336 0.048942
4 0.352493 0.442791 0.061384 0.052249
4 0.202753 0.415013 0.057292 0.037698
4 0.294271 0.400132 0.054315 0.038360
9 0.177455 0.421958 0.140625 0.092593
4 0.269531 0.468915 0.066592 0.043651
4 0.191592 0.457341 0.069940 0.052249
4 0.135975 0.477513 0.076265 0.043651
4 0.087798 0.415675 0.052083 0.045635
4 0.369978 0.394180 0.056176 0.038360
4 0.479725 0.383598 0.053943 0.038360
4 0.338356 0.422619 0.055432 0.039683
4 0.647135 0.351190 0.052455 0.034392
4 0.558594 0.378307 0.044271 0.034392
4 0.697359 0.344577 0.045015 0.033069
4 0.628348 0.370701 0.046131 0.037698
0 0.512277 0.642196 0.110863 0.242063
1 0.024554 0.663029 0.015625 0.057540
10 0.001860 0.636905 0.003720 0.039683
3 0.152716 0.564815 0.035342 0.038360
3 0.209263 0.545304 0.030134 0.032407
1 0.138765 0.634590 0.021577 0.061508
0 0.357515 0.668651 0.194196 0.145503
1 0.149554 0.549603 0.014881 0.039683
0 0.323103 0.534061 0.268973 0.132937
3 0.612351 0.884590 0.040179 0.068122
2 0.615885 0.872024 0.023438 0.080026
3 0.600260 0.837632 0.037574 0.062831
2 0.602679 0.824405 0.025298 0.069444
10 0.608073 0.768519 0.030134 0.059524
1 0.680618 0.695437 0.016741 0.065476
1 0.725074 0.793320 0.018601 0.062831
1 0.544271 0.828704 0.027530 0.076720
1 0.659598 0.603175 0.014137 0.054233
1 0.670201 0.600860 0.013765 0.062831
7 0.681176 0.839286 0.049107 0.054233
3 0.731585 0.850860 0.029390 0.066799
10 0.753162 0.868386 0.026414 0.097884
1 0.705915 0.687831 0.015997 0.064815
1 0.822731 0.738426 0.020461 0.066799
2 0.844680 0.731151 0.021205 0.046958
2 0.832961 0.716601 0.019345 0.040344
10 0.781436 0.886905 0.044271 0.096561
3 0.624442 0.723876 0.037574 0.053571
2 0.625930 0.709325 0.022693 0.052249
1 0.857701 0.773148 0.023438 0.071429
1 0.925409 0.923611 0.026414 0.085317
1 0.960193 0.896164 0.028274 0.087302
1 0.669643 0.558201 0.011905 0.056878
1 0.661086 0.556217 0.011905 0.051587
0 0.202567 0.340939 0.405134 0.089286
1 0.741629 0.625992 0.015253 0.056217
1 0.728981 0.682209 0.017485 0.061508
1 0.737537 0.739749 0.014509 0.064153
1 0.744978 0.737103 0.011533 0.069444
1 0.807106 0.968585 0.020461 0.061508
1 0.586496 0.545304 0.011533 0.049603
1 0.648251 0.547288 0.011533 0.045635
1 0.644717 0.535053 0.011161 0.044974
1 0.741257 0.600860 0.014509 0.058862
3 0.485677 0.858135 0.044271 0.053571
3 0.632626 0.799934 0.025670 0.049603
3 0.649740 0.811177 0.028646 0.042989
