4 0.142671 0.933862 0.074777 0.129630
4 0.236049 0.907077 0.074777 0.130291
4 0.306362 0.861442 0.075521 0.114418
4 0.375930 0.836310 0.073289 0.109127
4 0.419829 0.771495 0.071801 0.098545
6 0.478237 0.961310 0.111235 0.074735
5 0.519531 0.910053 0.098586 0.136243
4 0.308408 0.601521 0.033482 0.061508
4 0.750000 0.532738 0.069940 0.052249
4 0.661830 0.537037 0.078869 0.059524
4 0.183222 0.404762 0.046503 0.033069
5 0.756510 0.467593 0.070312 0.059524
4 0.511533 0.486442 0.061012 0.045635
4 0.575335 0.466270 0.058408 0.044974
4 0.115699 0.464286 0.063244 0.038360
4 0.366629 0.491402 0.056920 0.043651
4 0.207217 0.419312 0.046131 0.038360
4 0.411086 0.468915 0.057292 0.042328
4 0.210751 0.493056 0.064360 0.042989
4 0.219494 0.472553 0.060268 0.039021
4 0.058780 0.452050 0.060268 0.040344
4 0.264137 0.426257 0.049107 0.040344
4 0.084821 0.511574 0.075893 0.049603
4 0.069940 0.484458 0.062500 0.040344
4 0.138021 0.384259 0.024554 0.034392
9 0.196987 0.430556 0.133557 0.075397
4 0.482329 0.424272 0.056920 0.037698
4 0.560454 0.417659 0.050223 0.035053
9 0.494234 0.434524 0.126860 0.091270
4 0.328683 0.441138 0.047991 0.038360
4 0.371280 0.423942 0.047619 0.038360
4 0.628348 0.417659 0.054315 0.040344
4 0.705171 0.409392 0.059152 0.039683
4 0.673177 0.439815 0.059896 0.038360
4 0.779390 0.390873 0.052083 0.034392
4 0.785156 0.411706 0.053199 0.035053
4 0.835379 0.384259 0.045015 0.038360
0 0.098028 0.269511 0.196057 0.248016
0 0.516369 0.624008 0.389881 0.255952
1 0.073289 0.689153 0.019345 0.060847
1 0.029762 0.710317 0.019345 0.054233
3 0.263579 0.656085 0.028646 0.030423
2 0.261719 0.639881 0.015253 0.050926
0 0.158296 0.699735 0.316592 0.170635
0 0.270089 0.548280 0.107887 0.097884
3 0.194754 0.552249 0.026414 0.027778
2 0.192522 0.536045 0.015253 0.032407
3 0.134859 0.539352 0.025670 0.029762
2 0.132068 0.531415 0.012649 0.040344
1 0.157552 0.580026 0.014509 0.039683
3 0.656808 0.698413 0.023438 0.054233
2 0.657924 0.685516 0.014509 0.057540
10 0.725446 0.824405 0.030506 0.058862
1 0.777716 0.776786 0.017485 0.077381
1 0.804129 0.816799 0.018229 0.070106
1 0.768415 0.884921 0.021205 0.070106
1 0.829613 0.769511 0.015625 0.068122
1 0.844308 0.762235 0.017485 0.078704
7 0.802827 0.914683 0.049107 0.054233
3 0.848400 0.938492 0.029390 0.066138
3 0.611793 0.771164 0.026414 0.054233
2 0.614211 0.758929 0.018601 0.064153
1 0.798921 0.614087 0.015253 0.057540
1 0.786830 0.611111 0.011905 0.056878
0 0.358817 0.354167 0.300967 0.087963
1 0.723028 0.642857 0.013021 0.052910
1 0.870350 0.776786 0.019717 0.068122
1 0.785156 0.694114 0.014509 0.061508
1 0.791853 0.691468 0.014509 0.064153
1 0.763207 0.563161 0.016741 0.049603
1 0.862165 0.654431 0.015997 0.068122
3 0.599888 0.903108 0.044271 0.053571
3 0.752046 0.869048 0.030134 0.056878
3 0.770089 0.882606 0.031250 0.046958
