4 0.334449 0.932870 0.061756 0.132937
4 0.419829 0.924603 0.065104 0.129630
4 0.487351 0.894511 0.069196 0.119709
4 0.555432 0.887235 0.069940 0.114418
4 0.602865 0.829034 0.073289 0.105159
5 0.696801 0.962963 0.090774 0.074074
4 0.505022 0.634921 0.033110 0.060847
4 0.885789 0.627315 0.088542 0.058862
4 0.920201 0.563823 0.074033 0.050926
4 0.950707 0.546958 0.073289 0.044974
4 0.307850 0.465939 0.055432 0.031085
4 0.221912 0.446759 0.050967 0.035053
4 0.436756 0.434854 0.046131 0.032407
4 0.729911 0.528439 0.060268 0.043651
5 0.660714 0.532738 0.069940 0.062831
4 0.483259 0.518849 0.058036 0.045635
4 0.514695 0.508929 0.059152 0.037698
4 0.397321 0.475198 0.051339 0.037698
4 0.516555 0.486111 0.053943 0.038360
4 0.370350 0.509921 0.053943 0.044974
4 0.305618 0.450397 0.053199 0.038360
4 0.490885 0.453704 0.046503 0.038360
4 0.366629 0.489749 0.053199 0.042989
4 0.042411 0.446759 0.057292 0.041667
4 0.041109 0.435516 0.050967 0.032407
4 0.244048 0.493386 0.057292 0.043651
4 0.267857 0.478175 0.052827 0.038360
4 0.450893 0.470569 0.048363 0.036376
4 0.567522 0.454365 0.049479 0.039683
4 0.140997 0.497685 0.060268 0.042989
4 0.135045 0.467262 0.052083 0.036376
4 0.137277 0.452381 0.048363 0.038360
4 0.370536 0.415675 0.024554 0.029762
9 0.589100 0.464286 0.128348 0.076720
4 0.749628 0.479167 0.057292 0.037698
4 0.826451 0.475529 0.050223 0.034392
9 0.838728 0.500331 0.152158 0.090608
9 0.043899 0.547950 0.087798 0.138228
4 0.733817 0.492394 0.052455 0.042989
4 0.664435 0.470899 0.037202 0.038360
4 0.911086 0.496693 0.049107 0.041005
0 0.190662 0.307209 0.381324 0.208333
0 0.708891 0.669643 0.315104 0.220238
1 0.174479 0.713294 0.019345 0.061508
1 0.184152 0.704034 0.019345 0.053571
3 0.352121 0.687500 0.028646 0.029762
2 0.349702 0.669312 0.014881 0.050265
0 0.268229 0.745040 0.520833 0.171296
0 0.441220 0.561177 0.343750 0.098545
3 0.241257 0.561839 0.026414 0.027116
2 0.239583 0.543981 0.015625 0.032407
3 0.196615 0.539352 0.022693 0.021825
2 0.193080 0.525463 0.013393 0.029762
0 0.596354 0.389881 0.264881 0.087963
