4 0.381882 0.685847 0.042039 0.070106
4 0.437128 0.684524 0.043155 0.067460
4 0.482887 0.672950 0.044643 0.066799
4 0.530320 0.670304 0.045759 0.072090
4 0.566406 0.646495 0.049479 0.061508
4 0.410342 0.772487 0.052827 0.096561
4 0.467076 0.759590 0.052455 0.090608
4 0.518415 0.755622 0.058408 0.085317
6 0.590588 0.774471 0.072545 0.115079
5 0.623512 0.728836 0.063244 0.082011
4 0.445871 0.925265 0.065104 0.117725
4 0.509487 0.890212 0.058408 0.093915
4 0.569382 0.875000 0.064360 0.096561
4 0.642299 0.893519 0.075521 0.111111
4 0.692336 0.859788 0.079613 0.105820
4 0.548549 0.982143 0.071801 0.033069
4 0.616071 0.961310 0.078125 0.074735
4 0.753720 0.957672 0.084821 0.080688
4 0.502232 0.542989 0.030506 0.043651
4 0.873512 0.543651 0.058036 0.044974
4 0.791481 0.535053 0.064360 0.043651
4 0.908482 0.500661 0.051339 0.044974
4 0.590402 0.473214 0.052083 0.037698
4 0.700149 0.482143 0.051339 0.039683
4 0.763579 0.478505 0.049479 0.032407
4 0.650670 0.464286 0.048363 0.034392
4 0.486235 0.461971 0.051339 0.029762
4 0.501116 0.448743 0.046131 0.032407
4 0.500744 0.438492 0.044643 0.030423
4 0.451265 0.423611 0.043155 0.029762
4 0.512463 0.417328 0.047247 0.027778
4 0.413690 0.441468 0.043155 0.032407
5 0.381882 0.445437 0.049479 0.041667
4 0.301711 0.436839 0.045387 0.031085
4 0.341332 0.430225 0.041295 0.031085
4 0.561012 0.447751 0.042411 0.031746
4 0.652530 0.452050 0.046131 0.032407
4 0.222656 0.435516 0.042039 0.031085
4 0.539807 0.430225 0.043155 0.031085
4 0.562128 0.420966 0.039435 0.029762
4 0.393043 0.426918 0.039062 0.028439
4 0.430804 0.407738 0.037202 0.025794
4 0.683594 0.432870 0.038318 0.035053
4 0.190104 0.403770 0.043155 0.031085
4 0.257999 0.408730 0.029390 0.027778
0 0.270647 0.270833 0.317336 0.240079
0 0.639323 0.576058 0.216890 0.206349
0 0.071801 0.318452 0.078869 0.154101
1 0.065476 0.700066 0.011905 0.049603
11 0.064174 0.670966 0.016741 0.049603
1 0.011347 0.631614 0.013765 0.047619
1 0.061384 0.616402 0.010417 0.050265
1 0.079241 0.632275 0.013393 0.042328
1 0.062314 0.629630 0.017485 0.041005
1 0.129836 0.589286 0.017113 0.046296
1 0.109003 0.624008 0.010417 0.036376
1 0.109003 0.614749 0.012649 0.039021
1 0.147507 0.631944 0.015253 0.044312
1 0.185454 0.581019 0.010045 0.039021
1 0.179688 0.624669 0.011161 0.044312
1 0.207961 0.616402 0.014881 0.042328
1 0.205171 0.606481 0.015997 0.047619
3 0.254650 0.574074 0.025670 0.023810
2 0.253348 0.559193 0.011905 0.032407
0 0.372954 0.593915 0.290551 0.092593
0 0.357701 0.485780 0.344122 0.098545
0 0.897321 0.768849 0.203125 0.459656
0 0.596912 0.368386 0.170759 0.087302
0 0.768787 0.631283 0.053199 0.209656
