4 0.052455 0.936508 0.078869 0.124339
4 0.153832 0.906746 0.080729 0.133598
4 0.226749 0.850198 0.079241 0.114418
4 0.299107 0.819775 0.075149 0.107804
4 0.344122 0.752315 0.075149 0.095899
4 0.299479 0.958003 0.099702 0.081349
6 0.413132 0.946429 0.124628 0.105820
5 0.449033 0.878307 0.102679 0.129630
4 0.228423 0.590278 0.039435 0.061508
4 0.669085 0.499008 0.064360 0.050926
4 0.582403 0.503638 0.077753 0.058862
4 0.063616 0.390212 0.046131 0.033069
4 0.610863 0.443122 0.061012 0.044974
4 0.690104 0.423280 0.060268 0.043651
4 0.448103 0.463624 0.059152 0.043651
4 0.521391 0.440146 0.056920 0.042989
4 0.289062 0.474537 0.063988 0.042989
4 0.287760 0.458003 0.061384 0.040344
4 0.135975 0.417659 0.056920 0.045635
4 0.139881 0.498016 0.075893 0.050265
4 0.103423 0.477183 0.066964 0.052249
4 0.030878 0.366071 0.029762 0.035053
4 0.353423 0.405093 0.057292 0.037698
4 0.432106 0.402116 0.053199 0.034392
9 0.332961 0.419312 0.130208 0.091270
4 0.019903 0.504630 0.039807 0.043651
4 0.132068 0.437831 0.055060 0.038360
4 0.239955 0.414021 0.052083 0.039683
4 0.499256 0.396164 0.046131 0.039683
4 0.598400 0.389550 0.054688 0.039683
4 0.508743 0.419643 0.049479 0.037698
4 0.694568 0.358466 0.052083 0.034392
4 0.673921 0.381614 0.047247 0.034392
4 0.745722 0.354497 0.045015 0.033069
0 0.036272 0.251653 0.072545 0.248016
0 0.403460 0.613426 0.359003 0.254630
1 0.058594 0.662037 0.021205 0.060847
0 0.125930 0.669312 0.089658 0.101852
0 0.194568 0.535714 0.081845 0.097884
1 0.126488 0.565476 0.013393 0.039683
3 0.654018 0.911045 0.043155 0.069444
1 0.654948 0.894511 0.024182 0.074735
10 0.674851 0.894511 0.046131 0.070767
2 0.676897 0.882606 0.022693 0.073413
10 0.652158 0.782077 0.030506 0.058862
1 0.714286 0.727844 0.017113 0.073413
1 0.726004 0.761905 0.018229 0.070106
1 0.686198 0.849537 0.021205 0.069444
1 0.733259 0.684854 0.015625 0.068122
1 0.744048 0.672288 0.017113 0.072090
7 0.723958 0.859788 0.049107 0.054233
3 0.771391 0.872685 0.029390 0.066799
10 0.792597 0.892857 0.026414 0.097884
1 0.835007 0.787037 0.029390 0.075397
1 0.865513 0.761574 0.027158 0.066799
2 0.891555 0.757606 0.021205 0.046958
2 0.879464 0.746362 0.019345 0.040344
10 0.828311 0.911045 0.047247 0.095899
3 0.878348 0.848876 0.046131 0.066799
2 0.882254 0.833995 0.030134 0.071429
1 0.949219 0.746362 0.023438 0.072090
1 0.713542 0.572751 0.011905 0.056878
1 0.706101 0.571759 0.011905 0.053571
0 0.291109 0.344577 0.358259 0.087302
1 0.704427 0.628638 0.014509 0.056217
1 0.787016 0.712632 0.014509 0.061508
1 0.717448 0.686839 0.014509 0.061508
1 0.724888 0.682870 0.014509 0.064153
1 0.719308 0.516865 0.012277 0.049603
1 0.613653 0.536045 0.011533 0.049603
1 0.778460 0.608796 0.015997 0.068122
3 0.528832 0.864087 0.044271 0.053571
3 0.677827 0.819444 0.027530 0.052910
3 0.693266 0.831019 0.029390 0.042989
