4 0.096354 0.911376 0.086310 0.134921
4 0.173177 0.851190 0.082961 0.119048
4 0.249070 0.815476 0.078497 0.107143
4 0.294271 0.743717 0.078125 0.094577
4 0.255208 0.958995 0.107887 0.079365
6 0.370908 0.943783 0.125744 0.111111
5 0.406622 0.870040 0.102679 0.130291
4 0.173363 0.587963 0.039435 0.064815
4 0.617746 0.485450 0.064360 0.050265
4 0.582217 0.432870 0.055060 0.042989
4 0.663132 0.414352 0.056920 0.042989
4 0.462240 0.445767 0.064360 0.043651
4 0.497768 0.426918 0.061012 0.040344
4 0.024740 0.412037 0.049479 0.043651
4 0.317708 0.465608 0.072917 0.050265
4 0.243490 0.455357 0.061384 0.052249
4 0.241815 0.404431 0.057292 0.037698
4 0.319940 0.397487 0.054315 0.038360
9 0.205171 0.421296 0.140253 0.092593
4 0.146019 0.484788 0.072545 0.044974
4 0.095238 0.469907 0.069940 0.052249
4 0.129092 0.417659 0.052083 0.045635
4 0.390811 0.390873 0.056176 0.038360
4 0.499814 0.384259 0.052455 0.038360
4 0.375372 0.416336 0.052083 0.040344
4 0.645647 0.347884 0.052455 0.034392
4 0.578683 0.374669 0.046503 0.035053
4 0.694196 0.343915 0.045387 0.033069
4 0.643787 0.366733 0.046503 0.037698
0 0.449777 0.635913 0.194196 0.237434
10 0.018601 0.642196 0.037202 0.039683
3 0.128906 0.568122 0.035342 0.038360
3 0.183222 0.552579 0.030134 0.032407
1 0.096540 0.643188 0.021205 0.061508
0 0.213356 0.671296 0.221354 0.145503
1 0.124256 0.554233 0.013393 0.039683
0 0.264509 0.550595 0.172619 0.127646
10 0.605469 0.761905 0.030134 0.059524
1 0.676153 0.692791 0.016741 0.065476
1 0.701265 0.767526 0.018601 0.062831
1 0.575521 0.834987 0.027530 0.077381
1 0.661272 0.616402 0.014509 0.052910
1 0.669643 0.609127 0.013393 0.060847
7 0.675409 0.832011 0.049479 0.054233
3 0.723400 0.844246 0.029390 0.066799
10 0.743118 0.861111 0.026414 0.097884
1 0.729167 0.707341 0.015625 0.064153
1 0.814360 0.730820 0.024554 0.066138
2 0.837612 0.725198 0.021205 0.046958
2 0.825521 0.711310 0.019345 0.040344
10 0.774182 0.873347 0.046131 0.095899
3 0.681920 0.740079 0.037946 0.050265
2 0.682478 0.723876 0.023438 0.052249
1 0.871466 0.743717 0.023438 0.072090
1 0.923177 0.942791 0.026414 0.082672
1 0.664807 0.552249 0.011905 0.056878
1 0.656622 0.554233 0.011905 0.051587
0 0.215774 0.340939 0.431548 0.087963
1 0.715960 0.632606 0.015253 0.056217
1 0.727865 0.680225 0.017485 0.061508
1 0.708891 0.709325 0.014509 0.061508
1 0.714844 0.704034 0.011533 0.064153
1 0.795945 0.962632 0.020461 0.073413
1 0.575335 0.534061 0.011533 0.049603
1 0.735677 0.596230 0.014509 0.058862
3 0.484933 0.853505 0.044271 0.053571
3 0.629278 0.792659 0.025670 0.049603
3 0.645275 0.803241 0.028646 0.042989
