4 0.079241 0.935185 0.080357 0.126984
4 0.178757 0.906085 0.079241 0.133598
4 0.251488 0.852183 0.078869 0.114418
4 0.322545 0.824735 0.075149 0.108466
4 0.366815 0.757275 0.073661 0.096561
4 0.320871 0.960979 0.095610 0.075397
6 0.433594 0.950397 0.120908 0.096561
5 0.470610 0.887897 0.101190 0.131614
4 0.254092 0.593254 0.039435 0.060847
4 0.695871 0.505952 0.066592 0.051587
4 0.609561 0.512566 0.079241 0.059524
4 0.103981 0.393519 0.046503 0.033069
4 0.579985 0.456680 0.061012 0.045635
4 0.655506 0.439815 0.060268 0.043651
4 0.423177 0.473876 0.059152 0.042989
4 0.487537 0.450728 0.056920 0.042989
4 0.255022 0.481151 0.064360 0.042989
4 0.260603 0.464616 0.061384 0.040344
4 0.174851 0.419312 0.052083 0.044974
4 0.116815 0.503307 0.075893 0.050265
4 0.089658 0.479167 0.066964 0.052249
4 0.066964 0.372354 0.024554 0.034392
9 0.067894 0.424603 0.127604 0.075397
4 0.400670 0.407738 0.057292 0.037698
4 0.473400 0.406415 0.052455 0.035053
9 0.382440 0.421296 0.126488 0.091270
4 0.011347 0.508598 0.022693 0.039683
4 0.196057 0.435185 0.052083 0.038360
4 0.280692 0.416667 0.052455 0.039683
4 0.537574 0.400132 0.050595 0.039683
4 0.636347 0.392857 0.059152 0.039683
4 0.558594 0.422950 0.050967 0.037698
4 0.722098 0.368386 0.052083 0.034392
4 0.710007 0.389550 0.047247 0.034392
4 0.772507 0.363095 0.045015 0.033069
0 0.050037 0.255622 0.100074 0.248016
0 0.432664 0.614749 0.351935 0.251984
1 0.062500 0.666667 0.019345 0.060847
1 0.005394 0.699074 0.010789 0.054233
0 0.162388 0.675926 0.071801 0.129630
0 0.226562 0.540344 0.107887 0.097884
1 0.137463 0.569114 0.010789 0.040344
10 0.674851 0.797950 0.030506 0.058862
1 0.737723 0.732804 0.017113 0.071429
1 0.752046 0.777116 0.018229 0.070106
1 0.710751 0.862103 0.021205 0.069444
1 0.761905 0.709325 0.015625 0.068122
1 0.775856 0.702712 0.017485 0.078704
7 0.747396 0.874339 0.049107 0.054233
3 0.796317 0.896164 0.029390 0.066138
10 0.820499 0.912037 0.026414 0.097884
1 0.886347 0.822751 0.029390 0.075397
1 0.894903 0.780093 0.027158 0.066799
2 0.924107 0.776124 0.021577 0.046958
2 0.910342 0.765542 0.019345 0.040344
10 0.851004 0.927579 0.047247 0.095899
3 0.542969 0.716931 0.026414 0.054233
2 0.542225 0.701389 0.018229 0.064153
1 0.740513 0.583333 0.013765 0.056878
1 0.732887 0.583333 0.011905 0.056878
0 0.305618 0.350198 0.300967 0.087963
1 0.711124 0.632606 0.012277 0.054894
1 0.811570 0.727513 0.014509 0.062169
1 0.737165 0.686839 0.014509 0.061508
1 0.746094 0.681548 0.014509 0.064153
1 0.736421 0.535384 0.015253 0.049603
1 0.636161 0.542989 0.011161 0.048942
1 0.805990 0.620701 0.015997 0.068122
3 0.550781 0.875992 0.044271 0.053571
3 0.699219 0.833003 0.028646 0.054894
3 0.714472 0.844907 0.030134 0.042989
