4 0.023065 0.940807 0.046131 0.117063
4 0.109933 0.909061 0.083705 0.132937
4 0.186012 0.849868 0.081845 0.119048
4 0.260603 0.814815 0.077753 0.107143
4 0.305432 0.744709 0.076637 0.095238
4 0.257812 0.957341 0.107887 0.082672
6 0.372024 0.942460 0.125744 0.113757
5 0.407738 0.868056 0.102679 0.130291
4 0.177827 0.587632 0.039435 0.064153
4 0.624070 0.483135 0.064360 0.050926
4 0.539807 0.493056 0.078125 0.058862
4 0.694196 0.413360 0.057292 0.044974
4 0.523810 0.440807 0.055060 0.042989
4 0.599888 0.417659 0.056920 0.042989
4 0.388207 0.454696 0.064360 0.042989
4 0.402530 0.435516 0.061012 0.040344
4 0.052083 0.414352 0.058780 0.044312
4 0.229725 0.482804 0.075521 0.050265
4 0.165737 0.462632 0.066592 0.052249
4 0.273065 0.401124 0.057292 0.037698
4 0.345238 0.395503 0.054315 0.037037
9 0.235677 0.417989 0.137277 0.091270
4 0.064546 0.493386 0.071801 0.046296
4 0.032180 0.476190 0.060640 0.050265
4 0.010231 0.444444 0.020461 0.038360
4 0.156250 0.414021 0.052083 0.044974
4 0.421689 0.392196 0.046503 0.039683
4 0.519345 0.381614 0.052083 0.039683
4 0.410342 0.415013 0.052083 0.040344
4 0.647507 0.346561 0.052455 0.034392
4 0.603981 0.374008 0.047247 0.035053
4 0.696057 0.340939 0.045387 0.032407
4 0.662202 0.364749 0.046131 0.037698
0 0.402716 0.622354 0.276414 0.247354
10 0.112351 0.627646 0.040179 0.039683
3 0.109933 0.573082 0.035342 0.037698
3 0.160900 0.557209 0.030134 0.032407
1 0.071615 0.646825 0.021205 0.060847
0 0.146763 0.667659 0.233259 0.143519
1 0.109747 0.560516 0.013393 0.040344
0 0.224330 0.548942 0.081845 0.080688
3 0.527158 0.798611 0.037202 0.069444
1 0.527902 0.787698 0.022321 0.064815
10 0.526042 0.771164 0.037202 0.066138
2 0.525112 0.766204 0.022693 0.073413
10 0.609189 0.761243 0.030134 0.059524
1 0.677455 0.690146 0.016369 0.064153
1 0.692336 0.753638 0.018601 0.062831
1 0.610677 0.837963 0.021205 0.070106
1 0.672433 0.632606 0.014509 0.054894
1 0.679501 0.625992 0.016741 0.065476
7 0.678385 0.835979 0.049479 0.054233
3 0.726749 0.846230 0.029390 0.066799
10 0.746838 0.864418 0.026414 0.097884
1 0.750372 0.729828 0.016369 0.074735
1 0.817150 0.734458 0.027158 0.066799
2 0.844308 0.728505 0.021205 0.046958
2 0.830357 0.711971 0.019345 0.040344
10 0.777344 0.876653 0.047247 0.095899
3 0.738281 0.768849 0.042039 0.058862
2 0.740327 0.751984 0.026786 0.060847
1 0.885603 0.730489 0.023438 0.072090
1 0.943638 0.963294 0.026414 0.072090
1 0.667783 0.556217 0.011905 0.056878
1 0.660714 0.555225 0.011905 0.050926
0 0.249070 0.341601 0.408110 0.087963
1 0.699219 0.627315 0.015253 0.056217
1 0.734003 0.684854 0.017113 0.061508
1 0.696987 0.690146 0.014509 0.061508
1 0.702567 0.684854 0.014509 0.064153
1 0.799293 0.959987 0.020461 0.078704
1 0.695871 0.495040 0.012277 0.049603
1 0.581287 0.531415 0.011533 0.049603
1 0.738281 0.596892 0.015997 0.058862
3 0.486421 0.850198 0.044271 0.053571
3 0.632254 0.793981 0.025670 0.049603
3 0.648624 0.806548 0.028646 0.042989
