4 0.397507 0.805225 0.050223 0.101190
4 0.466332 0.802579 0.052455 0.097222
4 0.522693 0.785714 0.055804 0.089947
4 0.580357 0.783730 0.058780 0.084656
4 0.623140 0.747354 0.060268 0.082011
4 0.428199 0.933532 0.066964 0.132937
4 0.500744 0.919312 0.066220 0.133598
4 0.568266 0.915013 0.074033 0.126323
6 0.659226 0.932540 0.095982 0.133598
5 0.700707 0.876653 0.085193 0.115741
4 0.543155 0.598214 0.030506 0.053571
4 0.976935 0.616402 0.045387 0.055556
4 0.887463 0.598214 0.071801 0.048280
4 0.838542 0.541667 0.063244 0.048942
4 0.988653 0.556878 0.021949 0.044974
4 0.919643 0.533399 0.063244 0.048280
4 0.686198 0.522156 0.059152 0.042989
4 0.703125 0.504960 0.063244 0.041667
4 0.469308 0.459987 0.050223 0.032407
4 0.387463 0.437169 0.045759 0.033069
4 0.526042 0.439153 0.046875 0.030423
4 0.554874 0.487103 0.056920 0.037698
5 0.521949 0.492063 0.061012 0.050265
4 0.414435 0.479828 0.051339 0.036376
4 0.432478 0.471561 0.053199 0.038360
4 0.552455 0.470569 0.046131 0.037698
4 0.643043 0.483796 0.053943 0.032407
4 0.316406 0.470238 0.049479 0.039683
4 0.481771 0.448413 0.043899 0.033069
4 0.582217 0.446098 0.043155 0.035053
4 0.322173 0.455026 0.047619 0.035714
4 0.226004 0.432540 0.047247 0.038360
4 0.255022 0.424603 0.038318 0.033069
4 0.606027 0.464286 0.046131 0.033069
4 0.641927 0.452050 0.047991 0.037698
4 0.321057 0.440146 0.043155 0.036376
4 0.439546 0.422950 0.032366 0.031085
9 0.733445 0.463955 0.120908 0.077381
4 0.807106 0.476190 0.045015 0.039683
4 0.874628 0.479828 0.049851 0.035053
9 0.935454 0.493386 0.128348 0.091270
4 0.704799 0.457341 0.038318 0.035053
4 0.097656 0.416667 0.043527 0.033069
4 0.179129 0.420966 0.034598 0.031085
0 0.242188 0.281415 0.383929 0.249339
0 0.688802 0.637897 0.216890 0.221561
0 0.024926 0.335979 0.049851 0.154762
1 0.015439 0.798611 0.013021 0.053571
11 0.020647 0.755291 0.021949 0.060847
1 0.181734 0.639550 0.013021 0.048942
1 0.051525 0.694775 0.013021 0.044312
1 0.066778 0.685185 0.016741 0.051587
1 0.055618 0.717593 0.015997 0.047619
1 0.219680 0.631944 0.015997 0.044312
1 0.104353 0.703042 0.015997 0.050265
1 0.140811 0.697751 0.018973 0.052910
1 0.122396 0.672950 0.016369 0.054894
3 0.334449 0.624339 0.026786 0.026455
2 0.332403 0.612103 0.013021 0.040344
0 0.372582 0.657738 0.411830 0.119709
0 0.440104 0.525132 0.343750 0.097884
3 0.207961 0.514881 0.019345 0.021825
2 0.206473 0.501653 0.015625 0.032407
3 0.178385 0.493056 0.022693 0.023148
2 0.174479 0.484458 0.010417 0.027116
0 0.897135 0.774471 0.204985 0.451058
0 0.598586 0.379299 0.213542 0.087963
