4 0.346912 0.933201 0.060640 0.132275
4 0.432478 0.926587 0.064360 0.129630
4 0.499628 0.897817 0.068452 0.119709
4 0.567894 0.893188 0.069568 0.115741
4 0.615885 0.834325 0.074033 0.105159
5 0.706845 0.965608 0.090774 0.068783
4 0.516927 0.640212 0.033110 0.060847
4 0.902158 0.635251 0.090774 0.058862
4 0.906436 0.569114 0.074033 0.050926
4 0.935454 0.552249 0.073289 0.044974
4 0.330171 0.467262 0.055432 0.031085
4 0.245350 0.448082 0.050223 0.035053
4 0.453869 0.440476 0.046131 0.033069
4 0.718006 0.531085 0.060268 0.043651
5 0.652902 0.534722 0.069940 0.062831
4 0.481399 0.520833 0.058036 0.045635
4 0.510975 0.508929 0.059152 0.037698
4 0.421317 0.480489 0.050967 0.037698
4 0.538876 0.491402 0.053943 0.038360
4 0.371838 0.509921 0.053943 0.044974
4 0.330357 0.452381 0.052827 0.038360
4 0.511347 0.457011 0.046503 0.038360
4 0.368490 0.491071 0.053199 0.042989
4 0.067708 0.446759 0.057292 0.041667
4 0.069940 0.437500 0.051339 0.032407
4 0.246652 0.493386 0.055804 0.043651
4 0.271205 0.478175 0.051339 0.038360
4 0.475074 0.473876 0.048363 0.036376
4 0.588728 0.461640 0.049479 0.039683
4 0.143973 0.493056 0.060268 0.044312
4 0.135045 0.466270 0.052083 0.037037
4 0.165923 0.453704 0.048363 0.038360
4 0.385417 0.420966 0.024554 0.029762
9 0.614397 0.469577 0.128348 0.076720
4 0.764881 0.486442 0.057292 0.037698
4 0.840216 0.477513 0.050223 0.034392
9 0.865141 0.506944 0.152158 0.090608
9 0.049665 0.542989 0.096354 0.133598
4 0.759115 0.499669 0.052455 0.042989
4 0.680804 0.477183 0.037202 0.037698
0 0.196987 0.300595 0.393973 0.234788
0 0.686942 0.669974 0.271205 0.220899
1 0.178571 0.713955 0.019345 0.061508
1 0.192150 0.704034 0.018973 0.053571
3 0.354725 0.687500 0.028646 0.029762
2 0.352307 0.668981 0.014881 0.049603
0 0.276042 0.745040 0.536458 0.171296
0 0.444568 0.563161 0.343750 0.098545
3 0.243490 0.562500 0.026414 0.027116
2 0.242188 0.544643 0.015625 0.032407
3 0.200707 0.538690 0.022693 0.021825
2 0.197359 0.525463 0.013021 0.029762
0 0.900298 0.789352 0.198661 0.418651
0 0.599888 0.389220 0.258557 0.087963
