4 0.024740 0.940476 0.049479 0.117725
4 0.113095 0.908730 0.083333 0.133598
4 0.188988 0.850529 0.081845 0.119048
4 0.263207 0.815476 0.077753 0.107143
4 0.308408 0.744709 0.076637 0.095238
4 0.259859 0.957341 0.107515 0.082672
6 0.373884 0.942460 0.125744 0.113757
5 0.409598 0.868056 0.102679 0.130291
4 0.181920 0.587632 0.039435 0.064153
4 0.627790 0.483796 0.064360 0.050926
4 0.543527 0.494378 0.078125 0.058862
4 0.687872 0.415675 0.057292 0.045635
4 0.516741 0.442130 0.055060 0.042989
4 0.592448 0.418981 0.056920 0.042989
4 0.381138 0.456680 0.064360 0.042989
4 0.392485 0.437500 0.061012 0.040344
4 0.058036 0.415344 0.058036 0.044974
4 0.219122 0.485450 0.075893 0.050265
4 0.156436 0.463955 0.067336 0.052249
4 0.277158 0.401124 0.057292 0.037698
4 0.352679 0.395833 0.054315 0.036376
9 0.243676 0.417328 0.136161 0.091270
4 0.059338 0.494709 0.069568 0.046296
4 0.029576 0.477513 0.056176 0.048942
4 0.018229 0.441799 0.036458 0.038360
4 0.164062 0.414683 0.052083 0.044974
4 0.428013 0.393519 0.046503 0.039683
4 0.525670 0.382606 0.051339 0.040344
4 0.415551 0.415013 0.052083 0.040344
4 0.654948 0.345238 0.052455 0.034392
4 0.608817 0.374669 0.047247 0.035053
4 0.700521 0.342262 0.045387 0.032407
4 0.668527 0.366071 0.046131 0.037698
0 0.398810 0.620370 0.290923 0.248677
10 0.126488 0.627315 0.040179 0.040344
3 0.112537 0.573082 0.035342 0.037698
3 0.160156 0.556548 0.030134 0.032407
1 0.069754 0.647487 0.021205 0.060847
0 0.131138 0.666997 0.242932 0.143519
1 0.110491 0.561177 0.013393 0.040344
0 0.219122 0.543320 0.071429 0.069444
3 0.536830 0.806548 0.037202 0.069444
1 0.537946 0.794974 0.022321 0.064815
10 0.536830 0.779762 0.037202 0.066138
2 0.536644 0.774802 0.022693 0.073413
10 0.612909 0.763889 0.030134 0.059524
1 0.682106 0.692460 0.016741 0.064815
1 0.691964 0.752315 0.018601 0.062831
1 0.617374 0.839947 0.021205 0.070106
1 0.677827 0.641865 0.015625 0.068122
1 0.683222 0.628968 0.016741 0.066138
7 0.679874 0.837302 0.049479 0.054233
3 0.728609 0.847553 0.029390 0.066799
10 0.748326 0.865741 0.026414 0.097884
1 0.754092 0.733796 0.016369 0.074735
1 0.818266 0.735780 0.027158 0.066799
2 0.846540 0.729828 0.021205 0.046958
2 0.832589 0.712632 0.019345 0.040344
10 0.778460 0.878638 0.047247 0.095899
3 0.749628 0.778770 0.046131 0.066799
2 0.751674 0.760582 0.029390 0.060847
1 0.887835 0.730489 0.023438 0.072090
1 0.951079 0.967262 0.026414 0.064153
1 0.671875 0.557540 0.011905 0.056878
1 0.664807 0.556548 0.011905 0.050926
0 0.256696 0.341601 0.398065 0.087963
1 0.701079 0.627976 0.015253 0.056217
1 0.739397 0.687500 0.016741 0.061508
1 0.696987 0.689484 0.014509 0.061508
1 0.703683 0.684193 0.014509 0.064153
1 0.803757 0.960648 0.020461 0.077381
1 0.697731 0.495701 0.012277 0.049603
1 0.582775 0.532077 0.011533 0.049603
1 0.740513 0.593585 0.015997 0.065476
3 0.490141 0.851521 0.044271 0.053571
3 0.634859 0.795304 0.025670 0.049603
3 0.651228 0.807870 0.028646 0.042989
