5 0.674632 0.494865 0.037290 0.070962
5 0.569065 0.303455 0.020483 0.042951
0 0.489758 0.179739 0.094013 0.127918
3 0.423057 0.270775 0.012080 0.020542
5 0.438550 0.254435 0.015756 0.027077
5 0.455620 0.894024 0.051996 0.210084
3 0.451155 0.419701 0.012605 0.023343
4 0.547532 0.451914 0.028887 0.070962
3 0.558561 0.261438 0.015231 0.031746
3 0.519433 0.326797 0.011555 0.020542
0 0.527574 0.308590 0.008929 0.021475
3 0.510242 0.348273 0.012080 0.020542
3 0.454832 0.344071 0.011555 0.021475
3 0.463498 0.272642 0.015231 0.020542
