5 0.613708 0.556022 0.017332 0.038282
3 0.544643 0.606443 0.036765 0.101774
0 0.483981 0.104575 0.088761 0.179272
3 0.858456 0.520542 0.054097 0.047619
3 0.415704 0.950980 0.020483 0.056956
3 0.709559 0.463119 0.029412 0.024276
9 0.583771 0.900093 0.012080 0.037348
1 0.583246 0.901027 0.007878 0.028011
3 0.571166 0.285247 0.014181 0.023343
4 0.545693 0.382353 0.010504 0.017740
3 0.447479 0.404295 0.010504 0.022409
3 0.460347 0.340803 0.009979 0.016807
5 0.437237 0.223156 0.013130 0.028011
3 0.477153 0.325397 0.011029 0.014006
3 0.440126 0.335201 0.009454 0.020542
3 0.493960 0.202148 0.009979 0.014006
3 0.445641 0.302054 0.009979 0.017740
5 0.502889 0.359010 0.012080 0.027077
3 0.452731 0.280579 0.009454 0.017740
3 0.462185 0.315593 0.009454 0.016807
4 0.478992 0.230626 0.010504 0.020542
5 0.544905 0.250700 0.013130 0.030812
