5 0.684349 0.469188 0.036765 0.070028
5 0.559086 0.303922 0.022584 0.043884
0 0.478204 0.183473 0.094013 0.127918
3 0.415179 0.279178 0.012080 0.020542
5 0.428834 0.264706 0.015231 0.032680
4 0.552521 0.379552 0.010504 0.017740
0 0.530200 0.352474 0.017332 0.027077
3 0.450368 0.950514 0.026786 0.085901
5 0.507616 0.732960 0.048845 0.194211
3 0.467174 0.380019 0.011029 0.022409
4 0.563813 0.487862 0.029937 0.071895
3 0.548057 0.259104 0.018382 0.032680
3 0.522059 0.348739 0.011555 0.019608
0 0.525473 0.325397 0.008929 0.021475
3 0.455620 0.332400 0.012080 0.026144
3 0.500000 0.259570 0.009454 0.020542
3 0.471376 0.279178 0.015231 0.020542
