5 0.603992 0.501867 0.017857 0.040149
3 0.578256 0.655462 0.073529 0.123249
0 0.485819 0.099440 0.082983 0.167134
3 0.228204 0.914099 0.044643 0.056022
3 0.682511 0.450980 0.047794 0.042951
3 0.423582 0.732026 0.018382 0.052288
3 0.443277 0.544351 0.015756 0.031746
3 0.812237 0.474323 0.023634 0.028011
3 0.983193 0.446312 0.027311 0.024276
3 0.672532 0.282913 0.014181 0.024276
4 0.542279 0.356676 0.011029 0.016807
3 0.454832 0.309991 0.009454 0.016807
3 0.465074 0.276377 0.009979 0.016807
5 0.439601 0.211018 0.013655 0.028011
3 0.475315 0.283847 0.008403 0.014939
3 0.451943 0.258637 0.008929 0.014939
3 0.495798 0.206816 0.009454 0.014006
3 0.457458 0.235294 0.009454 0.016807
5 0.507616 0.375817 0.011029 0.027077
3 0.465074 0.224556 0.008929 0.015873
3 0.467437 0.260037 0.009454 0.015873
5 0.544905 0.243231 0.013130 0.030812
