5 0.596113 0.481793 0.017857 0.041083
3 0.604254 0.698413 0.074055 0.123249
0 0.486082 0.094771 0.083508 0.157796
3 0.295956 0.798786 0.034139 0.053221
3 0.591124 0.421102 0.047794 0.042951
5 0.094800 0.917367 0.170693 0.163399
3 0.436187 0.556022 0.016282 0.032680
3 0.717174 0.439776 0.023634 0.028011
3 0.749212 0.288049 0.014181 0.025210
0 0.246586 0.942577 0.018382 0.034547
4 0.540704 0.344071 0.008929 0.015873
3 0.456408 0.273576 0.008403 0.016807
3 0.465074 0.249300 0.006828 0.013072
5 0.438550 0.204482 0.013655 0.028011
3 0.474002 0.261905 0.009979 0.015873
3 0.457721 0.227824 0.008929 0.014939
3 0.493172 0.215686 0.009454 0.014939
3 0.462185 0.211018 0.009454 0.016807
3 0.486082 0.197012 0.007878 0.011204
5 0.510242 0.393091 0.014181 0.039216
3 0.467700 0.204015 0.008929 0.015873
3 0.468487 0.233427 0.009454 0.014939
5 0.545168 0.237628 0.012605 0.030812
