5 0.626050 0.443511 0.019958 0.041083
3 0.532563 0.337068 0.026261 0.069094
0 0.483718 0.101307 0.089286 0.172736
3 0.580095 0.570495 0.023634 0.042951
3 0.611345 0.676004 0.036765 0.057890
3 0.632878 0.342204 0.031513 0.023343
3 0.765756 0.247899 0.018908 0.027077
4 0.550683 0.299253 0.008929 0.021475
3 0.407563 0.631186 0.019958 0.050420
3 0.454307 0.403361 0.013655 0.031746
5 0.431197 0.166667 0.014706 0.030812
3 0.511292 0.248833 0.009979 0.017740
3 0.392069 0.466853 0.019433 0.037348
3 0.412815 0.397292 0.014706 0.032680
5 0.496061 0.212418 0.012080 0.025210
3 0.422006 0.343137 0.012080 0.025210
3 0.449317 0.340803 0.012080 0.024276
4 0.473739 0.267507 0.014706 0.034547
5 0.545431 0.183473 0.014181 0.030812
