3 0.493435 0.416433 0.046744 0.037348
3 0.258666 0.405229 0.050945 0.044818
3 0.080095 0.397292 0.044643 0.040149
3 0.491071 0.551821 0.033613 0.044818
5 0.646271 0.527544 0.037290 0.070962
5 0.536765 0.298786 0.014706 0.029879
5 0.598477 0.285247 0.018382 0.040149
3 0.499737 0.277778 0.012080 0.023343
0 0.533088 0.182540 0.100840 0.127918
5 0.627889 0.275444 0.049895 0.044818
3 0.481880 0.259104 0.012080 0.021475
3 0.451418 0.261905 0.012080 0.021475
3 0.441439 0.266106 0.017332 0.020542
3 0.420431 0.270308 0.015231 0.021475
5 0.472952 0.248833 0.018382 0.032680
6 0.535977 0.368814 0.015231 0.022409
8 0.480305 0.482726 0.036239 0.082166
3 0.900998 0.322129 0.021534 0.028011
3 0.852679 0.312792 0.021534 0.024276
3 0.598477 0.258170 0.015231 0.032680
1 0.535189 0.355742 0.011555 0.016807
3 0.452994 0.350607 0.012080 0.021475
3 0.287027 0.275910 0.018382 0.021475
3 0.352416 0.274510 0.023109 0.026144
