5 0.661502 0.370682 0.020483 0.039216
3 0.549107 0.242297 0.021534 0.045752
0 0.478466 0.105042 0.102941 0.172736
3 0.584821 0.392624 0.018382 0.038282
3 0.580095 0.454248 0.025735 0.040149
3 0.386817 0.268908 0.032038 0.024276
3 0.664391 0.190009 0.018908 0.027077
4 0.571166 0.256303 0.011029 0.021475
3 0.424632 0.917834 0.033088 0.097106
3 0.471113 0.435107 0.015756 0.035481
3 0.361082 0.565826 0.030987 0.052288
3 0.405987 0.449580 0.024160 0.043884
3 0.428571 0.359944 0.012605 0.036415
3 0.465074 0.345472 0.012080 0.031746
4 0.490284 0.290850 0.017332 0.040149
8 0.643645 0.719421 0.062500 0.135387
5 0.554884 0.154528 0.014181 0.030812
