5 0.648897 0.517274 0.037290 0.070962
5 0.567752 0.657796 0.050420 0.094304
5 0.571166 0.305789 0.015231 0.038282
0 0.501838 0.177871 0.105567 0.126050
3 0.425683 0.277778 0.012080 0.021475
5 0.444065 0.259570 0.018382 0.031746
6 0.605567 0.646125 0.023109 0.048553
5 0.385767 0.416433 0.137080 0.059757
3 0.185924 0.428105 0.042017 0.032680
3 0.314863 0.933707 0.045693 0.089636
4 0.517069 0.345005 0.019433 0.038282
3 0.565389 0.274043 0.015231 0.032680
3 0.507090 0.271242 0.008929 0.015873
0 0.544905 0.274043 0.008929 0.021475
3 0.506303 0.288982 0.008403 0.015873
3 0.519695 0.474790 0.015231 0.038282
1 0.599527 0.633520 0.018382 0.028945
3 0.393908 0.483660 0.019958 0.035481
3 0.473477 0.270308 0.008929 0.015873
3 0.670956 0.312325 0.034139 0.027077
3 0.368960 0.292717 0.015231 0.021475
3 0.475578 0.255369 0.011029 0.015873
