3 0.731618 0.428571 0.052521 0.037348
3 0.501576 0.414566 0.051471 0.041083
3 0.331670 0.395892 0.044643 0.041083
3 0.520746 0.470121 0.023634 0.042017
5 0.652048 0.523810 0.036239 0.070962
5 0.537290 0.279178 0.012605 0.024276
5 0.600315 0.286648 0.014706 0.037348
3 0.486607 0.299253 0.011029 0.021475
0 0.539391 0.193744 0.086134 0.131653
5 0.601366 0.265640 0.035714 0.038282
3 0.464023 0.263305 0.013130 0.013072
3 0.452206 0.259104 0.011555 0.017740
3 0.409926 0.274043 0.018382 0.023343
3 0.376838 0.273109 0.021534 0.023343
5 0.473739 0.242764 0.017857 0.029879
5 0.536502 0.342204 0.009979 0.021475
8 0.497374 0.423903 0.031513 0.067227
3 0.819590 0.310924 0.021534 0.028011
3 0.776523 0.304388 0.021534 0.024276
3 0.600053 0.254435 0.015231 0.032680
1 0.534664 0.342670 0.011555 0.016807
3 0.521534 0.253968 0.009454 0.016807
3 0.235557 0.276844 0.018382 0.021475
3 0.305935 0.274977 0.024685 0.027077
