5 0.671218 0.379085 0.019958 0.046685
3 0.557511 0.217087 0.021534 0.045752
0 0.484244 0.115313 0.113445 0.172736
3 0.550420 0.307190 0.014706 0.028011
3 0.549895 0.353408 0.021008 0.028945
3 0.054884 0.276377 0.032038 0.024276
3 0.564338 0.170401 0.015231 0.015873
4 0.573792 0.275910 0.011029 0.021475
3 0.469538 0.638655 0.021008 0.061625
3 0.152574 0.888422 0.076155 0.096172
3 0.314863 0.662932 0.042542 0.072829
3 0.381565 0.528011 0.028887 0.051354
3 0.467700 0.439309 0.015231 0.042017
4 0.497111 0.364613 0.021534 0.051354
8 0.604254 0.533147 0.044643 0.098973
5 0.560137 0.147993 0.014181 0.030812
