5 0.600578 0.450980 0.018382 0.041083
3 0.654937 0.739963 0.096639 0.140990
0 0.487920 0.087768 0.085084 0.156863
3 0.429097 0.693277 0.016807 0.047619
3 0.341649 0.705415 0.024685 0.043884
3 0.513918 0.390289 0.046744 0.042951
5 0.194065 0.830532 0.149685 0.172736
3 0.648897 0.401961 0.022584 0.027077
3 0.823529 0.282446 0.013655 0.025210
0 0.219800 0.873016 0.024685 0.042951
4 0.544380 0.327731 0.009979 0.016807
3 0.460084 0.239963 0.008403 0.016807
3 0.469538 0.219421 0.007353 0.013072
5 0.441176 0.190943 0.013655 0.028945
3 0.475840 0.234360 0.009454 0.014939
3 0.462973 0.197479 0.007878 0.014006
3 0.496324 0.210084 0.008403 0.014939
3 0.466649 0.184874 0.007878 0.016807
3 0.487658 0.197479 0.007878 0.015873
5 0.513393 0.402428 0.014181 0.039216
3 0.472426 0.177404 0.007878 0.014939
3 0.470851 0.205415 0.008929 0.016807
5 0.545168 0.232493 0.012605 0.029879
