5 0.648109 0.523343 0.036765 0.070028
5 0.539128 0.587768 0.043592 0.081232
5 0.569590 0.303922 0.015231 0.038282
0 0.500525 0.177871 0.109244 0.126050
3 0.422006 0.279645 0.012080 0.021475
5 0.440389 0.260504 0.018382 0.031746
6 0.587973 0.598973 0.021534 0.045752
5 0.488708 0.426704 0.137080 0.059757
3 0.298057 0.432306 0.042542 0.033613
4 0.513130 0.328198 0.017857 0.036415
3 0.564338 0.272176 0.015231 0.032680
3 0.504989 0.260037 0.008929 0.015873
0 0.546481 0.265640 0.008929 0.021475
3 0.505252 0.276844 0.008403 0.015873
3 0.514443 0.429972 0.015231 0.038282
1 0.583246 0.587768 0.016282 0.025210
3 0.367384 0.537815 0.022584 0.037348
3 0.466124 0.278711 0.008929 0.015873
3 0.609506 0.300187 0.034139 0.027077
3 0.324842 0.296452 0.015231 0.021475
3 0.465861 0.264706 0.011555 0.015873
3 0.472689 0.254902 0.011555 0.014939
