5 0.661502 0.373483 0.020483 0.039216
3 0.551733 0.245098 0.021534 0.045752
0 0.477941 0.104108 0.101891 0.172736
3 0.587973 0.403828 0.018382 0.038282
3 0.585872 0.471055 0.026786 0.042017
3 0.419380 0.272642 0.032038 0.024276
3 0.675945 0.192810 0.018908 0.027077
4 0.570641 0.254435 0.011029 0.021475
3 0.425945 0.856209 0.032563 0.087768
3 0.471113 0.422969 0.015756 0.033613
3 0.371324 0.544818 0.028361 0.049486
3 0.410714 0.436041 0.023109 0.042951
3 0.429884 0.354342 0.012080 0.036415
3 0.462973 0.345005 0.012080 0.030812
4 0.489496 0.283847 0.016807 0.039216
8 0.649947 0.750233 0.062500 0.140990
5 0.554359 0.155462 0.014181 0.030812
