5 0.644695 0.507937 0.037290 0.070962
5 0.590336 0.699346 0.058824 0.106443
5 0.569328 0.299253 0.014706 0.038282
0 0.502363 0.177871 0.102416 0.126050
3 0.426208 0.274977 0.012080 0.021475
5 0.444853 0.258637 0.017857 0.031746
6 0.619748 0.676937 0.026261 0.050420
5 0.326943 0.411765 0.137080 0.059757
3 0.122899 0.419701 0.042017 0.032680
3 0.361870 0.737628 0.030462 0.067227
4 0.517069 0.355275 0.019433 0.038282
3 0.564863 0.273109 0.015231 0.032680
3 0.506565 0.274043 0.009979 0.015873
0 0.539128 0.274977 0.008929 0.021475
3 0.504202 0.294585 0.008403 0.015873
3 0.517332 0.515873 0.015756 0.038282
1 0.613183 0.665266 0.019433 0.030812
3 0.403099 0.459851 0.018382 0.032680
3 0.476103 0.262838 0.008929 0.015873
3 0.715599 0.318861 0.034139 0.027077
3 0.388393 0.286181 0.015231 0.021475
