5 0.616597 0.549486 0.016807 0.038282
3 0.535189 0.490663 0.027311 0.081232
0 0.483981 0.111578 0.088761 0.193277
3 0.349265 0.436975 0.026261 0.024276
3 0.622899 0.943978 0.031513 0.067227
3 0.956408 0.471989 0.027311 0.025210
9 0.554884 0.653128 0.011029 0.038282
1 0.553834 0.652661 0.007878 0.028011
3 0.517595 0.244164 0.014181 0.019608
3 0.929097 0.352941 0.019958 0.026144
4 0.543592 0.366013 0.009454 0.020542
3 0.423319 0.506069 0.013655 0.028011
3 0.448004 0.397759 0.012605 0.022409
5 0.431723 0.211485 0.014706 0.028945
3 0.492384 0.325864 0.016282 0.016807
3 0.419380 0.415500 0.011029 0.029879
3 0.425158 0.366013 0.013130 0.024276
5 0.494485 0.302521 0.012080 0.026144
3 0.432248 0.332400 0.011555 0.020542
3 0.451681 0.348273 0.011555 0.020542
4 0.471113 0.264706 0.012605 0.030812
5 0.543592 0.234827 0.013655 0.030812
