5 0.615546 0.565359 0.016807 0.038282
3 0.535714 0.544818 0.027311 0.081232
0 0.483981 0.111578 0.088761 0.193277
3 0.475840 0.455649 0.026261 0.024276
9 0.563813 0.739029 0.011029 0.038282
1 0.562763 0.738562 0.007878 0.028011
3 0.531775 0.262372 0.014181 0.018674
3 0.979779 0.386555 0.020483 0.026144
4 0.544380 0.371615 0.009979 0.020542
3 0.434349 0.461251 0.011555 0.022409
3 0.453256 0.384687 0.010504 0.018674
5 0.433561 0.215219 0.014181 0.028945
3 0.482931 0.338002 0.015231 0.016807
3 0.427521 0.395892 0.009454 0.022409
3 0.432248 0.350607 0.010504 0.023343
5 0.497111 0.330999 0.012080 0.027077
3 0.439863 0.321195 0.009979 0.018674
3 0.455620 0.346405 0.009979 0.016807
4 0.474265 0.259104 0.010504 0.027077
5 0.544380 0.250700 0.013130 0.030812
