5 0.614496 0.490663 0.016807 0.038282
3 0.532300 0.404762 0.026786 0.083100
0 0.483981 0.108777 0.088761 0.187675
3 0.140231 0.386555 0.026261 0.024276
3 0.587185 0.722222 0.026261 0.053221
3 0.667017 0.878618 0.045168 0.065359
3 0.785977 0.401494 0.026786 0.024276
9 0.542279 0.521475 0.011029 0.032680
1 0.541492 0.520542 0.008403 0.028945
3 0.839548 0.291317 0.021534 0.028011
4 0.542279 0.331933 0.008929 0.021475
3 0.409926 0.563025 0.018382 0.037348
3 0.450630 0.399627 0.012605 0.026144
5 0.429097 0.190943 0.014706 0.030812
3 0.506040 0.288049 0.013130 0.017740
3 0.400210 0.437908 0.015756 0.033613
3 0.414391 0.381419 0.014706 0.027077
5 0.492384 0.253501 0.012080 0.025210
3 0.420431 0.338469 0.012080 0.021475
3 0.446166 0.342204 0.012080 0.021475
4 0.467174 0.265640 0.013130 0.032680
5 0.542279 0.209617 0.014181 0.030812
