5 0.661765 0.370682 0.019958 0.039216
3 0.549107 0.242297 0.021534 0.045752
0 0.478729 0.105042 0.103466 0.172736
3 0.583771 0.390756 0.018382 0.038282
3 0.579044 0.450514 0.024685 0.038282
3 0.378939 0.268908 0.032038 0.024276
3 0.661239 0.189542 0.018908 0.028011
4 0.571166 0.256303 0.011029 0.021475
3 0.424107 0.933240 0.033088 0.099907
3 0.471113 0.437908 0.015756 0.035481
3 0.358193 0.570962 0.031513 0.053221
3 0.404937 0.453315 0.024160 0.043884
3 0.428046 0.362745 0.012605 0.036415
3 0.465074 0.345472 0.012080 0.031746
4 0.490284 0.292717 0.017332 0.040149
8 0.642069 0.711951 0.062500 0.133520
5 0.555410 0.153595 0.014181 0.030812
