5 0.601366 0.494865 0.017857 0.041083
3 0.584034 0.665733 0.073529 0.123249
0 0.485819 0.098039 0.082983 0.164332
3 0.249737 0.874883 0.044643 0.056022
3 0.656250 0.442577 0.047794 0.042951
5 0.042805 0.970121 0.085609 0.057890
3 0.427258 0.672736 0.016282 0.038282
3 0.444328 0.507937 0.014706 0.031746
3 0.782300 0.462185 0.023634 0.028011
3 0.693540 0.283380 0.014181 0.025210
4 0.542017 0.353408 0.010504 0.015873
3 0.454832 0.297852 0.009454 0.016807
3 0.465599 0.267507 0.008929 0.015873
5 0.439601 0.209150 0.013655 0.028011
3 0.475315 0.275444 0.008403 0.014939
3 0.453519 0.249300 0.008929 0.014939
3 0.495798 0.209617 0.009454 0.014006
3 0.459034 0.228758 0.009454 0.016807
5 0.507616 0.378618 0.011029 0.027077
3 0.466649 0.217087 0.008929 0.015873
3 0.467437 0.250233 0.009454 0.014939
5 0.544905 0.241363 0.013130 0.030812
