5 0.648372 0.515406 0.037290 0.070962
5 0.571429 0.664332 0.051471 0.096172
5 0.570641 0.304855 0.015231 0.038282
0 0.502101 0.177871 0.105042 0.126050
3 0.426208 0.277778 0.012080 0.021475
5 0.444590 0.259570 0.018382 0.031746
6 0.606618 0.650794 0.023109 0.048553
5 0.376313 0.416433 0.137080 0.059757
3 0.175420 0.427171 0.042017 0.032680
3 0.324842 0.894024 0.041492 0.084967
4 0.517069 0.346872 0.019433 0.038282
3 0.565389 0.274043 0.015231 0.032680
3 0.506828 0.271242 0.009454 0.015873
0 0.543855 0.274977 0.008929 0.021475
3 0.506303 0.289916 0.008403 0.015873
3 0.521271 0.484127 0.015231 0.038282
1 0.600578 0.638189 0.018382 0.028945
3 0.395483 0.479458 0.019958 0.034547
3 0.474002 0.269374 0.008929 0.015873
3 0.678309 0.313259 0.034139 0.027077
3 0.372111 0.291783 0.015231 0.021475
3 0.476103 0.254435 0.011029 0.015873
