5 0.643645 0.507003 0.037290 0.070962
5 0.597952 0.713819 0.061450 0.111111
5 0.567227 0.297386 0.014706 0.038282
0 0.501838 0.177871 0.102416 0.126050
3 0.425683 0.273109 0.012080 0.021475
5 0.441964 0.258637 0.017332 0.031746
6 0.626313 0.687675 0.027836 0.051354
5 0.307511 0.408964 0.137080 0.059757
3 0.101366 0.415966 0.042017 0.032680
3 0.374212 0.688609 0.026786 0.058824
4 0.516807 0.361811 0.018908 0.049486
3 0.562763 0.271242 0.015231 0.032680
3 0.506565 0.274977 0.009979 0.015873
0 0.538078 0.274977 0.008929 0.021475
3 0.504202 0.295518 0.008403 0.015873
3 0.516807 0.527544 0.015756 0.039216
1 0.620273 0.677404 0.019958 0.032680
3 0.405987 0.451914 0.017857 0.031746
3 0.477153 0.260971 0.008929 0.015873
3 0.730305 0.319795 0.034139 0.027077
3 0.392595 0.285247 0.015231 0.021475
