5 0.674107 0.494865 0.037290 0.070962
5 0.569328 0.302988 0.019958 0.043884
0 0.489758 0.178805 0.094013 0.127918
3 0.423582 0.269841 0.012080 0.020542
5 0.439076 0.254435 0.015756 0.027077
5 0.452468 0.897292 0.051996 0.203548
3 0.450368 0.422035 0.013130 0.024276
4 0.546744 0.450514 0.028361 0.070028
3 0.558561 0.261438 0.015231 0.031746
3 0.518908 0.325864 0.011555 0.020542
0 0.528099 0.306723 0.008929 0.021475
3 0.510242 0.346405 0.012080 0.020542
3 0.454832 0.345005 0.011555 0.021475
3 0.462973 0.271709 0.015231 0.020542
