5 0.612395 0.536881 0.017857 0.039216
3 0.551996 0.622316 0.045168 0.105509
0 0.484506 0.101774 0.086660 0.173669
3 0.786502 0.484127 0.049895 0.042017
3 0.432248 0.732026 0.017857 0.046685
3 0.936450 0.528011 0.024160 0.028945
3 0.827731 0.449113 0.029412 0.024276
9 0.591649 0.979925 0.015231 0.036415
1 0.590861 0.978992 0.007353 0.027077
3 0.606092 0.276377 0.013655 0.024276
4 0.546218 0.373483 0.010504 0.016807
3 0.452206 0.361345 0.009454 0.018674
3 0.463498 0.311858 0.009979 0.016807
5 0.438813 0.218487 0.013130 0.028011
3 0.476628 0.307656 0.009979 0.014006
3 0.445903 0.299253 0.009454 0.019608
3 0.495798 0.202148 0.009454 0.014006
3 0.450893 0.271709 0.009979 0.016807
5 0.507616 0.375817 0.011029 0.027077
3 0.458771 0.254435 0.008929 0.015873
3 0.465336 0.290383 0.009454 0.016807
4 0.480567 0.210084 0.009454 0.018674
5 0.544905 0.247899 0.013130 0.030812
