5 0.668067 0.373016 0.019958 0.043884
3 0.554359 0.226424 0.021534 0.045752
0 0.483193 0.112512 0.111345 0.172736
3 0.558298 0.317460 0.014706 0.028011
3 0.554884 0.371148 0.020483 0.028945
3 0.128414 0.273576 0.032038 0.024276
3 0.594013 0.172736 0.018908 0.028011
4 0.573267 0.272176 0.011029 0.021475
3 0.470851 0.575630 0.019433 0.051354
3 0.226103 0.795518 0.062500 0.087768
3 0.346639 0.600373 0.037815 0.061625
3 0.399685 0.478992 0.024160 0.046685
3 0.468750 0.410364 0.015231 0.040149
4 0.495798 0.349673 0.021008 0.049486
8 0.608981 0.557890 0.044643 0.099907
5 0.558036 0.150794 0.014181 0.030812
