5 0.655725 0.522876 0.037290 0.070962
5 0.531775 0.450980 0.026786 0.072829
5 0.603729 0.298319 0.016282 0.038282
0 0.541229 0.183473 0.094013 0.127918
5 0.884454 0.323063 0.072479 0.050420
3 0.461922 0.274043 0.012080 0.021475
5 0.480830 0.255369 0.018382 0.032680
6 0.566702 0.524276 0.017857 0.032680
5 0.728729 0.425770 0.137080 0.059757
3 0.545956 0.426704 0.038340 0.029879
4 0.546481 0.295985 0.015231 0.033613
3 0.602679 0.268441 0.015231 0.032680
3 0.536502 0.350140 0.014181 0.022409
1 0.564863 0.510271 0.015231 0.021475
3 0.284139 0.687675 0.033613 0.055089
3 0.497111 0.283380 0.008929 0.015873
3 0.585347 0.279178 0.015231 0.020542
3 0.274947 0.291783 0.021534 0.021475
3 0.478466 0.272176 0.011555 0.015873
3 0.500263 0.260971 0.012080 0.015873
