5 0.675683 0.494865 0.037290 0.070962
5 0.569065 0.303922 0.020483 0.043884
0 0.489758 0.179739 0.094013 0.127918
3 0.423057 0.271709 0.012080 0.020542
5 0.438025 0.254435 0.015756 0.027077
5 0.458771 0.891223 0.051996 0.215686
3 0.452206 0.417367 0.012605 0.024276
4 0.548057 0.452848 0.028887 0.070962
3 0.558036 0.262372 0.015231 0.031746
3 0.519958 0.328665 0.011555 0.020542
0 0.527574 0.309524 0.008929 0.021475
3 0.510242 0.350140 0.012080 0.020542
3 0.455357 0.343137 0.011555 0.021475
3 0.464023 0.272642 0.015231 0.020542
