5 0.673319 0.378151 0.019958 0.046685
3 0.557511 0.217087 0.021534 0.045752
0 0.484769 0.116246 0.114496 0.172736
3 0.549107 0.296452 0.015231 0.028945
3 0.548845 0.342670 0.017857 0.028011
3 0.558561 0.163866 0.016282 0.014006
4 0.573792 0.277778 0.011029 0.021475
3 0.468225 0.671335 0.021534 0.067227
3 0.111870 0.936041 0.082983 0.098039
3 0.297006 0.693277 0.045693 0.079365
3 0.370798 0.552288 0.030462 0.055089
3 0.466649 0.452381 0.015231 0.042017
4 0.496586 0.364146 0.021534 0.072829
8 0.602153 0.521008 0.044643 0.098973
5 0.561187 0.147059 0.014181 0.030812
