5 0.613445 0.558824 0.016807 0.038282
3 0.542017 0.597106 0.036765 0.101774
0 0.483981 0.105976 0.088761 0.182073
3 0.879464 0.523810 0.055147 0.052288
3 0.671744 0.460317 0.029412 0.024276
9 0.580620 0.872549 0.011029 0.038282
1 0.580095 0.873950 0.007878 0.028011
3 0.564863 0.279645 0.014181 0.023343
4 0.545431 0.380486 0.009979 0.017740
3 0.445116 0.416433 0.011029 0.026144
3 0.459296 0.348273 0.009979 0.016807
5 0.436712 0.222222 0.013130 0.028011
3 0.477941 0.328198 0.011555 0.014006
3 0.438550 0.345472 0.009454 0.020542
3 0.493435 0.201214 0.009979 0.014006
3 0.443540 0.309991 0.009979 0.018674
5 0.501838 0.355275 0.012080 0.027077
3 0.450630 0.288049 0.009454 0.017740
3 0.461134 0.321195 0.009454 0.016807
4 0.478204 0.235761 0.009979 0.021475
5 0.544905 0.251634 0.013130 0.030812
