5 0.603466 0.500000 0.017857 0.040149
3 0.580357 0.658263 0.073529 0.123249
0 0.485819 0.098973 0.082983 0.166200
3 0.234506 0.902894 0.044643 0.056022
3 0.674632 0.449113 0.047794 0.042951
3 0.424895 0.715219 0.017857 0.052288
3 0.443540 0.534080 0.015231 0.031746
3 0.802784 0.471522 0.023634 0.028011
3 0.678309 0.282913 0.014181 0.024276
4 0.542279 0.355742 0.011029 0.016807
3 0.454832 0.306256 0.009454 0.016807
3 0.465336 0.273576 0.009454 0.016807
5 0.439601 0.210084 0.013655 0.028011
3 0.475315 0.281046 0.008403 0.014939
3 0.452468 0.255836 0.008929 0.014939
3 0.495798 0.207750 0.009454 0.014006
3 0.457983 0.233427 0.009454 0.016807
5 0.507616 0.375817 0.011029 0.027077
3 0.465599 0.222689 0.008929 0.015873
3 0.467437 0.257236 0.009454 0.015873
5 0.544905 0.242764 0.013130 0.029879
