5 0.613445 0.561625 0.016807 0.038282
3 0.539391 0.584500 0.033613 0.091503
0 0.483981 0.107843 0.088761 0.185808
3 0.910452 0.534080 0.055147 0.052288
3 0.618435 0.455649 0.026786 0.024276
9 0.575893 0.836134 0.011029 0.038282
1 0.575368 0.837535 0.007878 0.028011
3 0.552784 0.271242 0.014181 0.023343
4 0.545168 0.378151 0.010504 0.018674
3 0.444065 0.427171 0.009979 0.017740
3 0.457721 0.358543 0.009979 0.016807
5 0.435924 0.220355 0.013655 0.028011
3 0.478729 0.332400 0.013130 0.014939
3 0.435399 0.359477 0.009454 0.020542
3 0.492910 0.198880 0.009979 0.013072
3 0.440389 0.321662 0.009979 0.019608
5 0.500788 0.349673 0.012080 0.027077
3 0.447742 0.297386 0.009979 0.017740
3 0.459559 0.328665 0.009454 0.016807
4 0.477153 0.242764 0.009979 0.022409
5 0.544905 0.252568 0.013130 0.030812
