5 0.643645 0.500467 0.037290 0.070962
5 0.568277 0.298786 0.014706 0.039216
0 0.502363 0.178338 0.096113 0.126984
3 0.425683 0.270775 0.012080 0.020542
5 0.442227 0.256303 0.017857 0.032680
6 0.699317 0.821195 0.037290 0.066293
5 0.149422 0.408030 0.137080 0.059757
3 0.420431 0.505602 0.018382 0.032680
4 0.525735 0.404762 0.022059 0.062558
3 0.562763 0.268441 0.015231 0.032680
3 0.509454 0.298319 0.011555 0.021475
0 0.531775 0.288982 0.008929 0.021475
3 0.503151 0.316527 0.008403 0.016807
3 0.522321 0.714753 0.023634 0.060691
1 0.695903 0.811391 0.022059 0.037348
3 0.429359 0.390289 0.013130 0.024276
3 0.845326 0.327264 0.034139 0.027077
3 0.431460 0.279645 0.015231 0.021475
