3 0.317227 0.451914 0.047269 0.037348
3 0.086134 0.443044 0.050420 0.043884
3 0.456670 0.681606 0.038340 0.063492
5 0.645746 0.564893 0.037290 0.070962
5 0.534926 0.336601 0.017332 0.038282
5 0.598477 0.304855 0.015231 0.038282
3 0.506828 0.280579 0.008403 0.015873
0 0.533088 0.182540 0.100840 0.127918
5 0.659139 0.299720 0.057773 0.044818
3 0.491334 0.268441 0.012080 0.021475
3 0.451943 0.275910 0.012080 0.021475
3 0.463498 0.279645 0.012080 0.021475
3 0.445116 0.283847 0.012080 0.020542
5 0.472426 0.260037 0.018382 0.032680
6 0.539916 0.405229 0.016807 0.022409
8 0.469538 0.563959 0.048319 0.108310
3 0.970851 0.351541 0.021534 0.027077
3 0.924107 0.340803 0.020483 0.024276
3 0.597426 0.274043 0.015231 0.032680
3 0.537553 0.267507 0.012080 0.021475
1 0.539653 0.390289 0.012080 0.018674
3 0.461922 0.353408 0.012080 0.021475
3 0.335872 0.294585 0.018382 0.021475
3 0.390756 0.290850 0.017857 0.021475
