5 0.645746 0.510738 0.037290 0.070962
5 0.581145 0.682073 0.055147 0.101774
5 0.570116 0.302054 0.015231 0.038282
0 0.502626 0.177871 0.102941 0.126050
3 0.427258 0.277778 0.012080 0.021475
5 0.445116 0.259570 0.018382 0.031746
6 0.611607 0.662932 0.024685 0.050420
5 0.351628 0.414566 0.137080 0.059757
3 0.149160 0.422502 0.042017 0.032680
3 0.345588 0.808590 0.034664 0.076564
4 0.517069 0.350607 0.019433 0.038282
3 0.565389 0.274043 0.015231 0.032680
3 0.506828 0.273109 0.009454 0.015873
0 0.541229 0.275910 0.008929 0.021475
3 0.505252 0.292717 0.008403 0.015873
3 0.517857 0.503735 0.015756 0.038282
1 0.604779 0.650327 0.018382 0.028945
3 0.399160 0.469655 0.018908 0.033613
3 0.475053 0.265640 0.008929 0.015873
3 0.697216 0.316060 0.034139 0.027077
3 0.380515 0.288982 0.015231 0.021475
3 0.477679 0.252101 0.011029 0.016807
