5 0.607143 0.512605 0.017857 0.039216
3 0.569853 0.640523 0.071429 0.121382
0 0.485294 0.099907 0.084034 0.169935
3 0.192489 0.969188 0.044643 0.052288
3 0.720851 0.462185 0.047794 0.042951
3 0.417279 0.841270 0.019433 0.056022
3 0.440126 0.605042 0.015756 0.031746
3 0.859244 0.490196 0.024160 0.028011
3 0.924107 0.446312 0.028887 0.024276
3 0.643908 0.282913 0.013655 0.024276
4 0.544380 0.362278 0.011029 0.016807
3 0.454307 0.328198 0.009454 0.017740
3 0.465074 0.288515 0.009979 0.016807
5 0.439601 0.212885 0.013655 0.028011
3 0.476103 0.292250 0.008929 0.014939
3 0.449842 0.272642 0.008929 0.016807
3 0.496324 0.204015 0.009454 0.014006
3 0.455357 0.248366 0.009454 0.016807
5 0.507616 0.375817 0.011029 0.027077
3 0.462973 0.234827 0.008929 0.015873
3 0.466912 0.270308 0.009454 0.015873
4 0.481355 0.191877 0.007878 0.014006
5 0.544905 0.245098 0.013130 0.030812
