5 0.663866 0.367414 0.019958 0.040149
3 0.551208 0.226424 0.021534 0.045752
0 0.481092 0.109711 0.108193 0.172736
3 0.567227 0.346872 0.016807 0.034547
3 0.563288 0.392157 0.020483 0.029879
3 0.238708 0.263305 0.032038 0.024276
3 0.623162 0.188142 0.018382 0.028945
4 0.572216 0.265640 0.011029 0.021475
3 0.471376 0.501867 0.017332 0.042017
3 0.300683 0.680672 0.045693 0.069094
3 0.378939 0.523343 0.030987 0.051354
3 0.415441 0.420168 0.017857 0.041083
3 0.469013 0.372082 0.012605 0.034547
4 0.493435 0.325397 0.019433 0.045752
8 0.618172 0.602708 0.050420 0.107376
5 0.557511 0.147059 0.014181 0.030812
