5 0.638393 0.520075 0.037290 0.070962
5 0.528361 0.425770 0.023109 0.059757
5 0.598214 0.298786 0.015756 0.039216
0 0.536239 0.182540 0.094538 0.127918
5 0.818803 0.317460 0.072479 0.050420
3 0.455095 0.272176 0.012080 0.021475
5 0.476103 0.255369 0.018382 0.032680
6 0.548582 0.486928 0.018382 0.027077
5 0.832195 0.436041 0.137080 0.059757
3 0.646271 0.432306 0.038340 0.029879
8 0.405725 0.832866 0.067752 0.179272
4 0.541492 0.281046 0.015756 0.029879
3 0.596901 0.265640 0.015231 0.032680
3 0.528887 0.326797 0.014706 0.022409
1 0.546481 0.466387 0.015231 0.025210
3 0.187763 0.813725 0.049895 0.071895
3 0.488971 0.289916 0.011555 0.021475
3 0.572216 0.272642 0.015231 0.020542
3 0.218750 0.293651 0.021534 0.021475
3 0.455357 0.274977 0.011555 0.015873
3 0.487395 0.263772 0.014706 0.019608
