5 0.608193 0.518207 0.017857 0.039216
3 0.562237 0.633053 0.060399 0.113912
0 0.485032 0.100373 0.084559 0.170868
3 0.740284 0.471522 0.047794 0.042951
3 0.412027 0.907563 0.020483 0.067227
3 0.438025 0.637722 0.015756 0.033613
3 0.882353 0.499533 0.024160 0.028011
3 0.893908 0.448179 0.029412 0.024276
3 0.631303 0.281979 0.013655 0.024276
4 0.545431 0.365079 0.011029 0.016807
3 0.453782 0.337068 0.009454 0.018674
3 0.465074 0.294118 0.009979 0.016807
5 0.439601 0.213819 0.013655 0.028011
3 0.476366 0.295985 0.009454 0.014939
3 0.448792 0.279178 0.008929 0.018674
3 0.496324 0.202148 0.009454 0.014006
3 0.454044 0.254902 0.009979 0.016807
5 0.507616 0.375817 0.011029 0.027077
3 0.461922 0.239496 0.008929 0.015873
3 0.466912 0.275444 0.009454 0.016807
4 0.481092 0.196078 0.008403 0.016807
5 0.544905 0.246965 0.013130 0.030812
