5 0.632616 0.526611 0.037290 0.070962
5 0.525210 0.405696 0.019958 0.049486
5 0.596113 0.298786 0.016807 0.039216
0 0.533613 0.182540 0.099790 0.127918
5 0.787290 0.317460 0.072479 0.050420
3 0.453519 0.273109 0.012080 0.021475
3 0.491859 0.257236 0.009979 0.015873
5 0.472426 0.255369 0.018382 0.032680
6 0.542017 0.474790 0.017857 0.027077
5 0.926996 0.452848 0.133403 0.059757
3 0.741334 0.446312 0.038340 0.029879
8 0.413603 0.752568 0.066702 0.141923
4 0.540704 0.275444 0.016282 0.031746
3 0.596376 0.269374 0.015231 0.032680
3 0.526786 0.308123 0.014706 0.022409
1 0.538603 0.461251 0.012080 0.026144
3 0.062763 0.971055 0.065651 0.050420
3 0.484506 0.294585 0.012080 0.021475
3 0.557511 0.265640 0.012080 0.019608
3 0.182511 0.299253 0.021534 0.021475
3 0.438025 0.279178 0.012605 0.016807
3 0.475053 0.273109 0.015231 0.019608
