5 0.653099 0.521942 0.037290 0.070962
5 0.531513 0.447712 0.026261 0.071895
5 0.602941 0.298319 0.015756 0.038282
0 0.540704 0.183473 0.094013 0.127918
5 0.876050 0.320261 0.072479 0.050420
3 0.460872 0.273109 0.012080 0.021475
5 0.480305 0.254435 0.018382 0.032680
6 0.563550 0.520542 0.017857 0.032680
5 0.740809 0.426704 0.137080 0.059757
3 0.556460 0.426704 0.038340 0.029879
4 0.545431 0.295518 0.015231 0.034547
3 0.602153 0.268441 0.015231 0.032680
3 0.536239 0.348273 0.014706 0.022409
1 0.562237 0.506536 0.015231 0.021475
3 0.274160 0.698880 0.033613 0.055089
3 0.496061 0.283380 0.008929 0.015873
3 0.582195 0.277311 0.015231 0.020542
3 0.269695 0.290850 0.021534 0.021475
3 0.474265 0.273109 0.011555 0.015873
3 0.498687 0.260971 0.012080 0.015873
