5 0.640231 0.419234 0.019958 0.041083
3 0.541229 0.319795 0.019433 0.068161
0 0.481618 0.101307 0.093487 0.172736
3 0.590599 0.524743 0.023634 0.042951
3 0.611607 0.621849 0.035189 0.052288
3 0.586660 0.327264 0.031513 0.023343
3 0.742910 0.231092 0.018382 0.027077
4 0.560137 0.289916 0.009979 0.019608
3 0.414916 0.665733 0.021008 0.056022
3 0.457721 0.401961 0.015231 0.038282
5 0.432248 0.161998 0.012605 0.030812
3 0.517069 0.236695 0.009979 0.017740
3 0.394433 0.488796 0.019958 0.042017
3 0.412553 0.401027 0.015231 0.040149
5 0.501838 0.200280 0.012080 0.025210
3 0.424107 0.345005 0.012080 0.028945
3 0.452468 0.341737 0.012080 0.026144
4 0.479779 0.269374 0.015231 0.036415
5 0.551733 0.176004 0.014181 0.030812
