5 0.596113 0.464052 0.017857 0.041083
3 0.615809 0.708217 0.080357 0.127918
0 0.485819 0.093838 0.082983 0.161531
3 0.406775 0.873483 0.018382 0.056956
3 0.308561 0.763305 0.034139 0.053221
3 0.565389 0.408964 0.047794 0.042951
5 0.122111 0.899160 0.170693 0.177404
3 0.440914 0.514006 0.016282 0.028945
3 0.694065 0.427638 0.023634 0.028011
3 0.772847 0.285247 0.014181 0.025210
0 0.238183 0.909897 0.018382 0.034547
4 0.541229 0.339402 0.008929 0.015873
3 0.456933 0.260504 0.008403 0.016807
3 0.466124 0.236695 0.006828 0.012138
5 0.438550 0.197946 0.013655 0.028011
3 0.474265 0.250700 0.009454 0.015873
3 0.459034 0.215686 0.008403 0.014939
3 0.494223 0.211018 0.009454 0.014939
3 0.463498 0.198880 0.008929 0.016807
3 0.486082 0.193744 0.007878 0.012138
5 0.511292 0.395892 0.014181 0.039216
3 0.469013 0.191877 0.008403 0.015873
3 0.469013 0.221289 0.009454 0.014939
5 0.545168 0.235761 0.012605 0.030812
