5 0.614496 0.563492 0.016807 0.038282
3 0.537553 0.567694 0.032038 0.082166
0 0.483981 0.110177 0.088761 0.190476
3 0.956145 0.554622 0.055147 0.052288
3 0.551996 0.460317 0.026261 0.024276
9 0.570116 0.790383 0.011029 0.038282
1 0.569065 0.790850 0.007878 0.028011
3 0.542279 0.267507 0.014181 0.021475
4 0.544905 0.375350 0.009979 0.018674
3 0.441439 0.433240 0.009979 0.018674
3 0.455882 0.372549 0.009454 0.016807
5 0.434874 0.218021 0.013655 0.028945
3 0.479779 0.337535 0.014181 0.015873
3 0.432248 0.378151 0.009454 0.020542
3 0.436450 0.336601 0.009454 0.021475
5 0.499212 0.342204 0.012080 0.027077
3 0.444065 0.310458 0.009979 0.017740
3 0.457983 0.338936 0.009454 0.016807
4 0.475578 0.252101 0.009979 0.024276
5 0.544905 0.254435 0.013130 0.030812
