3 0.629989 0.421102 0.046744 0.037348
3 0.398897 0.402428 0.050945 0.044818
3 0.223477 0.393557 0.044643 0.040149
3 0.508666 0.501401 0.025735 0.044818
5 0.648897 0.525677 0.037290 0.070962
5 0.536765 0.287115 0.014706 0.027077
5 0.601891 0.286181 0.019958 0.040149
3 0.493435 0.287115 0.012080 0.023343
0 0.533088 0.182540 0.100840 0.127918
5 0.611870 0.268908 0.049370 0.039216
3 0.471376 0.261905 0.012080 0.021475
3 0.451943 0.259104 0.012080 0.021475
3 0.421481 0.265640 0.020483 0.027077
3 0.393382 0.270775 0.021008 0.026144
5 0.472952 0.246032 0.018382 0.032680
6 0.535977 0.348739 0.015231 0.021475
8 0.486870 0.448179 0.031513 0.067227
3 0.852679 0.312792 0.021534 0.028011
3 0.805410 0.305322 0.021534 0.024276
3 0.600053 0.254435 0.015231 0.032680
1 0.534664 0.342670 0.011555 0.016807
3 0.259191 0.272176 0.018382 0.021475
3 0.326418 0.275910 0.024685 0.027077
