5 0.644695 0.499533 0.037290 0.070962
5 0.568540 0.298319 0.015231 0.040149
0 0.502626 0.178805 0.095588 0.127918
3 0.425683 0.269841 0.012080 0.020542
5 0.442227 0.256303 0.017857 0.032680
6 0.720851 0.856209 0.046744 0.078431
5 0.130515 0.408030 0.137080 0.059757
3 0.424632 0.489262 0.016282 0.029879
4 0.528099 0.410364 0.022584 0.064426
3 0.562763 0.269374 0.015231 0.032680
3 0.509979 0.301120 0.011555 0.021475
0 0.530725 0.290850 0.008929 0.021475
3 0.502889 0.318861 0.008929 0.017740
3 0.523634 0.754435 0.024160 0.065359
1 0.713235 0.838469 0.022059 0.037348
3 0.432511 0.382353 0.013130 0.023343
3 0.861082 0.329132 0.034139 0.027077
3 0.435662 0.278245 0.015231 0.020542
