5 0.684874 0.495331 0.036765 0.066293
5 0.568015 0.312792 0.022584 0.042951
0 0.487132 0.180672 0.094013 0.127918
3 0.423057 0.272642 0.012080 0.020542
5 0.435662 0.260971 0.015231 0.032680
4 0.562500 0.372082 0.010504 0.019608
0 0.530987 0.353875 0.016807 0.026144
3 0.440914 0.904762 0.024685 0.089636
5 0.500000 0.703548 0.038866 0.180205
3 0.469800 0.373016 0.009979 0.021475
4 0.564863 0.495331 0.029937 0.071895
3 0.557511 0.267507 0.018382 0.032680
3 0.529674 0.354342 0.011029 0.019608
0 0.533351 0.330065 0.008929 0.021475
3 0.461922 0.326797 0.012080 0.026144
3 0.509454 0.261438 0.009454 0.020542
3 0.481355 0.279178 0.015231 0.020542
