5 0.599790 0.490196 0.017857 0.041083
3 0.588761 0.674136 0.073529 0.123249
0 0.485819 0.097106 0.082983 0.162465
3 0.263393 0.852941 0.036239 0.053221
3 0.637868 0.435107 0.047794 0.042951
5 0.059874 0.951447 0.119748 0.095238
3 0.430672 0.635387 0.015756 0.038282
3 0.762868 0.454715 0.023634 0.028011
3 0.708771 0.284314 0.014181 0.025210
4 0.541754 0.350607 0.009979 0.015873
3 0.455095 0.290383 0.008929 0.016807
3 0.465599 0.262372 0.007878 0.014939
5 0.439076 0.208217 0.013655 0.028011
3 0.474790 0.270775 0.008403 0.014939
3 0.454569 0.242764 0.008929 0.014939
3 0.495273 0.211485 0.009454 0.014006
3 0.460084 0.223156 0.009454 0.016807
3 0.487395 0.190943 0.006303 0.010271
5 0.508141 0.384220 0.013130 0.034547
3 0.467174 0.212418 0.008929 0.015873
3 0.467962 0.245565 0.009454 0.014939
5 0.544905 0.240430 0.013130 0.030812
