5 0.652048 0.407096 0.020483 0.041083
3 0.548319 0.280112 0.022059 0.054155
0 0.479517 0.101307 0.096639 0.172736
3 0.594800 0.488329 0.022584 0.042951
3 0.610032 0.570495 0.030987 0.042951
3 0.540704 0.311858 0.032038 0.024276
3 0.722952 0.215219 0.018382 0.027077
4 0.564863 0.274977 0.009979 0.019608
3 0.427784 0.709617 0.023634 0.063492
3 0.464023 0.415966 0.015231 0.032680
3 0.518120 0.222689 0.009979 0.017740
3 0.395746 0.507470 0.021534 0.045752
3 0.413340 0.421102 0.016807 0.037348
3 0.425683 0.346872 0.012080 0.030812
3 0.455620 0.342204 0.012080 0.027077
4 0.482143 0.269374 0.015756 0.036415
5 0.552784 0.165733 0.014181 0.030812
