5 0.666492 0.525677 0.036765 0.070962
5 0.537553 0.476657 0.027836 0.077498
5 0.607931 0.301120 0.015231 0.038282
0 0.544380 0.182540 0.094013 0.127918
5 0.919643 0.330532 0.072479 0.050420
3 0.466649 0.274043 0.012080 0.021475
5 0.482931 0.256303 0.018382 0.032680
6 0.580357 0.537348 0.017857 0.032680
5 0.671481 0.427638 0.137080 0.059757
3 0.493960 0.424837 0.038340 0.029879
4 0.550683 0.299253 0.015231 0.032680
3 0.605305 0.269374 0.015231 0.032680
3 0.550158 0.257236 0.008929 0.015873
3 0.542805 0.373016 0.015231 0.038282
1 0.574842 0.528011 0.015231 0.021475
3 0.327206 0.638189 0.033613 0.055089
3 0.502363 0.283380 0.008929 0.015873
3 0.595588 0.284314 0.018908 0.021475
3 0.297532 0.295051 0.021534 0.022409
3 0.487395 0.273109 0.011555 0.015873
3 0.506565 0.259570 0.012080 0.014939
