3 0.363445 0.928571 0.049370 0.090570
5 0.633666 0.546218 0.037290 0.070962
5 0.523897 0.381886 0.017332 0.039216
5 0.595588 0.303455 0.017857 0.039216
0 0.533088 0.182540 0.100840 0.127918
5 0.741597 0.316993 0.066176 0.049486
3 0.452994 0.277778 0.012080 0.021475
3 0.493172 0.266573 0.011555 0.019608
3 0.481355 0.271242 0.011029 0.021475
5 0.471376 0.259104 0.018382 0.032680
6 0.542017 0.462652 0.017857 0.027077
3 0.886029 0.478992 0.035714 0.029879
8 0.425158 0.687675 0.056197 0.120448
4 0.540704 0.269841 0.012080 0.026144
3 0.595326 0.274043 0.015231 0.032680
3 0.528887 0.299253 0.012605 0.021475
1 0.540704 0.451447 0.012080 0.025210
3 0.476103 0.318861 0.012080 0.021475
3 0.551733 0.260971 0.009979 0.015873
3 0.117384 0.304855 0.021534 0.021475
3 0.409926 0.288049 0.018382 0.021475
3 0.456670 0.281046 0.015231 0.020542
