5 0.616071 0.530812 0.016807 0.038282
3 0.534401 0.464519 0.026786 0.083100
0 0.483981 0.111578 0.088761 0.193277
3 0.281513 0.418301 0.026261 0.024276
3 0.608718 0.868347 0.030462 0.065359
3 0.901786 0.447712 0.027311 0.025210
9 0.550683 0.608310 0.011029 0.038282
1 0.550158 0.607843 0.007878 0.028011
3 0.510767 0.231092 0.014181 0.021475
3 0.900473 0.330999 0.015231 0.021475
4 0.543067 0.360878 0.009454 0.021475
3 0.418592 0.524743 0.016807 0.031746
3 0.447742 0.397292 0.012080 0.021475
5 0.430672 0.207750 0.014706 0.028945
3 0.497374 0.317927 0.016807 0.017740
3 0.413340 0.422502 0.012605 0.030812
3 0.420956 0.373016 0.014181 0.025210
5 0.493435 0.287582 0.012080 0.026144
3 0.428834 0.336601 0.012080 0.021475
3 0.449842 0.348739 0.012080 0.021475
4 0.469538 0.266573 0.013655 0.032680
5 0.542805 0.226424 0.014181 0.030812
