3 0.326681 0.449113 0.047269 0.037348
3 0.095588 0.440243 0.050420 0.043884
3 0.458771 0.671335 0.038340 0.063492
5 0.645746 0.562092 0.037290 0.070962
5 0.535977 0.334734 0.017332 0.038282
5 0.597952 0.302988 0.015231 0.038282
3 0.506828 0.280579 0.008403 0.015873
0 0.533088 0.182540 0.100840 0.127918
5 0.656775 0.298319 0.056197 0.045752
3 0.490809 0.267507 0.012080 0.021475
3 0.451943 0.274977 0.012080 0.021475
3 0.462447 0.278711 0.012080 0.021475
3 0.444065 0.283847 0.012080 0.020542
5 0.472426 0.259104 0.018382 0.032680
6 0.539653 0.403361 0.016282 0.022409
8 0.470588 0.556489 0.048319 0.108310
3 0.966912 0.349673 0.022059 0.027077
3 0.919905 0.338936 0.020483 0.024276
3 0.597426 0.272176 0.015231 0.032680
3 0.538078 0.266573 0.012080 0.021475
1 0.539653 0.388422 0.012080 0.018674
3 0.461922 0.353408 0.012080 0.021475
3 0.333246 0.292717 0.018382 0.021475
3 0.388130 0.289916 0.017857 0.021475
