5 0.596113 0.478992 0.017857 0.041083
3 0.605567 0.700280 0.074580 0.123249
0 0.486082 0.094304 0.083508 0.156863
3 0.397847 0.967787 0.021534 0.064426
3 0.298582 0.793184 0.034139 0.053221
3 0.587447 0.419234 0.047794 0.042951
5 0.097952 0.915966 0.170693 0.168067
3 0.436712 0.550420 0.016282 0.030812
3 0.714023 0.437908 0.023634 0.028011
3 0.752363 0.288982 0.014181 0.025210
0 0.245536 0.937908 0.018382 0.034547
4 0.540704 0.343137 0.008929 0.015873
3 0.456408 0.271709 0.008403 0.016807
3 0.465074 0.248366 0.006828 0.013072
5 0.438550 0.204482 0.013655 0.028011
3 0.474002 0.260971 0.009979 0.015873
3 0.458246 0.226891 0.008929 0.014939
3 0.493172 0.216620 0.009454 0.014939
3 0.462710 0.210084 0.009454 0.016807
3 0.486082 0.197479 0.007878 0.010271
5 0.510242 0.393091 0.014181 0.039216
3 0.467700 0.203081 0.008929 0.015873
3 0.468487 0.232493 0.009454 0.014939
5 0.545168 0.237162 0.012605 0.029879
