5 0.684349 0.489729 0.036765 0.070028
5 0.565389 0.306723 0.022584 0.042017
0 0.488708 0.170401 0.094013 0.127918
3 0.425683 0.271709 0.012080 0.020542
5 0.438813 0.255369 0.015231 0.032680
4 0.575893 0.362745 0.011029 0.021475
0 0.532038 0.356676 0.016807 0.026144
3 0.442227 0.847806 0.024160 0.085901
5 0.497111 0.662465 0.033088 0.155929
3 0.471901 0.362745 0.009979 0.021475
4 0.566439 0.503735 0.029937 0.071895
3 0.554884 0.262838 0.018382 0.032680
3 0.532300 0.357610 0.011029 0.018674
0 0.533876 0.330065 0.008929 0.021475
3 0.465336 0.315593 0.011555 0.026144
3 0.514181 0.259570 0.009454 0.020542
3 0.485557 0.279178 0.015231 0.020542
