5 0.677258 0.495798 0.037290 0.070962
5 0.568803 0.304388 0.021008 0.042951
0 0.489233 0.180672 0.094013 0.127918
3 0.422532 0.271709 0.012080 0.020542
5 0.436975 0.254435 0.015756 0.027077
5 0.465074 0.885154 0.051996 0.227824
3 0.453782 0.413165 0.012605 0.023343
4 0.549370 0.455649 0.029412 0.070962
3 0.557511 0.263305 0.015231 0.031746
3 0.520483 0.330532 0.011555 0.020542
0 0.527048 0.312325 0.008929 0.021475
3 0.511817 0.351074 0.012080 0.020542
3 0.456408 0.341270 0.011555 0.021475
3 0.465074 0.272642 0.015231 0.020542
