3 0.038340 0.442577 0.047269 0.037348
3 0.377889 0.894024 0.048845 0.084967
5 0.635767 0.556489 0.037290 0.070962
5 0.525998 0.378618 0.017332 0.038282
5 0.595851 0.306256 0.018382 0.039216
3 0.516807 0.260971 0.008403 0.015873
0 0.533088 0.182540 0.100840 0.127918
5 0.728992 0.316993 0.066176 0.049486
3 0.505515 0.258170 0.012080 0.021475
3 0.452994 0.279645 0.012080 0.021475
3 0.490021 0.270308 0.011555 0.019608
3 0.478204 0.273109 0.011029 0.021475
5 0.471901 0.261905 0.018382 0.032680
6 0.541229 0.454248 0.017332 0.025210
3 0.938813 0.485994 0.038340 0.028945
8 0.432248 0.676004 0.056723 0.119514
4 0.540704 0.268441 0.012080 0.027077
3 0.595851 0.275910 0.015231 0.032680
3 0.529412 0.295518 0.011555 0.021475
1 0.540704 0.441176 0.012080 0.023343
3 0.474527 0.324463 0.012080 0.021475
3 0.551733 0.260971 0.009979 0.015873
3 0.095851 0.309524 0.021534 0.021475
3 0.402048 0.289916 0.018382 0.021475
3 0.449317 0.284781 0.015231 0.020542
