5 0.684349 0.486461 0.036765 0.067227
5 0.564863 0.309991 0.022584 0.042951
0 0.485032 0.181606 0.094013 0.127918
3 0.422532 0.273576 0.012080 0.020542
5 0.435137 0.262838 0.015231 0.032680
4 0.559086 0.374416 0.011029 0.018674
0 0.530725 0.353408 0.017332 0.027077
3 0.443015 0.921569 0.025735 0.093371
5 0.502626 0.713352 0.042017 0.184874
3 0.469013 0.375350 0.010504 0.022409
4 0.564338 0.492530 0.029937 0.071895
3 0.554884 0.263772 0.018382 0.032680
3 0.528624 0.349673 0.011029 0.019608
0 0.531250 0.327264 0.008929 0.021475
3 0.460347 0.328665 0.012080 0.026144
3 0.506828 0.260504 0.009454 0.020542
3 0.480305 0.279178 0.015231 0.020542
