5 0.661502 0.375350 0.020483 0.039216
3 0.551733 0.245098 0.021534 0.045752
0 0.477941 0.103175 0.101891 0.172736
3 0.588498 0.406629 0.018382 0.038282
3 0.587973 0.475724 0.026786 0.042017
3 0.427784 0.274510 0.032038 0.024276
3 0.678571 0.193744 0.018908 0.027077
4 0.570641 0.253501 0.011029 0.021475
3 0.426208 0.840803 0.032038 0.084967
3 0.471113 0.420168 0.015756 0.033613
3 0.520221 0.195145 0.008929 0.014939
3 0.373950 0.539683 0.027311 0.048553
3 0.411765 0.432773 0.023109 0.042017
3 0.430410 0.351541 0.012080 0.036415
3 0.462447 0.344538 0.012080 0.029879
4 0.489233 0.281513 0.017332 0.038282
8 0.651523 0.758170 0.062500 0.141923
5 0.554359 0.156396 0.014181 0.030812
