5 0.633666 0.524743 0.037290 0.070962
5 0.525735 0.409897 0.021008 0.052288
5 0.596113 0.298319 0.016807 0.038282
0 0.534139 0.182540 0.098739 0.127918
5 0.793592 0.317460 0.072479 0.050420
3 0.454044 0.274043 0.012080 0.021475
3 0.493435 0.254435 0.009979 0.015873
5 0.473477 0.256303 0.018382 0.032680
6 0.542017 0.477124 0.017857 0.028011
5 0.909664 0.450047 0.136555 0.059757
3 0.719800 0.442577 0.038340 0.029879
8 0.410452 0.770308 0.066702 0.141923
4 0.540704 0.275910 0.016282 0.030812
3 0.596376 0.268441 0.015231 0.032680
3 0.526786 0.311858 0.014706 0.022409
1 0.539128 0.464052 0.012080 0.026144
3 0.094275 0.944444 0.065651 0.099907
3 0.484506 0.294585 0.012080 0.021475
3 0.559086 0.266573 0.013130 0.019608
3 0.191439 0.299253 0.021534 0.021475
3 0.442227 0.278711 0.011555 0.015873
3 0.477679 0.272176 0.015231 0.019608
