5 0.636292 0.520075 0.037290 0.070962
5 0.527574 0.421569 0.022584 0.058824
5 0.597689 0.298786 0.015756 0.039216
0 0.535714 0.182540 0.095588 0.127918
5 0.810399 0.317460 0.072479 0.050420
3 0.455095 0.273109 0.012080 0.021475
5 0.475578 0.256303 0.018382 0.032680
6 0.547006 0.482260 0.018382 0.027077
5 0.851628 0.438842 0.137080 0.059757
3 0.665179 0.435107 0.038340 0.029879
8 0.407300 0.813259 0.067752 0.179272
4 0.541229 0.278711 0.016282 0.028945
3 0.596901 0.266573 0.015231 0.032680
3 0.528887 0.323996 0.014706 0.022409
1 0.544643 0.462185 0.014706 0.022409
3 0.163603 0.841737 0.048845 0.079365
3 0.487132 0.291783 0.012080 0.021475
3 0.563813 0.268908 0.015231 0.020542
3 0.212447 0.294585 0.021534 0.021475
3 0.450630 0.276844 0.011555 0.015873
3 0.484506 0.265640 0.015231 0.019608
