5 0.645221 0.509804 0.037290 0.070962
5 0.582983 0.685341 0.055672 0.102708
5 0.570116 0.302054 0.015231 0.038282
0 0.502889 0.177871 0.102416 0.126050
3 0.426733 0.276844 0.012080 0.021475
5 0.445641 0.259570 0.018382 0.031746
6 0.613183 0.665733 0.024685 0.050420
5 0.346901 0.414566 0.137080 0.059757
3 0.144433 0.422502 0.042017 0.032680
3 0.348739 0.792717 0.033613 0.074697
4 0.517069 0.351541 0.019433 0.038282
3 0.565389 0.274043 0.015231 0.032680
3 0.506828 0.273109 0.009454 0.015873
0 0.540704 0.275910 0.008929 0.021475
3 0.505252 0.292717 0.008403 0.015873
3 0.517857 0.505602 0.015756 0.038282
1 0.606618 0.653595 0.018908 0.029879
3 0.399947 0.467787 0.018382 0.033613
3 0.475053 0.265640 0.008929 0.015873
3 0.700893 0.316993 0.034139 0.027077
3 0.382090 0.288049 0.015231 0.021475
3 0.478204 0.251634 0.011029 0.017740
