5 0.596639 0.485528 0.017857 0.041083
3 0.599527 0.690943 0.074055 0.123249
0 0.486082 0.095238 0.083508 0.158730
3 0.285452 0.816993 0.034139 0.052288
3 0.605305 0.425770 0.047794 0.042951
5 0.083771 0.929505 0.164391 0.139122
3 0.433298 0.579365 0.015756 0.038282
3 0.730830 0.444444 0.023634 0.028011
3 0.736607 0.287115 0.014181 0.025210
0 0.250525 0.958450 0.018908 0.034547
4 0.540966 0.345938 0.009454 0.015873
3 0.455882 0.278245 0.008403 0.016807
3 0.465336 0.253501 0.007353 0.014006
5 0.438550 0.205415 0.013655 0.028011
3 0.474265 0.264706 0.009454 0.015873
3 0.456670 0.232493 0.008929 0.014939
3 0.493697 0.214753 0.009454 0.014939
3 0.461660 0.214753 0.009454 0.016807
3 0.486345 0.195145 0.007353 0.011204
5 0.509191 0.391223 0.014181 0.039216
3 0.467700 0.206816 0.008929 0.015873
3 0.468487 0.237162 0.009454 0.014939
5 0.545168 0.238562 0.012605 0.030812
