5 0.653099 0.496732 0.037290 0.070962
5 0.573792 0.297386 0.017332 0.042017
0 0.503414 0.178805 0.094013 0.127918
3 0.429884 0.269841 0.012080 0.020542
5 0.445378 0.250700 0.017857 0.030812
6 0.770746 0.931839 0.046744 0.078431
5 0.085609 0.406629 0.136555 0.060691
3 0.433561 0.464052 0.015231 0.026144
4 0.534926 0.425303 0.024685 0.066293
3 0.564863 0.263772 0.015231 0.032680
3 0.516282 0.307656 0.011555 0.021475
0 0.531250 0.297386 0.008929 0.021475
3 0.507616 0.326797 0.012080 0.020542
3 0.544380 0.884687 0.026786 0.077498
1 0.761029 0.914099 0.023109 0.037348
3 0.444590 0.361811 0.012080 0.021475
3 0.903624 0.330065 0.034139 0.027077
3 0.450368 0.273576 0.015231 0.020542
