5 0.644695 0.508870 0.037290 0.070962
5 0.586660 0.692810 0.056723 0.104575
5 0.569853 0.300187 0.014706 0.038282
0 0.502363 0.177871 0.102416 0.126050
3 0.426733 0.275910 0.012080 0.021475
5 0.445641 0.259570 0.018382 0.031746
6 0.616334 0.671335 0.025735 0.050420
5 0.336922 0.412698 0.137080 0.059757
3 0.133403 0.420635 0.042017 0.032680
3 0.355830 0.762372 0.032038 0.071895
4 0.517069 0.353408 0.019433 0.038282
3 0.565914 0.274977 0.015231 0.032680
3 0.506828 0.274043 0.009454 0.015873
0 0.540179 0.275910 0.008929 0.021475
3 0.504727 0.293651 0.008403 0.015873
3 0.517857 0.511204 0.015756 0.038282
1 0.609769 0.659197 0.018908 0.029879
3 0.401523 0.463585 0.018382 0.032680
3 0.475578 0.264706 0.008929 0.015873
3 0.708246 0.317927 0.034139 0.027077
3 0.385242 0.287115 0.015231 0.021475
