5 0.611345 0.532213 0.017857 0.039216
3 0.553046 0.623249 0.046218 0.105509
0 0.484506 0.101774 0.086660 0.173669
3 0.777574 0.479925 0.048845 0.042951
3 0.433824 0.711951 0.017857 0.045752
3 0.926996 0.522409 0.024160 0.028945
3 0.839286 0.449113 0.029412 0.024276
3 0.610819 0.277311 0.013655 0.024276
4 0.546218 0.371615 0.010504 0.016807
3 0.452731 0.356676 0.009454 0.018674
3 0.464023 0.308123 0.009979 0.016807
5 0.439076 0.217554 0.013655 0.028011
3 0.476628 0.305322 0.009979 0.014939
3 0.446429 0.294585 0.009454 0.019608
3 0.496324 0.201214 0.009454 0.014006
3 0.451418 0.267974 0.009979 0.016807
5 0.507616 0.375817 0.011029 0.027077
3 0.459296 0.251167 0.008929 0.016807
3 0.465861 0.287582 0.009454 0.016807
4 0.480567 0.207750 0.009454 0.017740
5 0.544905 0.247899 0.013130 0.030812
