5 0.616071 0.566293 0.016807 0.038282
3 0.535714 0.541083 0.027311 0.081232
0 0.483981 0.111578 0.088761 0.193277
3 0.468487 0.454715 0.026261 0.024276
9 0.563288 0.733427 0.011029 0.038282
1 0.562237 0.732960 0.007878 0.028011
3 0.530725 0.261438 0.014181 0.018674
3 0.976628 0.384687 0.020483 0.026144
4 0.544380 0.371148 0.009979 0.019608
3 0.433824 0.464052 0.011555 0.022409
3 0.452994 0.385621 0.009979 0.018674
5 0.433561 0.215219 0.014181 0.028945
3 0.483456 0.337068 0.015231 0.016807
3 0.426733 0.397292 0.009979 0.023343
3 0.431723 0.351541 0.010504 0.023343
5 0.497111 0.329132 0.012080 0.027077
3 0.439338 0.322129 0.009979 0.018674
3 0.455620 0.346872 0.009979 0.017740
4 0.473739 0.259570 0.010504 0.026144
5 0.544380 0.249767 0.013130 0.030812
