5 0.655987 0.525210 0.036765 0.070028
5 0.529937 0.497199 0.033613 0.077498
5 0.592962 0.300654 0.015756 0.039216
0 0.527048 0.182540 0.094013 0.127918
5 0.917542 0.328665 0.072479 0.050420
3 0.450368 0.275910 0.012080 0.021475
5 0.469275 0.258170 0.018382 0.032680
6 0.574580 0.548086 0.017857 0.039216
5 0.636817 0.427638 0.137080 0.059757
3 0.456408 0.424837 0.037815 0.029879
4 0.535977 0.307190 0.015231 0.031746
3 0.588498 0.271242 0.015231 0.032680
3 0.534401 0.259104 0.008929 0.015873
3 0.531775 0.379552 0.015231 0.038282
1 0.568015 0.536415 0.015231 0.021475
3 0.330620 0.618114 0.027836 0.048553
3 0.488708 0.280579 0.008929 0.015873
3 0.592174 0.287115 0.034139 0.027077
3 0.297269 0.295051 0.021008 0.022409
3 0.478992 0.272176 0.011555 0.015873
3 0.493435 0.257703 0.012080 0.014939
