3 0.211660 0.469655 0.047269 0.037348
3 0.431985 0.786648 0.037290 0.075630
5 0.645483 0.586368 0.036765 0.070962
5 0.532300 0.361811 0.017332 0.038282
5 0.598214 0.318861 0.018908 0.040149
3 0.511555 0.284314 0.008403 0.015873
0 0.533088 0.182540 0.100840 0.127918
5 0.681723 0.316993 0.066176 0.047619
3 0.497111 0.277778 0.012080 0.021475
3 0.453519 0.290850 0.012080 0.021475
3 0.473214 0.291783 0.011555 0.021475
3 0.457195 0.292717 0.012080 0.021475
5 0.472426 0.271242 0.018382 0.032680
6 0.542542 0.428571 0.016807 0.022409
8 0.453782 0.631653 0.048319 0.107376
4 0.543067 0.265640 0.012605 0.021475
3 0.596901 0.286181 0.015231 0.032680
3 0.536502 0.285247 0.012080 0.021475
1 0.542805 0.414566 0.012080 0.020542
3 0.465599 0.355275 0.012080 0.021475
3 0.550158 0.260971 0.009979 0.015873
3 0.008141 0.335668 0.016282 0.021475
3 0.356880 0.304855 0.018382 0.021475
3 0.412290 0.298319 0.017857 0.021475
