3 0.776786 0.434174 0.052521 0.037348
3 0.545431 0.414566 0.050945 0.041083
3 0.380515 0.398693 0.044643 0.041083
3 0.525473 0.447712 0.023634 0.042017
5 0.653624 0.523810 0.035189 0.070962
5 0.537027 0.279178 0.013130 0.022409
5 0.600315 0.285714 0.015756 0.039216
3 0.485032 0.303922 0.011029 0.021475
0 0.542542 0.199813 0.078782 0.132586
5 0.598739 0.265640 0.030462 0.038282
3 0.459821 0.265173 0.012080 0.013072
3 0.452468 0.259104 0.011029 0.015873
3 0.403624 0.276844 0.018382 0.023343
3 0.368960 0.274043 0.021534 0.023343
5 0.474002 0.240896 0.017332 0.028011
5 0.536502 0.339402 0.009979 0.021475
8 0.501050 0.417367 0.031513 0.067227
3 0.804884 0.309991 0.021534 0.028011
3 0.762868 0.304388 0.021534 0.024276
3 0.600053 0.254435 0.015231 0.032680
1 0.534664 0.342670 0.011555 0.016807
3 0.521534 0.256769 0.009454 0.016807
3 0.221901 0.275910 0.018382 0.021475
3 0.295431 0.275910 0.024685 0.027077
