5 0.646271 0.522876 0.037290 0.070962
5 0.528624 0.570962 0.037290 0.079365
5 0.566964 0.302988 0.015231 0.038282
0 0.500263 0.178338 0.110819 0.126984
5 0.952731 0.338936 0.072479 0.050420
3 0.420956 0.279645 0.012080 0.021475
5 0.439338 0.260504 0.018382 0.031746
6 0.581670 0.589169 0.021534 0.044818
5 0.509191 0.427638 0.137080 0.059757
3 0.318540 0.431373 0.042542 0.033613
4 0.509979 0.323996 0.016807 0.033613
3 0.562237 0.272176 0.015231 0.032680
3 0.502889 0.256303 0.008929 0.015873
0 0.545956 0.263772 0.008929 0.021475
3 0.503676 0.274043 0.008403 0.015873
3 0.513393 0.421569 0.015231 0.038282
1 0.576681 0.577965 0.015756 0.024276
3 0.358456 0.550420 0.023634 0.038282
3 0.463498 0.278711 0.008929 0.015873
3 0.597952 0.298319 0.034139 0.027077
3 0.314863 0.296452 0.016282 0.021475
3 0.462710 0.266573 0.011555 0.015873
3 0.471639 0.255836 0.011555 0.014939
