3 0.370798 0.910831 0.049370 0.088702
5 0.634191 0.549953 0.037290 0.070962
5 0.524947 0.380019 0.017332 0.039216
5 0.595588 0.304388 0.017857 0.039216
0 0.533088 0.182540 0.100840 0.127918
5 0.735294 0.316993 0.066176 0.049486
3 0.452994 0.278711 0.012080 0.021475
3 0.491597 0.268441 0.011555 0.019608
3 0.479779 0.272176 0.011029 0.021475
5 0.471901 0.260037 0.018382 0.032680
6 0.541754 0.458450 0.017332 0.026144
3 0.912290 0.482260 0.036765 0.028945
8 0.428309 0.680205 0.056197 0.120448
4 0.540704 0.269374 0.012080 0.027077
3 0.595326 0.274977 0.015231 0.032680
3 0.528887 0.297386 0.011555 0.021475
1 0.540704 0.446312 0.012080 0.024276
3 0.475053 0.321662 0.012080 0.021475
3 0.551733 0.260971 0.009979 0.015873
3 0.106355 0.306723 0.021534 0.021475
3 0.406775 0.288049 0.018382 0.021475
3 0.452994 0.282913 0.015231 0.020542
