5 0.638655 0.422035 0.019958 0.041083
3 0.540179 0.321662 0.019433 0.068161
0 0.481880 0.101307 0.092962 0.172736
3 0.589023 0.530345 0.023634 0.042951
3 0.611870 0.630719 0.036765 0.056956
3 0.592962 0.329132 0.031513 0.023343
3 0.746061 0.233894 0.018382 0.027077
4 0.559086 0.290850 0.009979 0.019608
3 0.412290 0.658730 0.021008 0.055089
3 0.455620 0.404762 0.014181 0.032680
5 0.432248 0.162932 0.012605 0.030812
3 0.516544 0.238562 0.009979 0.017740
3 0.393645 0.484127 0.020483 0.040149
3 0.412553 0.402894 0.015231 0.034547
5 0.501313 0.201214 0.012080 0.025210
3 0.423582 0.344538 0.012080 0.028011
3 0.451943 0.341270 0.012080 0.025210
4 0.478992 0.269374 0.014706 0.036415
5 0.550683 0.176937 0.014181 0.030812
