5 0.638655 0.524743 0.036765 0.070962
5 0.516282 0.510271 0.033613 0.077498
5 0.574317 0.300187 0.015231 0.038282
0 0.506565 0.179739 0.100315 0.126050
5 0.903361 0.326797 0.072479 0.050420
3 0.430935 0.275910 0.012080 0.021475
5 0.448267 0.258170 0.018382 0.032680
6 0.562500 0.553688 0.017857 0.042951
5 0.610557 0.425770 0.137080 0.059757
3 0.417805 0.425770 0.036239 0.031746
4 0.516544 0.306723 0.015231 0.030812
3 0.569590 0.269374 0.015231 0.032680
3 0.513393 0.260971 0.008929 0.015873
3 0.509716 0.386088 0.015231 0.038282
1 0.555410 0.542017 0.015231 0.021475
3 0.321166 0.608777 0.025735 0.044818
3 0.468225 0.280579 0.008929 0.015873
3 0.579569 0.291783 0.034139 0.027077
3 0.284139 0.295051 0.021008 0.022409
3 0.459559 0.270308 0.011555 0.015873
3 0.475315 0.257703 0.011555 0.014939
