5 0.615021 0.550887 0.017857 0.039216
3 0.549107 0.618114 0.040441 0.102708
0 0.483981 0.102708 0.087710 0.175537
3 0.816964 0.502334 0.053046 0.042951
3 0.425945 0.815593 0.017857 0.047619
3 0.976366 0.553221 0.024160 0.028945
3 0.781513 0.457516 0.029412 0.024276
9 0.589286 0.953782 0.015756 0.036415
1 0.588761 0.952381 0.007353 0.028011
3 0.587710 0.283847 0.013655 0.024276
4 0.546218 0.380019 0.010504 0.016807
3 0.450630 0.379085 0.009454 0.018674
3 0.462447 0.324930 0.009979 0.016807
5 0.438288 0.222222 0.013130 0.028011
3 0.476628 0.316527 0.009979 0.013072
3 0.443803 0.314659 0.009454 0.020542
3 0.495011 0.204015 0.009979 0.014006
3 0.449317 0.284781 0.009979 0.016807
5 0.505252 0.368347 0.011555 0.027077
3 0.456408 0.266106 0.009454 0.016807
3 0.464286 0.301587 0.009454 0.016807
4 0.480042 0.219421 0.010504 0.020542
5 0.544905 0.249767 0.013130 0.030812
