5 0.633141 0.524743 0.037290 0.070962
5 0.512080 0.514006 0.033613 0.077498
5 0.568015 0.300187 0.015231 0.038282
0 0.501576 0.178805 0.107143 0.124183
5 0.898634 0.326797 0.072479 0.050420
3 0.424107 0.274977 0.012080 0.021475
5 0.440914 0.257703 0.018382 0.031746
6 0.558824 0.555556 0.017857 0.042951
5 0.601628 0.424837 0.137080 0.059757
3 0.405200 0.426237 0.035189 0.032680
4 0.510767 0.307656 0.015231 0.030812
3 0.563813 0.269374 0.015231 0.032680
3 0.506828 0.260971 0.009454 0.015873
3 0.509716 0.387955 0.015231 0.038282
1 0.551733 0.544818 0.015231 0.021475
3 0.318277 0.605976 0.025210 0.042951
3 0.461922 0.279645 0.008929 0.015873
3 0.577994 0.291783 0.034139 0.027077
3 0.281513 0.296919 0.021008 0.022409
3 0.453256 0.269374 0.011555 0.015873
3 0.471113 0.256769 0.011555 0.014939
