5 0.615809 0.468254 0.019433 0.040149
3 0.532300 0.384220 0.026786 0.083100
0 0.483981 0.105509 0.088761 0.181139
3 0.055147 0.367880 0.026261 0.024276
3 0.577994 0.648459 0.024685 0.047619
3 0.635504 0.782446 0.045168 0.065359
3 0.715599 0.373483 0.026786 0.024276
9 0.539653 0.471989 0.011029 0.032680
1 0.538866 0.472923 0.008403 0.028945
3 0.804884 0.269841 0.021534 0.028011
4 0.542805 0.317927 0.008929 0.021475
3 0.409139 0.592904 0.018908 0.042951
3 0.452206 0.401494 0.013655 0.028011
5 0.428571 0.180672 0.014706 0.030812
3 0.507616 0.270308 0.009979 0.017740
3 0.391019 0.449580 0.017332 0.034547
3 0.413866 0.388422 0.014706 0.029879
5 0.492384 0.232960 0.012080 0.025210
3 0.418855 0.340336 0.012080 0.021475
3 0.444065 0.339402 0.012080 0.021475
4 0.465599 0.265640 0.013130 0.032680
5 0.542805 0.198413 0.014181 0.030812
