5 0.647321 0.523343 0.037290 0.070028
5 0.533876 0.578898 0.040441 0.080299
5 0.568015 0.302988 0.015231 0.038282
0 0.500525 0.178338 0.110294 0.126984
5 0.960609 0.341737 0.072479 0.050420
3 0.421481 0.279645 0.012080 0.021475
5 0.440389 0.260504 0.018382 0.031746
6 0.584821 0.594304 0.021534 0.045752
5 0.498687 0.426704 0.137080 0.059757
3 0.308561 0.431373 0.042542 0.033613
4 0.511817 0.325864 0.017332 0.035481
3 0.563288 0.272176 0.015231 0.032680
3 0.503939 0.259104 0.008929 0.015873
0 0.546481 0.265640 0.008929 0.021475
3 0.504727 0.275910 0.008403 0.015873
3 0.513918 0.426237 0.015231 0.038282
1 0.580095 0.583100 0.016282 0.025210
3 0.363445 0.543417 0.023109 0.037348
3 0.464548 0.278711 0.008929 0.015873
3 0.603729 0.299253 0.034139 0.027077
3 0.319853 0.296452 0.015756 0.021475
3 0.464286 0.265640 0.011555 0.015873
3 0.472164 0.254902 0.011555 0.014939
