5 0.667542 0.372549 0.019958 0.042951
3 0.554359 0.226424 0.021534 0.045752
0 0.482931 0.112512 0.110819 0.172736
3 0.558824 0.320261 0.014706 0.028011
3 0.555147 0.373016 0.021008 0.028945
3 0.136817 0.272642 0.032038 0.024276
3 0.594013 0.172736 0.018908 0.028011
4 0.573267 0.271242 0.011029 0.021475
3 0.471113 0.568627 0.018908 0.050420
3 0.234244 0.785247 0.060924 0.085901
3 0.350053 0.593371 0.037290 0.060691
3 0.401523 0.473389 0.023634 0.046685
3 0.469013 0.407096 0.014706 0.039216
4 0.495536 0.347806 0.020483 0.049486
8 0.609244 0.560691 0.045168 0.099907
5 0.558036 0.151727 0.014181 0.030812
