5 0.627626 0.439776 0.019958 0.041083
3 0.533613 0.334267 0.026261 0.069094
0 0.483456 0.101307 0.089811 0.172736
3 0.581145 0.564893 0.023634 0.042951
3 0.611345 0.669468 0.036765 0.057890
3 0.627101 0.340336 0.031513 0.023343
3 0.762868 0.246032 0.018382 0.027077
4 0.551733 0.297852 0.008929 0.020542
3 0.407563 0.634454 0.019958 0.051354
3 0.454307 0.403361 0.013655 0.031746
5 0.431723 0.165733 0.014706 0.030812
3 0.511817 0.246965 0.009979 0.017740
3 0.392069 0.468721 0.019433 0.037348
3 0.412553 0.398226 0.015231 0.032680
5 0.496586 0.210551 0.012080 0.025210
3 0.422006 0.343604 0.012080 0.026144
3 0.449317 0.340803 0.012080 0.024276
4 0.474527 0.267974 0.014181 0.035481
5 0.545956 0.182540 0.014181 0.030812
