5 0.613445 0.560691 0.016807 0.038282
3 0.540704 0.591503 0.036239 0.099907
0 0.483981 0.106909 0.088761 0.183940
3 0.892595 0.528478 0.055147 0.052288
3 0.649160 0.457516 0.029412 0.024276
9 0.578519 0.856676 0.011029 0.038282
1 0.577994 0.859010 0.007878 0.028011
3 0.558036 0.274043 0.014181 0.015873
4 0.545431 0.379552 0.009979 0.017740
3 0.444065 0.425303 0.011029 0.030812
3 0.458771 0.352941 0.009979 0.016807
5 0.436450 0.221289 0.013655 0.028011
3 0.478204 0.330065 0.012080 0.014006
3 0.436975 0.352007 0.009454 0.020542
3 0.492910 0.200280 0.009979 0.014006
3 0.441964 0.315126 0.009979 0.019608
5 0.501313 0.352474 0.012080 0.027077
3 0.449317 0.291783 0.009979 0.017740
3 0.460609 0.323996 0.009454 0.016807
4 0.477679 0.239029 0.009979 0.022409
5 0.544905 0.252568 0.013130 0.030812
