5 0.658876 0.393091 0.020483 0.039216
3 0.551208 0.266573 0.021534 0.043884
0 0.476628 0.101307 0.099265 0.172736
3 0.595326 0.446779 0.018382 0.038282
3 0.600840 0.520075 0.030462 0.042951
3 0.495011 0.295051 0.032038 0.024276
3 0.703519 0.200280 0.018382 0.027077
4 0.567752 0.261438 0.010504 0.020542
3 0.433036 0.758170 0.027836 0.072829
3 0.467700 0.416900 0.015231 0.032680
3 0.519170 0.208683 0.009979 0.017740
3 0.389181 0.520075 0.024160 0.046685
3 0.413078 0.425303 0.019433 0.040149
3 0.427784 0.348739 0.012080 0.032680
3 0.458771 0.343604 0.012080 0.028011
4 0.488183 0.267507 0.016282 0.036415
8 0.662553 0.861345 0.068803 0.167134
5 0.553309 0.160131 0.014181 0.030812
