3 0.356618 0.950514 0.049370 0.091503
5 0.633141 0.542484 0.037290 0.070962
5 0.522847 0.383754 0.017332 0.039216
5 0.595588 0.302521 0.017857 0.039216
0 0.533088 0.182540 0.100840 0.127918
5 0.748162 0.316993 0.066702 0.049486
3 0.452994 0.276844 0.012080 0.021475
3 0.494748 0.264706 0.011555 0.019608
3 0.482931 0.268441 0.011029 0.019608
5 0.471376 0.257236 0.018382 0.032680
6 0.541754 0.466387 0.018382 0.027077
3 0.861082 0.472456 0.037290 0.029879
8 0.425158 0.698880 0.056197 0.120448
4 0.540704 0.270775 0.012080 0.026144
3 0.595326 0.273109 0.015231 0.032680
3 0.528887 0.301587 0.013655 0.022409
1 0.540966 0.452381 0.012605 0.025210
3 0.476628 0.316060 0.012080 0.021475
3 0.552521 0.261438 0.010504 0.016807
3 0.128939 0.304855 0.021534 0.021475
3 0.413603 0.287115 0.018382 0.021475
3 0.459821 0.280112 0.015231 0.020542
