5 0.613445 0.542484 0.017857 0.039216
3 0.550945 0.620448 0.043067 0.103641
0 0.484244 0.102241 0.087185 0.174603
3 0.799632 0.490663 0.051996 0.042017
3 0.429622 0.762372 0.017857 0.047619
3 0.952731 0.538282 0.024160 0.028945
3 0.808298 0.451914 0.029412 0.024276
9 0.590599 0.968721 0.015231 0.036415
1 0.589811 0.967320 0.007353 0.028011
3 0.600315 0.277311 0.013655 0.024276
4 0.546218 0.376284 0.010504 0.016807
3 0.451681 0.368814 0.009454 0.018674
3 0.462973 0.317460 0.009979 0.016807
5 0.438550 0.220355 0.013655 0.028011
3 0.476628 0.311391 0.009979 0.014006
3 0.444853 0.305789 0.009454 0.019608
3 0.495536 0.203081 0.009979 0.014006
3 0.450368 0.277311 0.009979 0.016807
5 0.506565 0.373016 0.011029 0.027077
3 0.457721 0.259570 0.008929 0.016807
3 0.464811 0.295051 0.009454 0.016807
4 0.480305 0.214286 0.009979 0.019608
5 0.544905 0.248833 0.013130 0.030812
