5 0.656775 0.397292 0.020483 0.040149
3 0.551208 0.266573 0.021534 0.043884
0 0.476891 0.101307 0.098739 0.172736
3 0.595851 0.457516 0.019433 0.039216
3 0.603204 0.533147 0.030987 0.042951
3 0.506565 0.298786 0.032038 0.024276
3 0.708771 0.204015 0.018382 0.027077
4 0.566964 0.265173 0.009979 0.020542
3 0.435137 0.741830 0.026786 0.070028
3 0.466649 0.415966 0.015231 0.032680
3 0.518645 0.212418 0.009979 0.017740
3 0.392332 0.516340 0.023109 0.046685
3 0.413078 0.423903 0.018382 0.039216
3 0.427258 0.347806 0.012080 0.032680
3 0.457721 0.343604 0.012080 0.028011
4 0.485557 0.268441 0.016282 0.036415
8 0.664391 0.881419 0.068277 0.166200
5 0.552784 0.161064 0.014181 0.030812
