5 0.611870 0.534080 0.017857 0.039216
3 0.552258 0.623249 0.045693 0.105509
0 0.484506 0.101774 0.086660 0.173669
3 0.782038 0.481793 0.049370 0.042951
3 0.432773 0.722222 0.017857 0.045752
3 0.931723 0.525210 0.024160 0.028945
3 0.833508 0.449113 0.029412 0.024276
3 0.608193 0.277311 0.013655 0.024276
4 0.546218 0.372549 0.010504 0.016807
3 0.452206 0.359010 0.009454 0.019608
3 0.464023 0.309991 0.009979 0.016807
5 0.439076 0.217554 0.013655 0.028011
3 0.476628 0.306723 0.009979 0.014006
3 0.446429 0.296919 0.009454 0.020542
3 0.496061 0.202148 0.009979 0.014006
3 0.451418 0.269841 0.009979 0.016807
5 0.507616 0.375817 0.011029 0.027077
3 0.459034 0.253035 0.009454 0.016807
3 0.465861 0.288515 0.009454 0.016807
4 0.480567 0.209150 0.009454 0.018674
5 0.544905 0.247899 0.013130 0.030812
