3 0.229517 0.468721 0.047269 0.037348
3 0.437237 0.770775 0.037290 0.075630
5 0.645483 0.583567 0.036765 0.070962
5 0.532300 0.357143 0.017332 0.038282
5 0.598214 0.315593 0.018908 0.039216
3 0.511029 0.283380 0.008403 0.015873
0 0.533088 0.182540 0.100840 0.127918
5 0.678571 0.313725 0.066176 0.046685
3 0.496061 0.275910 0.012080 0.021475
3 0.452994 0.288049 0.012080 0.021475
3 0.471376 0.288982 0.012080 0.021475
3 0.455620 0.291783 0.012080 0.021475
5 0.472426 0.269374 0.018382 0.032680
6 0.542017 0.424837 0.016807 0.022409
8 0.456408 0.622316 0.048319 0.107376
4 0.543330 0.264706 0.013130 0.021475
3 0.596901 0.285247 0.015231 0.032680
3 0.537027 0.284314 0.012080 0.021475
1 0.542279 0.410364 0.012080 0.019608
3 0.465074 0.359010 0.012080 0.021475
3 0.550158 0.259104 0.009979 0.015873
3 0.004464 0.333800 0.008929 0.021475
3 0.354254 0.303922 0.018382 0.021475
3 0.409664 0.297386 0.017857 0.021475
