5 0.601103 0.450980 0.018382 0.041083
3 0.660977 0.746499 0.097164 0.140990
0 0.488445 0.087768 0.084034 0.156863
3 0.432248 0.676471 0.016807 0.047619
3 0.346376 0.699813 0.024685 0.043884
3 0.507616 0.390289 0.046744 0.042951
5 0.203782 0.824930 0.144958 0.169001
3 0.642857 0.401027 0.022059 0.027077
3 0.830095 0.283380 0.014181 0.025210
0 0.216649 0.874416 0.024685 0.042017
4 0.544643 0.326331 0.010504 0.017740
3 0.460609 0.238095 0.008403 0.016807
3 0.470063 0.218021 0.007353 0.012138
5 0.441702 0.190943 0.013655 0.028945
3 0.476366 0.232960 0.009454 0.014006
3 0.464023 0.196545 0.007878 0.014006
3 0.496586 0.211018 0.008929 0.014939
3 0.467174 0.183940 0.007878 0.016807
3 0.488183 0.198880 0.007878 0.016807
5 0.513393 0.403361 0.014181 0.039216
3 0.472952 0.176471 0.007878 0.014939
3 0.471113 0.204482 0.008403 0.016807
5 0.545168 0.232026 0.012605 0.030812
