5 0.677784 0.495798 0.037290 0.070962
5 0.568540 0.305322 0.021534 0.042951
0 0.489233 0.180672 0.094013 0.127918
3 0.422532 0.271709 0.012080 0.020542
5 0.436450 0.254435 0.015756 0.027077
5 0.469800 0.879552 0.051996 0.239029
3 0.454832 0.410831 0.012605 0.024276
4 0.549895 0.457049 0.029412 0.071895
3 0.557511 0.263305 0.015231 0.031746
3 0.520483 0.331466 0.011555 0.020542
0 0.527048 0.313259 0.008929 0.021475
3 0.511817 0.352007 0.012080 0.020542
3 0.456933 0.340336 0.011555 0.021475
3 0.465599 0.273576 0.015231 0.020542
