5 0.616597 0.555089 0.016807 0.038282
3 0.535189 0.515873 0.027311 0.081232
0 0.483981 0.111578 0.088761 0.193277
3 0.391282 0.444444 0.026261 0.024276
9 0.557511 0.680205 0.011029 0.038282
1 0.556460 0.678805 0.007878 0.028011
3 0.521796 0.252568 0.014181 0.017740
3 0.945641 0.365079 0.021534 0.028011
4 0.543855 0.367880 0.009979 0.020542
3 0.426733 0.492063 0.013130 0.026144
3 0.449580 0.393557 0.011555 0.021475
5 0.432248 0.212418 0.014706 0.028945
3 0.489496 0.329599 0.015756 0.016807
3 0.420956 0.413165 0.011029 0.028945
3 0.427258 0.361345 0.012080 0.024276
5 0.495536 0.311391 0.012080 0.027077
3 0.434611 0.328665 0.011029 0.020542
3 0.452994 0.347806 0.011029 0.019608
4 0.471901 0.263305 0.012080 0.029879
5 0.543592 0.239496 0.013655 0.030812
