5 0.615284 0.477124 0.018382 0.039216
3 0.532300 0.394491 0.026786 0.083100
0 0.483981 0.106909 0.088761 0.183940
3 0.090336 0.375350 0.026261 0.024276
3 0.580095 0.676004 0.025735 0.052288
3 0.647059 0.819795 0.045168 0.065359
3 0.743960 0.385621 0.026786 0.024276
9 0.540704 0.491597 0.011029 0.032680
1 0.539916 0.491597 0.008403 0.028945
3 0.818540 0.278245 0.021534 0.028011
4 0.542279 0.323529 0.008929 0.021475
3 0.409401 0.580766 0.018382 0.041083
3 0.451418 0.401027 0.013130 0.027077
5 0.428571 0.185341 0.014706 0.030812
3 0.507090 0.276844 0.011029 0.017740
3 0.395483 0.443511 0.016807 0.033613
3 0.413866 0.386088 0.014706 0.028945
5 0.492384 0.241363 0.012080 0.025210
3 0.418855 0.340336 0.012080 0.021475
3 0.444590 0.339402 0.012080 0.021475
4 0.466124 0.265640 0.013130 0.032680
5 0.542805 0.203081 0.014181 0.030812
