5 0.609244 0.521008 0.017857 0.039216
3 0.557773 0.628852 0.053571 0.109244
0 0.484769 0.100840 0.085084 0.171802
3 0.752889 0.474323 0.047794 0.042951
3 0.410189 0.953315 0.021008 0.063492
3 0.436712 0.661998 0.016282 0.037348
3 0.896534 0.505602 0.024160 0.028945
3 0.875000 0.448179 0.029412 0.024276
3 0.624475 0.280112 0.013655 0.024276
4 0.545956 0.366013 0.011029 0.016807
3 0.453782 0.342670 0.009454 0.018674
3 0.465074 0.297852 0.009979 0.016807
5 0.439601 0.214753 0.013655 0.028011
3 0.476628 0.298786 0.009979 0.014939
3 0.448004 0.282913 0.009454 0.018674
3 0.496324 0.201214 0.009454 0.014006
3 0.453256 0.258637 0.009454 0.016807
5 0.507616 0.375817 0.011029 0.027077
3 0.460872 0.242297 0.008929 0.015873
3 0.466912 0.278245 0.009454 0.016807
4 0.481092 0.199813 0.008403 0.016807
5 0.544905 0.246965 0.013130 0.030812
