3 0.524422 0.417367 0.046744 0.037348
3 0.291229 0.403361 0.050945 0.044818
3 0.111607 0.390756 0.044643 0.040149
3 0.496586 0.535948 0.032038 0.044818
5 0.646796 0.525677 0.037290 0.070962
5 0.536765 0.293651 0.014706 0.027077
5 0.597426 0.284314 0.018382 0.040149
3 0.498687 0.279645 0.012080 0.023343
0 0.533088 0.182540 0.100840 0.127918
5 0.623687 0.273576 0.049895 0.044818
3 0.479779 0.258170 0.012080 0.021475
3 0.451418 0.260971 0.012080 0.021475
3 0.437763 0.264239 0.017332 0.020542
3 0.415966 0.268908 0.015756 0.022409
5 0.472952 0.247899 0.018382 0.032680
6 0.535977 0.360411 0.015231 0.022409
8 0.481618 0.473856 0.035714 0.079365
3 0.889706 0.319328 0.022059 0.028011
3 0.841124 0.309991 0.021534 0.024276
3 0.598477 0.257236 0.015231 0.032680
1 0.535189 0.350140 0.011555 0.016807
3 0.280725 0.274977 0.018382 0.021475
3 0.345326 0.274043 0.024685 0.027077
