5 0.610819 0.530345 0.017857 0.039216
3 0.553309 0.624183 0.046744 0.105509
0 0.484769 0.101307 0.086134 0.172736
3 0.773372 0.478058 0.047794 0.042951
3 0.434874 0.702614 0.017857 0.045752
3 0.922794 0.519608 0.024160 0.028945
3 0.845063 0.449113 0.029412 0.024276
3 0.612920 0.278245 0.013655 0.024276
4 0.546218 0.370682 0.010504 0.016807
3 0.452731 0.353875 0.009454 0.018674
3 0.464023 0.306256 0.009979 0.016807
5 0.439076 0.216620 0.013655 0.028011
3 0.476628 0.303922 0.009979 0.014006
3 0.446954 0.292717 0.009454 0.019608
3 0.496324 0.201214 0.009454 0.014006
3 0.451943 0.266106 0.009979 0.016807
5 0.507616 0.375817 0.011029 0.027077
3 0.459821 0.249767 0.008929 0.015873
3 0.465861 0.285714 0.009454 0.016807
4 0.480830 0.206349 0.008929 0.018674
5 0.544905 0.247899 0.013130 0.030812
