5 0.614233 0.555089 0.017332 0.038282
3 0.545693 0.610177 0.036765 0.101774
0 0.483981 0.104108 0.088761 0.178338
3 0.850315 0.519141 0.053571 0.046685
3 0.416754 0.922969 0.020483 0.056956
3 0.723739 0.463119 0.029412 0.024276
9 0.584821 0.911298 0.013130 0.037348
1 0.584296 0.912232 0.007878 0.028011
3 0.574842 0.281513 0.014181 0.023343
4 0.545693 0.382820 0.010504 0.016807
3 0.448267 0.399627 0.009979 0.020542
3 0.460872 0.338002 0.009979 0.016807
5 0.437500 0.223156 0.013655 0.028011
3 0.476891 0.323996 0.010504 0.013072
3 0.441176 0.331466 0.009454 0.020542
3 0.494485 0.203081 0.009979 0.014006
3 0.446166 0.298319 0.009979 0.017740
5 0.502889 0.359944 0.012080 0.027077
3 0.453256 0.277778 0.009454 0.017740
3 0.462710 0.312792 0.009454 0.016807
4 0.478992 0.228758 0.010504 0.020542
5 0.544905 0.250700 0.013130 0.030812
