3 0.685924 0.422035 0.052521 0.037348
3 0.455357 0.408497 0.051471 0.040149
3 0.280200 0.392624 0.044643 0.043884
3 0.516544 0.483193 0.023634 0.042017
5 0.650735 0.524743 0.036765 0.070962
5 0.537027 0.282446 0.013130 0.025210
5 0.600840 0.286181 0.016807 0.038282
3 0.490284 0.292250 0.011029 0.022409
0 0.536239 0.188142 0.093487 0.129785
5 0.605567 0.266573 0.043067 0.038282
3 0.466912 0.262372 0.012605 0.016807
3 0.451943 0.259104 0.012080 0.019608
3 0.414653 0.268441 0.018382 0.023343
3 0.384191 0.271709 0.021534 0.024276
5 0.473214 0.244164 0.017857 0.030812
5 0.536502 0.344071 0.009979 0.021475
8 0.493697 0.431373 0.031513 0.067227
3 0.834296 0.311858 0.021534 0.028011
3 0.789128 0.304388 0.021534 0.024276
3 0.600053 0.254435 0.015231 0.032680
1 0.534664 0.342670 0.011555 0.016807
3 0.246586 0.274043 0.018382 0.021475
3 0.315389 0.274977 0.024685 0.027077
