5 0.652048 0.496732 0.037290 0.070962
5 0.573004 0.297852 0.016807 0.041083
0 0.503414 0.179739 0.094013 0.127918
3 0.428834 0.269841 0.012080 0.020542
5 0.444853 0.250700 0.017857 0.030812
6 0.766019 0.925303 0.046744 0.078431
5 0.089286 0.407096 0.136555 0.059757
3 0.432511 0.465920 0.015231 0.026144
4 0.534401 0.423436 0.024685 0.066293
3 0.563813 0.263772 0.015231 0.032680
3 0.515494 0.307656 0.012080 0.021475
0 0.530200 0.297386 0.008929 0.021475
3 0.506565 0.325864 0.012080 0.020542
3 0.541492 0.871615 0.026261 0.075630
1 0.756828 0.907563 0.023109 0.037348
3 0.443015 0.363679 0.012080 0.021475
3 0.897847 0.330065 0.034139 0.027077
3 0.448792 0.273576 0.015231 0.020542
