5 0.642069 0.503268 0.037290 0.070962
5 0.617122 0.755836 0.067227 0.120448
5 0.568803 0.295518 0.014706 0.038282
0 0.500525 0.177871 0.102941 0.126050
3 0.425683 0.274977 0.012080 0.021475
5 0.442227 0.260037 0.017857 0.032680
6 0.641282 0.712418 0.031513 0.052288
5 0.263918 0.404295 0.137080 0.059757
3 0.050420 0.419701 0.042017 0.032680
3 0.391807 0.617180 0.025210 0.050420
4 0.516544 0.371148 0.018382 0.049486
3 0.562763 0.264706 0.015231 0.032680
3 0.506040 0.281979 0.011029 0.016807
0 0.534401 0.278711 0.008929 0.021475
3 0.503676 0.299253 0.008403 0.015873
3 0.516019 0.566760 0.017332 0.042951
1 0.635504 0.704015 0.021008 0.035481
3 0.412815 0.433707 0.016807 0.028945
3 0.478729 0.258637 0.008929 0.016807
3 0.762868 0.321662 0.034139 0.027077
3 0.403099 0.281513 0.015231 0.021475
