5 0.615021 0.515873 0.016807 0.038282
3 0.532300 0.443978 0.026786 0.083100
0 0.483981 0.111578 0.088761 0.193277
3 0.232143 0.407096 0.026261 0.024276
3 0.600315 0.812325 0.027311 0.059757
3 0.860819 0.430439 0.027311 0.024276
9 0.547269 0.575163 0.010504 0.033613
1 0.547532 0.574697 0.007878 0.028945
3 0.507353 0.219888 0.012605 0.021475
3 0.877889 0.315126 0.020483 0.027077
4 0.542805 0.350607 0.008929 0.021475
3 0.413603 0.533613 0.017332 0.032680
3 0.448792 0.398226 0.012080 0.023343
5 0.430147 0.202148 0.014706 0.028945
3 0.502101 0.307656 0.016807 0.017740
3 0.408613 0.428105 0.013655 0.030812
3 0.417279 0.375817 0.014181 0.025210
5 0.492384 0.275910 0.012080 0.025210
3 0.425683 0.336601 0.012080 0.021475
3 0.448792 0.346872 0.012080 0.021475
4 0.468487 0.266573 0.013655 0.032680
5 0.542279 0.220822 0.014181 0.030812
