5 0.614496 0.563492 0.016807 0.038282
3 0.537553 0.565826 0.032038 0.082166
0 0.483981 0.110644 0.088761 0.191410
3 0.961922 0.559290 0.055147 0.052288
3 0.544118 0.460317 0.026261 0.024276
9 0.569590 0.785714 0.011029 0.038282
1 0.568540 0.785247 0.007878 0.028011
3 0.541229 0.267507 0.014181 0.021475
4 0.544905 0.374416 0.009979 0.018674
3 0.440914 0.436041 0.009979 0.018674
3 0.455620 0.373483 0.009979 0.016807
5 0.434611 0.217554 0.014181 0.028011
3 0.480042 0.338469 0.014706 0.015873
3 0.431723 0.380019 0.009454 0.020542
3 0.436187 0.338469 0.009979 0.021475
5 0.498687 0.342204 0.012080 0.027077
3 0.443540 0.311391 0.009979 0.017740
3 0.457458 0.339869 0.009454 0.016807
4 0.475578 0.253035 0.009979 0.024276
5 0.544905 0.254435 0.013130 0.030812
