5 0.664653 0.526144 0.037290 0.070028
5 0.535452 0.467320 0.027836 0.077498
5 0.606880 0.300187 0.015231 0.038282
0 0.543855 0.182540 0.094013 0.127918
5 0.912290 0.329599 0.072479 0.050420
3 0.465599 0.274043 0.012080 0.021475
5 0.482405 0.256303 0.018382 0.032680
6 0.577731 0.534547 0.017857 0.032680
5 0.684086 0.426704 0.137080 0.059757
3 0.506040 0.425770 0.038340 0.029879
4 0.550158 0.298319 0.015231 0.032680
3 0.604779 0.269374 0.015231 0.032680
3 0.549632 0.256303 0.008929 0.015873
3 0.540966 0.365546 0.014706 0.030812
1 0.572742 0.524276 0.015231 0.021475
3 0.319328 0.649393 0.033613 0.055089
3 0.501313 0.283380 0.008929 0.015873
3 0.594275 0.283847 0.015231 0.020542
3 0.292279 0.294118 0.021534 0.022409
3 0.485294 0.273109 0.011555 0.015873
3 0.505515 0.259570 0.012080 0.014939
