5 0.598739 0.488329 0.017857 0.041083
3 0.592174 0.679739 0.074055 0.123249
0 0.486082 0.096639 0.083508 0.161531
3 0.271271 0.839402 0.034139 0.052288
3 0.627363 0.431373 0.047794 0.042951
5 0.069328 0.942110 0.138655 0.113912
3 0.432773 0.616713 0.015756 0.038282
3 0.751313 0.451914 0.023634 0.028011
3 0.718225 0.285247 0.014181 0.025210
0 0.254202 0.979458 0.018908 0.033613
4 0.541229 0.349206 0.009979 0.016807
3 0.455357 0.286648 0.008403 0.016807
3 0.465599 0.259570 0.007878 0.014939
5 0.439076 0.207283 0.013655 0.028011
3 0.474527 0.268908 0.008929 0.014939
3 0.455095 0.239029 0.008929 0.014939
3 0.494748 0.212418 0.009454 0.014006
3 0.460609 0.220355 0.009454 0.016807
3 0.487132 0.192344 0.006828 0.011204
5 0.508666 0.388422 0.014181 0.039216
3 0.467174 0.210551 0.008929 0.015873
3 0.467962 0.242764 0.009454 0.014939
5 0.544905 0.239496 0.013130 0.030812
