5 0.635242 0.521942 0.037290 0.070962
5 0.526786 0.417367 0.022059 0.056022
5 0.596901 0.298319 0.016282 0.038282
0 0.535189 0.182540 0.096639 0.127918
5 0.804097 0.317460 0.072479 0.050420
3 0.455095 0.274977 0.012080 0.021475
5 0.474527 0.256303 0.018382 0.032680
6 0.546744 0.481326 0.017857 0.027077
5 0.873687 0.442577 0.137080 0.059757
3 0.684086 0.437908 0.038340 0.029879
8 0.408876 0.796452 0.067752 0.179272
4 0.540704 0.277311 0.016282 0.029879
3 0.596376 0.267507 0.015231 0.032680
3 0.528361 0.319328 0.014706 0.022409
1 0.542805 0.462652 0.013130 0.025210
3 0.139443 0.878618 0.054097 0.085901
3 0.485032 0.293651 0.012080 0.021475
3 0.562237 0.267040 0.015231 0.020542
3 0.205095 0.295518 0.021534 0.021475
3 0.445903 0.278711 0.011555 0.015873
3 0.481880 0.267507 0.015231 0.019608
