5 0.678834 0.495798 0.037290 0.070962
5 0.568277 0.305789 0.022059 0.042017
0 0.488708 0.180672 0.094013 0.127918
3 0.422006 0.271709 0.012080 0.020542
5 0.435399 0.254435 0.015756 0.027077
5 0.476103 0.863679 0.051996 0.248366
3 0.456670 0.406629 0.012080 0.023343
4 0.551733 0.460784 0.029937 0.071895
3 0.556985 0.264239 0.015231 0.031746
3 0.521534 0.334267 0.011555 0.020542
0 0.528099 0.315126 0.008929 0.021475
3 0.512342 0.355742 0.012080 0.020542
3 0.456933 0.338469 0.011555 0.021475
3 0.467700 0.273576 0.015231 0.020542
