3 0.503939 0.416433 0.046744 0.037348
3 0.269695 0.404295 0.050945 0.044818
3 0.090599 0.395425 0.044643 0.040149
3 0.493172 0.546218 0.033613 0.044818
5 0.646796 0.525677 0.037290 0.070962
5 0.536765 0.296919 0.014706 0.028011
5 0.598477 0.284781 0.018382 0.039216
3 0.499212 0.277778 0.012080 0.023343
0 0.533088 0.182540 0.100840 0.127918
5 0.626838 0.274510 0.049895 0.044818
3 0.481355 0.258170 0.012080 0.021475
3 0.451418 0.261905 0.012080 0.021475
3 0.439863 0.265173 0.017332 0.020542
3 0.419380 0.269374 0.015231 0.021475
5 0.472952 0.248833 0.018382 0.032680
6 0.535977 0.366013 0.015231 0.022409
8 0.480830 0.478992 0.036239 0.082166
3 0.897059 0.321195 0.022059 0.028011
3 0.848739 0.311858 0.021008 0.024276
3 0.598477 0.257236 0.015231 0.032680
1 0.535189 0.353875 0.011555 0.016807
3 0.451943 0.351541 0.012080 0.021475
3 0.284926 0.275910 0.018382 0.021475
3 0.349002 0.274043 0.024685 0.027077
