5 0.600053 0.451914 0.018382 0.041083
3 0.652048 0.736228 0.097164 0.140990
0 0.487920 0.087768 0.085084 0.156863
3 0.427521 0.700747 0.016807 0.047619
3 0.339286 0.707750 0.025210 0.044818
3 0.517332 0.390289 0.047269 0.042951
5 0.189863 0.832400 0.149685 0.172736
3 0.651786 0.401961 0.023109 0.027077
3 0.820378 0.281979 0.013655 0.024276
0 0.221376 0.872082 0.024685 0.042951
4 0.543855 0.328665 0.009979 0.016807
3 0.460084 0.240896 0.008403 0.016807
3 0.469275 0.219888 0.006828 0.012138
5 0.441176 0.190943 0.013655 0.028945
3 0.475840 0.234827 0.009454 0.014006
3 0.462973 0.198413 0.007878 0.014006
3 0.496061 0.209617 0.008929 0.014006
3 0.466387 0.185808 0.008403 0.016807
3 0.487658 0.196545 0.007878 0.015873
5 0.513393 0.401494 0.014181 0.039216
3 0.471901 0.177871 0.007878 0.015873
3 0.470588 0.205882 0.008403 0.015873
5 0.545168 0.232493 0.012605 0.029879
