5 0.614496 0.563492 0.016807 0.038282
3 0.537553 0.569561 0.032038 0.082166
0 0.483981 0.110177 0.088761 0.190476
3 0.950893 0.550887 0.055147 0.052288
3 0.559874 0.459384 0.026261 0.024276
9 0.570641 0.795985 0.011029 0.038282
1 0.570116 0.796452 0.007878 0.028011
3 0.543330 0.268441 0.014181 0.021475
4 0.544905 0.375350 0.009979 0.018674
3 0.442227 0.430439 0.009454 0.018674
3 0.455882 0.370682 0.009454 0.016807
5 0.434874 0.218021 0.013655 0.028945
3 0.479779 0.337068 0.014181 0.016807
3 0.432773 0.375350 0.009454 0.020542
3 0.436975 0.335201 0.009454 0.020542
5 0.499212 0.343137 0.012080 0.027077
3 0.444590 0.308590 0.009979 0.017740
3 0.457983 0.338002 0.009454 0.016807
4 0.475840 0.250700 0.010504 0.023343
5 0.544905 0.254435 0.013130 0.030812
