5 0.599527 0.451914 0.018382 0.041083
3 0.648897 0.732493 0.097164 0.140990
0 0.487395 0.086835 0.085084 0.156863
3 0.425945 0.709150 0.016807 0.047619
3 0.336922 0.710551 0.025735 0.044818
3 0.520483 0.390289 0.047269 0.042951
5 0.186187 0.834267 0.149685 0.172736
3 0.654674 0.402428 0.022584 0.028011
3 0.816964 0.281513 0.014181 0.025210
0 0.222952 0.871148 0.024685 0.042951
4 0.543855 0.329599 0.009979 0.016807
3 0.459559 0.241830 0.008403 0.016807
3 0.469013 0.220822 0.007353 0.012138
5 0.440651 0.190943 0.013655 0.028945
3 0.475840 0.235294 0.009454 0.014939
3 0.462447 0.199346 0.007878 0.014006
3 0.496061 0.209150 0.008929 0.014939
3 0.466124 0.185808 0.007878 0.016807
3 0.487658 0.195612 0.007878 0.015873
5 0.512868 0.401494 0.014181 0.039216
3 0.471901 0.178338 0.007878 0.014939
3 0.470326 0.206816 0.008929 0.015873
5 0.545168 0.232960 0.012605 0.030812
