5 0.613971 0.562558 0.016807 0.038282
3 0.538340 0.579365 0.031513 0.084967
0 0.483981 0.108777 0.088761 0.187675
3 0.925158 0.537815 0.055147 0.052288
3 0.596376 0.456583 0.025735 0.024276
9 0.574317 0.821195 0.011029 0.038282
1 0.573267 0.822596 0.007878 0.028011
3 0.548582 0.270775 0.014181 0.022409
4 0.544905 0.377218 0.009979 0.018674
3 0.444065 0.430906 0.009979 0.025210
3 0.457195 0.363212 0.009979 0.016807
5 0.435399 0.219421 0.013655 0.028011
3 0.478992 0.334267 0.013655 0.014939
3 0.434349 0.366013 0.009454 0.020542
3 0.439076 0.326797 0.009454 0.020542
5 0.500263 0.346872 0.012080 0.027077
3 0.446691 0.302054 0.009979 0.017740
3 0.459034 0.332400 0.009454 0.016807
4 0.476628 0.246032 0.009979 0.023343
5 0.544905 0.253501 0.013130 0.030812
