3 0.139706 0.461251 0.047269 0.037348
3 0.411502 0.837068 0.037290 0.075630
5 0.643908 0.587302 0.036765 0.070962
5 0.529674 0.372082 0.017332 0.038282
5 0.596639 0.318394 0.018908 0.039216
3 0.512605 0.276844 0.008403 0.015873
0 0.533088 0.182540 0.100840 0.127918
5 0.697479 0.323529 0.066176 0.049486
3 0.500263 0.270308 0.012080 0.021475
3 0.452468 0.288982 0.012080 0.021475
3 0.480042 0.282913 0.011555 0.020542
3 0.467700 0.287115 0.012080 0.021475
5 0.472426 0.272176 0.018382 0.032680
6 0.544905 0.446312 0.017332 0.022409
8 0.448267 0.658730 0.048845 0.107376
4 0.543067 0.272642 0.011555 0.022409
3 0.597426 0.286181 0.015231 0.032680
3 0.534401 0.290850 0.012080 0.021475
1 0.545168 0.431839 0.012605 0.021475
3 0.469275 0.342204 0.012080 0.021475
3 0.550683 0.260971 0.009979 0.015873
3 0.039128 0.325397 0.021534 0.021475
3 0.372111 0.301120 0.018382 0.021475
3 0.426471 0.298319 0.017857 0.021475
