3 0.071429 0.446312 0.047269 0.037348
3 0.389968 0.866480 0.048845 0.080299
5 0.638918 0.567694 0.037290 0.070962
5 0.527574 0.375350 0.017332 0.039216
5 0.596376 0.309057 0.018382 0.039216
3 0.515756 0.265640 0.008403 0.015873
0 0.533088 0.182540 0.100840 0.127918
5 0.718487 0.316993 0.066176 0.049486
3 0.503939 0.262838 0.012080 0.021475
3 0.452994 0.280579 0.012080 0.021475
3 0.487395 0.274043 0.011555 0.019608
3 0.476103 0.278711 0.011029 0.021475
5 0.471901 0.263772 0.018382 0.032680
6 0.542279 0.448179 0.017332 0.022409
8 0.435924 0.667600 0.056723 0.119514
4 0.543067 0.267974 0.012605 0.028011
3 0.596376 0.277778 0.015231 0.032680
3 0.531775 0.291783 0.012080 0.021475
1 0.542279 0.438375 0.012080 0.021475
3 0.472952 0.329132 0.012080 0.021475
3 0.551208 0.260971 0.009979 0.015873
3 0.078519 0.313259 0.021534 0.021475
3 0.392595 0.291783 0.018382 0.021475
3 0.442489 0.287582 0.016282 0.020542
