5 0.637342 0.520075 0.037290 0.070962
5 0.527836 0.424370 0.023109 0.058824
5 0.597689 0.298786 0.015756 0.039216
0 0.535977 0.182540 0.095063 0.127918
5 0.815126 0.318394 0.072479 0.050420
3 0.455095 0.273109 0.012080 0.021475
5 0.476103 0.255369 0.018382 0.032680
6 0.548057 0.485061 0.018382 0.027077
5 0.838498 0.436975 0.137080 0.059757
3 0.652574 0.433240 0.038340 0.029879
8 0.406250 0.825397 0.067752 0.179272
4 0.541229 0.280112 0.016282 0.029879
3 0.596901 0.266573 0.015231 0.032680
3 0.528887 0.325864 0.014706 0.022409
1 0.545956 0.463585 0.015231 0.023343
3 0.181985 0.821195 0.049895 0.071895
3 0.488708 0.290850 0.012080 0.021475
3 0.568540 0.270775 0.015231 0.020542
3 0.216649 0.293651 0.021534 0.021475
3 0.453782 0.275910 0.011555 0.015873
3 0.486607 0.264706 0.015231 0.019608
