5 0.616071 0.562558 0.016807 0.038282
3 0.536239 0.531746 0.027311 0.081232
0 0.483981 0.111578 0.088761 0.193277
3 0.446429 0.451914 0.026261 0.024276
9 0.561712 0.717554 0.011029 0.038282
1 0.560662 0.717087 0.007878 0.028011
3 0.528099 0.258637 0.014181 0.018674
3 0.967437 0.378618 0.021008 0.027077
4 0.544118 0.370215 0.009454 0.019608
3 0.431723 0.472923 0.011555 0.023343
3 0.451943 0.387955 0.011029 0.019608
5 0.433036 0.214286 0.014181 0.028945
3 0.485294 0.335201 0.015756 0.016807
3 0.425158 0.402428 0.009979 0.024276
3 0.430410 0.354342 0.011029 0.023343
5 0.496586 0.323529 0.012080 0.027077
3 0.438025 0.323996 0.010504 0.018674
3 0.454569 0.346872 0.009979 0.017740
4 0.473477 0.260504 0.011029 0.028011
5 0.544118 0.246965 0.013655 0.030812
