5 0.641019 0.501401 0.037290 0.070962
5 0.634454 0.799253 0.074580 0.132586
5 0.568540 0.296452 0.014181 0.038282
0 0.500525 0.178338 0.101891 0.126984
3 0.425683 0.273576 0.012080 0.020542
5 0.442227 0.259104 0.017857 0.032680
6 0.653887 0.734360 0.033613 0.055089
5 0.232931 0.408030 0.137080 0.059757
3 0.402574 0.581232 0.022584 0.045752
4 0.515494 0.384220 0.018382 0.060691
3 0.562763 0.265640 0.015231 0.032680
3 0.506303 0.287115 0.011555 0.017740
0 0.532300 0.282446 0.008929 0.021475
3 0.503676 0.303922 0.008403 0.015873
3 0.518120 0.602241 0.019433 0.048553
1 0.648372 0.726424 0.021534 0.037348
3 0.417542 0.422035 0.015756 0.028011
3 0.479779 0.257236 0.008929 0.017740
3 0.784401 0.323529 0.034139 0.027077
3 0.412553 0.281513 0.015231 0.021475
