3 0.220588 0.469655 0.047269 0.037348
3 0.434611 0.778245 0.037290 0.075630
5 0.645483 0.584967 0.036765 0.070028
5 0.532300 0.359944 0.017332 0.038282
5 0.598214 0.317460 0.018908 0.039216
3 0.511029 0.284314 0.008403 0.015873
0 0.533088 0.182540 0.100840 0.127918
5 0.680147 0.315126 0.066176 0.047619
3 0.496586 0.276844 0.012080 0.021475
3 0.452994 0.288982 0.012080 0.021475
3 0.472164 0.289916 0.011555 0.021475
3 0.456670 0.293651 0.012080 0.021475
5 0.472426 0.270308 0.018382 0.032680
6 0.542542 0.426704 0.016807 0.022409
8 0.455357 0.626984 0.048319 0.107376
4 0.543330 0.265640 0.013130 0.021475
3 0.596901 0.286181 0.015231 0.032680
3 0.537027 0.285247 0.012080 0.021475
1 0.542542 0.412232 0.012605 0.019608
3 0.465074 0.357143 0.012080 0.021475
3 0.550158 0.260971 0.009979 0.015873
3 0.006303 0.334734 0.012605 0.021475
3 0.355830 0.303922 0.018382 0.021475
3 0.410714 0.298319 0.017857 0.021475
