5 0.601628 0.450047 0.018382 0.041083
3 0.664128 0.750233 0.097164 0.140990
0 0.488445 0.087768 0.084034 0.156863
3 0.433824 0.669001 0.016807 0.047619
3 0.348477 0.697946 0.024685 0.043884
3 0.504202 0.390289 0.046218 0.042951
5 0.208771 0.822129 0.142332 0.167134
3 0.639968 0.401027 0.022584 0.027077
3 0.833508 0.283847 0.013655 0.024276
0 0.215074 0.875350 0.024685 0.042017
4 0.544905 0.325397 0.009979 0.017740
3 0.461134 0.237162 0.008403 0.016807
3 0.470063 0.217554 0.007353 0.013072
5 0.442227 0.190943 0.013655 0.028945
3 0.476366 0.232493 0.009454 0.014939
3 0.464023 0.195612 0.007878 0.014006
3 0.496849 0.211485 0.008403 0.014006
3 0.467174 0.183940 0.007878 0.016807
3 0.488183 0.199813 0.007878 0.016807
5 0.513918 0.403361 0.014181 0.039216
3 0.472952 0.176471 0.007878 0.014939
3 0.471376 0.203548 0.008929 0.016807
5 0.545168 0.231559 0.012605 0.029879
