3 0.032038 0.441643 0.047269 0.037348
3 0.375525 0.899627 0.049370 0.086835
5 0.635242 0.553688 0.037290 0.070962
5 0.525473 0.379085 0.017332 0.039216
5 0.595588 0.305322 0.017857 0.039216
3 0.517332 0.260037 0.008403 0.015873
0 0.533088 0.182540 0.100840 0.127918
5 0.731092 0.316993 0.066176 0.049486
3 0.506040 0.258170 0.012080 0.021475
3 0.452994 0.278711 0.012080 0.021475
3 0.490546 0.269374 0.011555 0.019608
3 0.478729 0.273109 0.011029 0.021475
5 0.471901 0.260971 0.018382 0.032680
6 0.541229 0.455649 0.017332 0.026144
3 0.929622 0.484127 0.037815 0.028945
8 0.430935 0.677404 0.056197 0.120448
4 0.540704 0.268441 0.012080 0.027077
3 0.595326 0.275910 0.015231 0.032680
3 0.529149 0.296452 0.011029 0.021475
1 0.540704 0.443044 0.012080 0.023343
3 0.474527 0.323529 0.012080 0.021475
3 0.551733 0.260971 0.009979 0.015873
3 0.099527 0.308590 0.021534 0.021475
3 0.403624 0.288982 0.018382 0.021475
3 0.450368 0.283847 0.015231 0.020542
