5 0.670168 0.376751 0.019958 0.045752
3 0.555410 0.220822 0.021534 0.045752
0 0.483981 0.114379 0.112920 0.172736
3 0.553571 0.309991 0.014706 0.028011
3 0.553571 0.364613 0.021008 0.028945
3 0.082195 0.275444 0.032038 0.024276
3 0.569065 0.170401 0.016282 0.023343
4 0.573267 0.274043 0.011029 0.021475
3 0.470063 0.613445 0.021008 0.057890
3 0.182511 0.852474 0.070903 0.095238
3 0.327731 0.639122 0.039916 0.068161
3 0.389181 0.509337 0.027311 0.049486
3 0.468225 0.429038 0.015231 0.042017
4 0.496586 0.358543 0.021534 0.050420
8 0.605830 0.542017 0.044643 0.099907
5 0.559611 0.148926 0.014181 0.030812
