5 0.613445 0.561625 0.016807 0.038282
3 0.540179 0.588235 0.035189 0.095238
0 0.483981 0.107376 0.088761 0.184874
3 0.900998 0.531279 0.055147 0.052288
3 0.634454 0.455649 0.029412 0.024276
9 0.577468 0.846405 0.011029 0.038282
1 0.576418 0.847806 0.007878 0.028011
3 0.555410 0.275910 0.014181 0.023343
4 0.545168 0.378618 0.010504 0.017740
3 0.443540 0.427171 0.009979 0.025210
3 0.458246 0.355742 0.009979 0.016807
5 0.435924 0.220355 0.013655 0.028011
3 0.478466 0.331466 0.012605 0.014939
3 0.436450 0.355742 0.009454 0.020542
3 0.492910 0.199346 0.009979 0.014006
3 0.441176 0.318861 0.009454 0.019608
5 0.500788 0.350607 0.012080 0.027077
3 0.448529 0.294585 0.009454 0.017740
3 0.460084 0.326797 0.009454 0.016807
4 0.477416 0.240896 0.010504 0.022409
5 0.544905 0.252568 0.013130 0.030812
