5 0.628414 0.524276 0.037290 0.070028
5 0.503676 0.522409 0.033613 0.077498
5 0.560662 0.300187 0.015231 0.038282
0 0.499475 0.177871 0.115546 0.126050
5 0.901786 0.328665 0.072479 0.050420
3 0.416229 0.273109 0.012080 0.021475
5 0.434086 0.256769 0.018382 0.031746
6 0.556460 0.557890 0.018382 0.043884
5 0.583771 0.423903 0.137080 0.059757
3 0.390494 0.425770 0.042542 0.033613
4 0.504202 0.310458 0.014706 0.030812
3 0.557511 0.269374 0.015231 0.032680
0 0.542805 0.255369 0.008929 0.021475
3 0.499737 0.261905 0.008929 0.015873
3 0.510242 0.392624 0.015231 0.038282
1 0.549632 0.548553 0.015231 0.021475
3 0.318015 0.598973 0.024685 0.042017
3 0.454044 0.278711 0.008929 0.015873
3 0.575368 0.291783 0.034139 0.027077
3 0.281250 0.297852 0.020483 0.022409
3 0.450105 0.268441 0.011555 0.015873
3 0.463761 0.254902 0.011555 0.014939
