5 0.684874 0.493464 0.036765 0.068161
5 0.565389 0.314192 0.022584 0.042017
0 0.491334 0.178805 0.094013 0.127918
3 0.424107 0.271709 0.012080 0.020542
5 0.437237 0.258170 0.015231 0.032680
4 0.569065 0.366947 0.011029 0.020542
0 0.531513 0.354809 0.016807 0.026144
3 0.439863 0.873950 0.023634 0.085901
5 0.497374 0.683007 0.034664 0.169001
3 0.471901 0.369281 0.009979 0.021475
4 0.565389 0.503735 0.029937 0.071895
3 0.555935 0.264706 0.018382 0.032680
3 0.530725 0.355742 0.011029 0.018674
0 0.533351 0.330065 0.008929 0.021475
3 0.465074 0.323063 0.012080 0.026144
3 0.512605 0.261438 0.009454 0.020542
3 0.483456 0.279178 0.015231 0.020542
