5 0.596113 0.454715 0.017857 0.041083
3 0.624737 0.711485 0.088761 0.134454
0 0.486082 0.089169 0.083508 0.157796
3 0.410714 0.804388 0.016807 0.056956
3 0.316964 0.737628 0.029937 0.048553
3 0.551208 0.402428 0.047794 0.042951
5 0.143645 0.864613 0.164391 0.173669
3 0.441439 0.486461 0.015231 0.029879
3 0.681460 0.412698 0.023634 0.028011
3 0.786502 0.283380 0.014181 0.025210
0 0.233718 0.893091 0.021008 0.038282
4 0.542017 0.336134 0.009454 0.016807
3 0.457458 0.251167 0.008403 0.016807
3 0.467174 0.226891 0.006828 0.013072
5 0.438550 0.191410 0.013655 0.028011
3 0.474527 0.241363 0.008929 0.015873
3 0.459296 0.206349 0.007878 0.014939
3 0.495273 0.205415 0.009454 0.014939
3 0.464286 0.190476 0.008403 0.016807
3 0.486607 0.189076 0.007878 0.012138
5 0.511817 0.397759 0.014181 0.039216
3 0.469800 0.182540 0.007878 0.015873
3 0.469013 0.211951 0.009454 0.014939
5 0.545168 0.235294 0.012605 0.029879
