5 0.614233 0.554622 0.017332 0.039216
3 0.546218 0.612045 0.036765 0.101774
0 0.483981 0.103641 0.088761 0.177404
3 0.846113 0.518674 0.053571 0.045752
3 0.417805 0.909897 0.020483 0.056956
3 0.731092 0.463119 0.029412 0.024276
9 0.585609 0.917834 0.013655 0.037348
1 0.585084 0.916900 0.007353 0.028011
3 0.576418 0.279645 0.014181 0.023343
4 0.545693 0.383287 0.010504 0.017740
3 0.448792 0.396825 0.009979 0.020542
3 0.460872 0.336134 0.009979 0.016807
5 0.437763 0.224090 0.013130 0.028011
3 0.476891 0.323529 0.010504 0.014006
3 0.441176 0.329599 0.009454 0.020542
3 0.494485 0.203081 0.009979 0.014006
3 0.446691 0.296919 0.009979 0.016807
5 0.503414 0.360878 0.012080 0.027077
3 0.453782 0.276844 0.009454 0.017740
3 0.462710 0.311858 0.009454 0.016807
4 0.479517 0.227824 0.010504 0.020542
5 0.544905 0.250700 0.013130 0.030812
