5 0.597164 0.486461 0.017857 0.041083
3 0.598477 0.689076 0.074055 0.123249
0 0.486082 0.095705 0.083508 0.159664
3 0.283351 0.819795 0.034139 0.052288
3 0.608981 0.426704 0.047794 0.042951
5 0.081145 0.933240 0.161239 0.131653
3 0.432773 0.584967 0.015756 0.038282
3 0.733981 0.445378 0.023634 0.028011
3 0.733456 0.287115 0.014181 0.025210
0 0.251313 0.962185 0.018382 0.034547
4 0.540966 0.346405 0.009454 0.016807
3 0.455882 0.280112 0.008403 0.016807
3 0.465336 0.254435 0.007353 0.014006
5 0.438550 0.206349 0.013655 0.028011
3 0.474265 0.265173 0.009454 0.014939
3 0.456670 0.233427 0.008929 0.014939
3 0.494223 0.214286 0.009454 0.014006
3 0.461660 0.215686 0.009454 0.016807
3 0.486607 0.194678 0.006828 0.010271
5 0.509191 0.390289 0.014181 0.039216
3 0.467700 0.206816 0.008929 0.015873
3 0.468487 0.238095 0.009454 0.014939
5 0.545168 0.238562 0.012605 0.030812
