3 0.264181 0.469655 0.047269 0.037348
3 0.031250 0.463585 0.049895 0.043884
3 0.445641 0.737628 0.037290 0.070962
5 0.645483 0.577965 0.036765 0.070962
5 0.532826 0.348739 0.017332 0.038282
5 0.598477 0.310458 0.019433 0.038282
3 0.509979 0.283380 0.008403 0.015873
0 0.533088 0.182540 0.100840 0.127918
5 0.672269 0.307656 0.066176 0.045752
3 0.493960 0.273109 0.012080 0.021475
3 0.452468 0.283380 0.012080 0.021475
3 0.468225 0.285247 0.012080 0.021475
3 0.451418 0.287582 0.012080 0.020542
5 0.472426 0.265640 0.018382 0.032680
6 0.541229 0.417367 0.016282 0.022409
8 0.462185 0.602708 0.048319 0.107376
4 0.542279 0.259570 0.013130 0.022409
3 0.596901 0.282446 0.015231 0.032680
3 0.537553 0.277778 0.012080 0.021475
1 0.541229 0.402894 0.012080 0.019608
3 0.463498 0.356209 0.012080 0.021475
3 0.349527 0.303922 0.018382 0.021475
3 0.403887 0.296452 0.017857 0.021475
