3 0.298845 0.457516 0.047269 0.037348
3 0.067227 0.449580 0.050420 0.043884
3 0.452468 0.701214 0.038340 0.063492
5 0.645746 0.569561 0.037290 0.070962
5 0.533351 0.341270 0.017332 0.038282
5 0.599002 0.305789 0.018382 0.038282
3 0.507878 0.281513 0.008403 0.015873
0 0.533088 0.182540 0.100840 0.127918
5 0.663866 0.302054 0.060924 0.045752
3 0.492384 0.269374 0.012080 0.021475
3 0.452468 0.278711 0.012080 0.021475
3 0.465074 0.281513 0.012080 0.021475
3 0.447216 0.283847 0.012080 0.020542
5 0.472426 0.261905 0.018382 0.032680
6 0.540441 0.408964 0.016807 0.022409
8 0.467437 0.578898 0.048319 0.108310
3 0.978729 0.355275 0.021534 0.027077
3 0.931985 0.344538 0.020483 0.024276
3 0.597426 0.277778 0.015231 0.032680
3 0.537553 0.270308 0.012080 0.021475
1 0.540179 0.394491 0.012080 0.019608
3 0.462447 0.354342 0.012080 0.021475
3 0.340074 0.297386 0.018382 0.021475
3 0.394958 0.292717 0.017857 0.021475
