5 0.660977 0.382820 0.020483 0.039216
3 0.551208 0.250700 0.021534 0.045752
0 0.477416 0.102241 0.100840 0.172736
3 0.591124 0.423436 0.018382 0.038282
3 0.594800 0.494398 0.026786 0.042017
3 0.459296 0.282913 0.032038 0.024276
3 0.689601 0.196545 0.018908 0.027077
4 0.570116 0.253501 0.011029 0.021475
3 0.429097 0.800187 0.030462 0.078431
3 0.469800 0.416900 0.015231 0.032680
3 0.520746 0.198413 0.009979 0.017740
3 0.381565 0.528945 0.025735 0.047619
3 0.413078 0.427638 0.021534 0.041083
3 0.428834 0.350140 0.012080 0.035481
3 0.460872 0.344071 0.012080 0.028945
4 0.488445 0.274510 0.016807 0.037348
8 0.656250 0.803922 0.065651 0.153128
5 0.553834 0.158263 0.014181 0.030812
