5 0.651523 0.521942 0.037290 0.070962
5 0.559874 0.643324 0.047269 0.089636
5 0.572216 0.305789 0.015231 0.038282
0 0.501576 0.177871 0.107143 0.126050
3 0.424632 0.278711 0.012080 0.021475
5 0.443015 0.259570 0.018382 0.031746
6 0.602941 0.634921 0.022059 0.048553
5 0.412553 0.421102 0.137080 0.059757
3 0.213235 0.430906 0.042017 0.032680
4 0.516544 0.341270 0.019433 0.038282
3 0.564863 0.273109 0.015231 0.032680
3 0.507090 0.269374 0.008929 0.015873
0 0.547006 0.272176 0.008929 0.021475
3 0.507353 0.288049 0.008403 0.015873
3 0.518645 0.463585 0.015231 0.038282
1 0.597952 0.622316 0.018382 0.028945
3 0.389968 0.493464 0.020483 0.036415
3 0.471901 0.272176 0.008929 0.015873
3 0.652574 0.310458 0.034139 0.027077
3 0.361082 0.295518 0.015231 0.021475
3 0.474002 0.260037 0.011029 0.015873
