5 0.674107 0.377218 0.020483 0.046685
3 0.559086 0.203548 0.021534 0.046685
0 0.485032 0.116246 0.115021 0.172736
3 0.549107 0.293651 0.015231 0.028945
3 0.548845 0.339869 0.016807 0.028011
3 0.557511 0.162932 0.014181 0.015873
4 0.573792 0.277778 0.011029 0.021475
3 0.468225 0.680205 0.021534 0.068161
3 0.102153 0.948179 0.084559 0.098039
3 0.292805 0.701681 0.046744 0.081232
3 0.368435 0.558824 0.030987 0.055089
3 0.466649 0.456116 0.015231 0.042017
4 0.496061 0.363212 0.021534 0.080299
8 0.597952 0.517740 0.038340 0.086835
5 0.561712 0.147059 0.014181 0.030812
