3 0.177521 0.468721 0.047269 0.037348
3 0.422532 0.809991 0.037290 0.075630
5 0.645483 0.592437 0.036765 0.070028
5 0.531775 0.369281 0.017332 0.038282
5 0.597164 0.321195 0.018908 0.039216
3 0.512605 0.283380 0.008403 0.015873
0 0.533088 0.182540 0.100840 0.127918
5 0.688025 0.323063 0.066176 0.048553
3 0.498162 0.274043 0.012080 0.021475
3 0.449842 0.290850 0.012080 0.021475
3 0.476366 0.287582 0.011555 0.020542
3 0.460872 0.292717 0.012080 0.021475
5 0.472426 0.274977 0.018382 0.032680
6 0.543592 0.436975 0.016807 0.022409
8 0.450893 0.644725 0.048845 0.107376
4 0.542805 0.268441 0.012080 0.021475
3 0.596901 0.288049 0.015231 0.032680
3 0.535452 0.288049 0.012080 0.021475
1 0.543592 0.422035 0.012605 0.020542
3 0.467174 0.349673 0.012080 0.021475
3 0.550158 0.260971 0.009979 0.015873
3 0.019170 0.331933 0.021534 0.021475
3 0.362132 0.304855 0.018382 0.021475
3 0.416492 0.299253 0.017857 0.021475
