5 0.675420 0.375350 0.021008 0.046685
3 0.559086 0.203548 0.021534 0.046685
0 0.485294 0.116246 0.115546 0.172736
3 0.548582 0.287115 0.015231 0.028945
3 0.555410 0.161998 0.012080 0.017740
4 0.574317 0.278711 0.011029 0.021475
3 0.467174 0.700747 0.023634 0.071895
3 0.076943 0.958450 0.084559 0.081232
3 0.279674 0.718021 0.049895 0.084034
3 0.360294 0.572829 0.032563 0.056956
3 0.466124 0.462652 0.015231 0.043884
4 0.496061 0.361811 0.021534 0.094304
8 0.597426 0.506536 0.040441 0.086835
5 0.561187 0.147993 0.014181 0.030812
