5 0.613971 0.546218 0.017857 0.039216
3 0.549895 0.619514 0.042017 0.103641
0 0.484244 0.102241 0.087185 0.174603
3 0.808561 0.495331 0.053046 0.042017
3 0.427521 0.788515 0.017857 0.047619
3 0.964811 0.545752 0.024160 0.028945
3 0.795168 0.454715 0.029412 0.024276
9 0.589811 0.961251 0.015756 0.036415
1 0.589286 0.959851 0.007353 0.028011
3 0.596639 0.279178 0.013655 0.024276
4 0.546218 0.378151 0.010504 0.016807
3 0.451155 0.374416 0.009454 0.018674
3 0.462973 0.321195 0.009979 0.016807
5 0.438550 0.221289 0.013655 0.028011
3 0.476628 0.314192 0.009979 0.014006
3 0.444328 0.309991 0.009454 0.020542
3 0.495536 0.203081 0.009979 0.014006
3 0.449842 0.281046 0.009979 0.016807
5 0.505777 0.370215 0.011555 0.027077
3 0.456933 0.262838 0.009454 0.017740
3 0.464811 0.298786 0.009454 0.016807
4 0.480305 0.217087 0.009979 0.019608
5 0.544905 0.248833 0.013130 0.030812
