5 0.644695 0.499533 0.037290 0.070962
5 0.568540 0.298786 0.015231 0.039216
0 0.502626 0.178805 0.095588 0.127918
3 0.425683 0.270308 0.012080 0.021475
5 0.442227 0.256303 0.017857 0.032680
6 0.716649 0.848739 0.046744 0.078431
5 0.135242 0.408030 0.137080 0.059757
3 0.423582 0.493464 0.016282 0.030812
4 0.527574 0.408964 0.022584 0.063492
3 0.562763 0.269374 0.015231 0.032680
3 0.509979 0.300187 0.011555 0.021475
0 0.531250 0.290850 0.008929 0.021475
3 0.503151 0.318394 0.008403 0.016807
3 0.523372 0.743697 0.023634 0.064426
1 0.708771 0.831933 0.022584 0.037348
3 0.431723 0.384220 0.012605 0.023343
3 0.857405 0.328198 0.034139 0.027077
3 0.434611 0.278711 0.015231 0.021475
