5 0.668067 0.525677 0.036765 0.070962
5 0.535977 0.488796 0.032038 0.077498
5 0.605305 0.302054 0.015231 0.038282
0 0.545956 0.182540 0.094013 0.127918
5 0.926996 0.329599 0.072479 0.050420
3 0.464023 0.275910 0.012080 0.021475
5 0.481880 0.258170 0.018382 0.032680
6 0.585084 0.542951 0.017857 0.032680
5 0.652048 0.427638 0.137080 0.059757
3 0.475053 0.424837 0.038340 0.029879
4 0.548057 0.305789 0.015231 0.032680
3 0.602153 0.270308 0.015231 0.032680
3 0.548057 0.260037 0.008929 0.015873
3 0.542279 0.377684 0.015231 0.038282
1 0.578519 0.535481 0.015231 0.021475
3 0.329044 0.626050 0.029937 0.051354
3 0.498162 0.282446 0.008929 0.015873
3 0.597164 0.284781 0.030462 0.026144
3 0.305935 0.295051 0.021534 0.022409
3 0.488971 0.273109 0.011555 0.015873
3 0.503939 0.258637 0.012080 0.014939
