5 0.664916 0.367414 0.019958 0.040149
3 0.554359 0.226424 0.021534 0.045752
0 0.482143 0.110644 0.109244 0.172736
3 0.564076 0.338936 0.014706 0.028011
3 0.559086 0.382820 0.020483 0.029879
3 0.196691 0.266106 0.032038 0.024276
3 0.594013 0.172736 0.018908 0.028011
4 0.572742 0.267507 0.011029 0.021475
3 0.471376 0.525677 0.017332 0.044818
3 0.278624 0.718487 0.050945 0.073763
3 0.368960 0.547619 0.034139 0.055089
3 0.410977 0.438375 0.019433 0.043884
3 0.469013 0.383754 0.013655 0.035481
4 0.494223 0.334734 0.019958 0.047619
8 0.613971 0.582166 0.048319 0.103641
5 0.557511 0.148926 0.014181 0.030812
