5 0.663078 0.368814 0.020483 0.039216
3 0.550158 0.237628 0.021534 0.045752
0 0.480305 0.107843 0.106618 0.172736
3 0.572742 0.364613 0.018382 0.038282
3 0.566439 0.414566 0.020483 0.029879
3 0.294380 0.270775 0.032038 0.024276
3 0.626576 0.183940 0.018908 0.028011
4 0.571691 0.261905 0.011029 0.021475
3 0.471113 0.470588 0.016807 0.039216
3 0.329832 0.629318 0.038866 0.061625
3 0.392069 0.490663 0.026786 0.047619
3 0.421218 0.395425 0.015756 0.038282
3 0.468750 0.357143 0.012080 0.032680
4 0.492122 0.312792 0.018908 0.042951
8 0.626576 0.641923 0.054622 0.120448
5 0.556460 0.148926 0.014181 0.030812
