5 0.602153 0.450047 0.018382 0.041083
3 0.667279 0.753968 0.097164 0.140990
0 0.488708 0.087768 0.083508 0.156863
3 0.435399 0.660598 0.016807 0.047619
3 0.351103 0.695145 0.024685 0.043884
3 0.501050 0.390289 0.046218 0.042951
5 0.213761 0.819328 0.139706 0.165266
3 0.637080 0.400093 0.022059 0.027077
3 0.836660 0.284314 0.013655 0.025210
0 0.213498 0.876284 0.024685 0.042017
4 0.545168 0.324463 0.010504 0.017740
3 0.461134 0.236228 0.008403 0.016807
3 0.470588 0.217087 0.007353 0.012138
5 0.442227 0.190943 0.013655 0.028945
3 0.476628 0.232026 0.009979 0.014006
3 0.464548 0.194678 0.007878 0.014006
3 0.496849 0.211951 0.008403 0.014939
3 0.467700 0.183007 0.007878 0.016807
3 0.488183 0.200280 0.007878 0.017740
5 0.513918 0.404295 0.014181 0.039216
3 0.473477 0.175537 0.007878 0.014939
3 0.471639 0.203548 0.008403 0.016807
5 0.545168 0.231559 0.012605 0.029879
