5 0.616597 0.462185 0.019958 0.041083
3 0.532300 0.376751 0.026786 0.083100
0 0.483981 0.104108 0.088761 0.178338
3 0.028361 0.360411 0.026261 0.024276
3 0.576155 0.627451 0.024160 0.044818
3 0.629202 0.757236 0.045168 0.065359
3 0.694065 0.366013 0.026786 0.024276
9 0.539653 0.458917 0.011029 0.032680
1 0.539391 0.459851 0.008403 0.028945
3 0.795693 0.264239 0.021008 0.028011
4 0.543330 0.314192 0.008929 0.021475
3 0.408613 0.601307 0.018908 0.044818
3 0.452731 0.401961 0.013655 0.028945
5 0.429097 0.177871 0.014706 0.030812
3 0.507616 0.265640 0.009979 0.017740
3 0.391019 0.450514 0.017332 0.034547
3 0.413340 0.390756 0.014706 0.030812
5 0.492384 0.227358 0.012080 0.025210
3 0.419380 0.340336 0.012080 0.021475
3 0.444590 0.339402 0.012080 0.021475
4 0.466124 0.265640 0.013130 0.032680
5 0.542805 0.194678 0.014181 0.030812
