5 0.663603 0.368347 0.020483 0.040149
3 0.551208 0.226424 0.021534 0.045752
0 0.480567 0.108777 0.107143 0.172736
3 0.570641 0.357143 0.018382 0.038282
3 0.564863 0.405229 0.020483 0.029879
3 0.270221 0.267040 0.032038 0.024276
3 0.618960 0.184407 0.018382 0.028945
4 0.572216 0.263772 0.011029 0.021475
3 0.471376 0.482726 0.017332 0.041083
3 0.318540 0.650327 0.041492 0.064426
3 0.386817 0.503735 0.027836 0.049486
3 0.419118 0.406162 0.016807 0.039216
3 0.469013 0.362278 0.012605 0.033613
4 0.492647 0.318394 0.018908 0.044818
8 0.622899 0.625117 0.052521 0.114846
5 0.556985 0.147059 0.014181 0.030812
