5 0.674632 0.376284 0.020483 0.046685
3 0.559086 0.203548 0.021534 0.046685
0 0.485032 0.116246 0.115021 0.172736
3 0.548582 0.290383 0.015231 0.028011
3 0.554359 0.162932 0.009979 0.015873
4 0.574317 0.278711 0.011029 0.021475
3 0.467700 0.690476 0.022584 0.070028
3 0.089548 0.953315 0.084559 0.089636
3 0.286239 0.709617 0.048319 0.082166
3 0.364233 0.565826 0.032038 0.056022
3 0.466124 0.459384 0.015231 0.042951
4 0.496061 0.362745 0.021534 0.086835
8 0.597426 0.512138 0.039391 0.086835
5 0.561187 0.147059 0.014181 0.030812
