5 0.631040 0.523343 0.037290 0.070028
5 0.512342 0.541083 0.034139 0.077498
5 0.560662 0.301120 0.015231 0.038282
0 0.498950 0.177871 0.113445 0.126050
5 0.915441 0.332400 0.072479 0.050420
3 0.417279 0.274043 0.012080 0.021475
5 0.434611 0.257703 0.018382 0.031746
6 0.563025 0.565359 0.018908 0.043884
5 0.549107 0.422035 0.137080 0.059757
3 0.366334 0.429505 0.042542 0.033613
4 0.503939 0.315126 0.015231 0.030812
3 0.557511 0.270308 0.015231 0.032680
0 0.541229 0.258170 0.008929 0.021475
3 0.500263 0.266573 0.008929 0.015873
3 0.511292 0.401027 0.015231 0.038282
1 0.558298 0.556956 0.014706 0.021475
3 0.329569 0.584034 0.024685 0.042017
3 0.456670 0.278711 0.008929 0.015873
3 0.570116 0.291783 0.034139 0.027077
3 0.291492 0.297852 0.018908 0.022409
3 0.451681 0.268441 0.011555 0.015873
3 0.462710 0.253968 0.011555 0.014939
