5 0.662815 0.369281 0.019958 0.040149
3 0.550158 0.237628 0.021534 0.045752
0 0.480042 0.106909 0.106092 0.172736
3 0.574317 0.369281 0.018382 0.038282
3 0.568015 0.421102 0.020483 0.029879
3 0.309611 0.268908 0.032038 0.024276
3 0.632878 0.184874 0.018908 0.028011
4 0.571691 0.260971 0.011029 0.021475
3 0.471113 0.464519 0.016807 0.038282
3 0.334821 0.619048 0.037290 0.059757
3 0.394433 0.483660 0.026261 0.046685
3 0.422532 0.389823 0.015231 0.038282
3 0.468225 0.353408 0.012080 0.032680
4 0.491859 0.309057 0.018382 0.042951
8 0.628939 0.653595 0.054097 0.121382
5 0.556460 0.149860 0.014181 0.030812
