5 0.616597 0.535481 0.016807 0.038282
3 0.534926 0.468254 0.026786 0.083100
0 0.483981 0.111578 0.088761 0.193277
3 0.298319 0.422035 0.026261 0.024276
3 0.611870 0.887488 0.031513 0.066293
3 0.915441 0.453782 0.027311 0.024276
9 0.551733 0.619514 0.011029 0.038282
1 0.551208 0.619048 0.007878 0.028011
3 0.512342 0.233894 0.014181 0.021475
3 0.907563 0.336134 0.016807 0.022409
4 0.543592 0.364613 0.009454 0.021475
3 0.419380 0.521942 0.015231 0.029879
3 0.447742 0.397292 0.012080 0.021475
5 0.431197 0.210551 0.014706 0.028945
3 0.496324 0.321662 0.016807 0.017740
3 0.414653 0.421102 0.012080 0.029879
3 0.422532 0.372082 0.014181 0.025210
5 0.493960 0.292250 0.012080 0.026144
3 0.429884 0.336601 0.012080 0.021475
3 0.450368 0.349673 0.012080 0.021475
4 0.470063 0.267507 0.013655 0.032680
5 0.543067 0.229225 0.013655 0.030812
