5 0.641544 0.500467 0.037290 0.070962
5 0.652574 0.843137 0.082458 0.145658
5 0.568015 0.297386 0.014181 0.038282
0 0.501313 0.178338 0.099265 0.126984
3 0.425683 0.272642 0.012080 0.020542
5 0.442227 0.258170 0.017857 0.032680
6 0.670693 0.767040 0.034664 0.058824
5 0.200368 0.408030 0.137080 0.059757
3 0.409401 0.547619 0.019433 0.038282
4 0.519433 0.391690 0.019958 0.060691
3 0.562763 0.266573 0.015231 0.032680
3 0.507353 0.291317 0.011555 0.020542
0 0.532300 0.288049 0.008929 0.021475
3 0.503676 0.308590 0.008403 0.015873
3 0.520483 0.638655 0.021008 0.054155
1 0.665966 0.758170 0.022059 0.037348
3 0.421744 0.409897 0.014706 0.026144
3 0.480830 0.255369 0.008929 0.017740
3 0.806460 0.324463 0.034139 0.027077
3 0.420956 0.281513 0.015231 0.021475
