5 0.662290 0.369748 0.019958 0.039216
3 0.549107 0.242297 0.021534 0.045752
0 0.479254 0.105976 0.104517 0.172736
3 0.579044 0.383287 0.018382 0.038282
3 0.575368 0.436041 0.020483 0.029879
3 0.348477 0.268908 0.032038 0.024276
3 0.648634 0.187675 0.018908 0.028011
4 0.571166 0.258170 0.011029 0.021475
3 0.471113 0.450047 0.016807 0.037348
3 0.347952 0.592437 0.034139 0.056956
3 0.400210 0.466853 0.025210 0.044818
3 0.425420 0.374416 0.013655 0.037348
3 0.467174 0.345938 0.012080 0.032680
4 0.491071 0.300187 0.017857 0.042017
8 0.635767 0.684874 0.049895 0.118581
5 0.555935 0.151727 0.014181 0.030812
