5 0.635767 0.521008 0.037290 0.070962
5 0.527311 0.420168 0.022059 0.057890
5 0.597164 0.298786 0.015756 0.039216
0 0.535452 0.182540 0.096113 0.127918
5 0.808298 0.317460 0.072479 0.050420
3 0.455095 0.274043 0.012080 0.021475
5 0.475053 0.256303 0.018382 0.032680
6 0.547006 0.482260 0.018382 0.027077
5 0.858981 0.439776 0.137080 0.059757
3 0.671481 0.436041 0.038340 0.029879
8 0.407826 0.807656 0.067752 0.179272
4 0.540704 0.277778 0.016282 0.028945
3 0.596376 0.266573 0.015231 0.032680
3 0.528887 0.323063 0.014706 0.022409
1 0.544380 0.463119 0.014181 0.022409
3 0.154674 0.852941 0.048845 0.083100
3 0.486607 0.292717 0.012080 0.021475
3 0.563288 0.267974 0.015231 0.020542
3 0.210347 0.294585 0.021534 0.021475
3 0.449055 0.277778 0.011555 0.015873
3 0.483456 0.265640 0.015231 0.019608
