5 0.600315 0.491130 0.017857 0.041083
3 0.587710 0.672269 0.073529 0.123249
0 0.485819 0.097106 0.082983 0.162465
3 0.260767 0.857143 0.038340 0.054155
3 0.641544 0.436975 0.047794 0.042951
5 0.056460 0.955649 0.112920 0.086835
3 0.429884 0.641923 0.016282 0.038282
3 0.766544 0.455649 0.023634 0.028011
3 0.705620 0.284314 0.014181 0.025210
4 0.541754 0.351074 0.009979 0.016807
3 0.455095 0.292250 0.008929 0.016807
3 0.465599 0.263305 0.007878 0.014939
5 0.439076 0.208217 0.013655 0.028011
3 0.474790 0.271709 0.008403 0.014939
3 0.454044 0.243697 0.008929 0.014939
3 0.495273 0.210551 0.009454 0.014006
3 0.459559 0.224090 0.009454 0.016807
3 0.487395 0.190476 0.006303 0.011204
5 0.508141 0.382820 0.012080 0.031746
3 0.467174 0.213352 0.008929 0.015873
3 0.467962 0.246499 0.009454 0.014939
5 0.544905 0.240430 0.013130 0.030812
