5 0.596113 0.459384 0.017857 0.041083
3 0.620011 0.710084 0.084559 0.131653
0 0.486082 0.091970 0.083508 0.159664
3 0.407300 0.836134 0.018382 0.056956
3 0.312237 0.750700 0.033088 0.052288
3 0.558036 0.406162 0.047794 0.042951
5 0.132090 0.885154 0.168592 0.177404
3 0.441176 0.500000 0.015756 0.028945
3 0.687763 0.420168 0.023634 0.028011
3 0.779674 0.284314 0.014181 0.025210
0 0.235819 0.901494 0.019958 0.036415
4 0.541492 0.338002 0.009454 0.016807
3 0.456933 0.255836 0.008403 0.016807
3 0.466649 0.231559 0.006828 0.013072
5 0.438550 0.194211 0.013655 0.028011
3 0.474265 0.246032 0.009454 0.015873
3 0.459034 0.211018 0.008403 0.014939
3 0.494748 0.208217 0.009454 0.014939
3 0.463761 0.194211 0.008403 0.016807
3 0.486082 0.190943 0.007878 0.012138
5 0.511292 0.396825 0.014181 0.039216
3 0.469275 0.187208 0.007878 0.015873
3 0.469013 0.216620 0.009454 0.014939
5 0.545168 0.235294 0.012605 0.029879
