5 0.644170 0.522876 0.037290 0.070962
5 0.525735 0.566760 0.035714 0.078431
5 0.566439 0.302988 0.015231 0.038282
0 0.500000 0.178338 0.111345 0.126984
5 0.949055 0.338002 0.072479 0.050420
3 0.420431 0.278711 0.012080 0.021475
5 0.438813 0.260504 0.018382 0.031746
6 0.580095 0.586368 0.021534 0.044818
5 0.513393 0.426704 0.137080 0.059757
3 0.323267 0.431373 0.042542 0.033613
4 0.509454 0.322596 0.016807 0.032680
3 0.561712 0.272176 0.015231 0.032680
3 0.502363 0.255369 0.008929 0.015873
0 0.545431 0.262838 0.008929 0.021475
3 0.503151 0.273109 0.008403 0.015873
3 0.513393 0.418768 0.015231 0.038282
1 0.574842 0.575630 0.015231 0.023343
3 0.355305 0.553688 0.023634 0.039216
3 0.462447 0.278711 0.008929 0.015873
3 0.594800 0.297386 0.034139 0.027077
3 0.312237 0.296452 0.016282 0.021475
3 0.461660 0.267507 0.011555 0.015873
3 0.470588 0.254902 0.011555 0.014939
