3 0.281513 0.463119 0.047269 0.037348
3 0.049107 0.456116 0.049895 0.043884
3 0.448267 0.720822 0.038340 0.063492
5 0.645746 0.574230 0.037290 0.070962
5 0.532826 0.345005 0.017332 0.038282
5 0.599002 0.307656 0.019433 0.038282
3 0.508929 0.282446 0.008403 0.015873
0 0.533088 0.182540 0.100840 0.127918
5 0.668592 0.304855 0.064076 0.045752
3 0.493435 0.271242 0.012080 0.021475
3 0.452468 0.280579 0.012080 0.021475
3 0.466649 0.283380 0.012080 0.021475
3 0.449317 0.285714 0.012080 0.020542
5 0.472426 0.263772 0.018382 0.032680
6 0.540704 0.413632 0.016282 0.022409
8 0.465336 0.593838 0.048319 0.108310
3 0.596901 0.280579 0.015231 0.032680
3 0.537553 0.274043 0.012080 0.021475
1 0.540704 0.398693 0.012080 0.018674
3 0.462973 0.355275 0.012080 0.021475
3 0.344800 0.300187 0.018382 0.021475
3 0.399685 0.294585 0.017857 0.021475
