5 0.605042 0.504669 0.017857 0.040149
3 0.576155 0.650794 0.073529 0.123249
0 0.485557 0.099440 0.083508 0.169001
3 0.218750 0.930906 0.044643 0.056022
3 0.694065 0.454715 0.047794 0.042951
3 0.421744 0.760037 0.018908 0.052288
3 0.442752 0.561158 0.015756 0.031746
3 0.826681 0.478992 0.024160 0.028011
3 0.965599 0.446312 0.027836 0.024276
3 0.663603 0.282913 0.014181 0.024276
4 0.542805 0.358543 0.011029 0.016807
3 0.454307 0.315126 0.009454 0.017740
3 0.465074 0.280112 0.009979 0.016807
5 0.439601 0.211018 0.013655 0.028011
3 0.475840 0.286648 0.008403 0.014939
3 0.451418 0.263305 0.008929 0.014939
3 0.495798 0.205882 0.009454 0.014006
3 0.456933 0.239029 0.009454 0.016807
5 0.507616 0.375817 0.011029 0.027077
3 0.464548 0.228291 0.008929 0.015873
3 0.466912 0.263772 0.009454 0.015873
5 0.544905 0.244164 0.013130 0.030812
