3 0.307773 0.454715 0.047269 0.037348
3 0.076681 0.446779 0.050420 0.043884
3 0.454569 0.690943 0.038340 0.063492
5 0.645746 0.566760 0.037290 0.070962
5 0.533876 0.338469 0.017332 0.038282
5 0.598739 0.304855 0.016807 0.038282
3 0.507353 0.280579 0.008403 0.015873
0 0.533088 0.182540 0.100840 0.127918
5 0.661502 0.301120 0.059349 0.045752
3 0.491859 0.269374 0.012080 0.021475
3 0.451943 0.276844 0.012080 0.021475
3 0.464023 0.280579 0.012080 0.021475
3 0.446166 0.283847 0.012080 0.020542
5 0.472426 0.260971 0.018382 0.032680
6 0.540179 0.407096 0.016282 0.022409
8 0.468487 0.571429 0.048319 0.108310
3 0.974790 0.353408 0.022059 0.027077
3 0.927784 0.342670 0.020483 0.024276
3 0.597426 0.275910 0.015231 0.032680
3 0.537553 0.269374 0.012080 0.021475
1 0.540179 0.392624 0.012080 0.019608
3 0.462447 0.354342 0.012080 0.021475
3 0.337973 0.296452 0.018382 0.021475
3 0.392857 0.291783 0.017857 0.021475
