5 0.607668 0.515406 0.017857 0.039216
3 0.565389 0.636321 0.064601 0.116713
0 0.485032 0.100373 0.084559 0.170868
3 0.182511 0.979925 0.044643 0.038282
3 0.732405 0.468721 0.047794 0.042951
3 0.414128 0.880952 0.020483 0.062558
3 0.438550 0.623716 0.015756 0.031746
3 0.872899 0.495798 0.024160 0.028011
3 0.905987 0.447246 0.029412 0.024276
3 0.636029 0.282913 0.013655 0.024276
4 0.544905 0.364146 0.011029 0.016807
3 0.453782 0.333333 0.009454 0.018674
3 0.465074 0.292250 0.009979 0.016807
5 0.439601 0.213819 0.013655 0.028011
3 0.476366 0.295051 0.009454 0.014939
3 0.449317 0.276844 0.008929 0.017740
3 0.496324 0.203081 0.009454 0.014006
3 0.454569 0.252101 0.009979 0.016807
5 0.507616 0.375817 0.011029 0.027077
3 0.462447 0.237628 0.008929 0.015873
3 0.466912 0.273576 0.009454 0.016807
4 0.481355 0.193744 0.007878 0.015873
5 0.544905 0.246032 0.013130 0.030812
