5 0.679884 0.495798 0.037290 0.070962
5 0.568015 0.306723 0.022584 0.042017
0 0.488183 0.180672 0.094013 0.127918
3 0.422006 0.272642 0.012080 0.020542
5 0.434874 0.254435 0.015756 0.027077
5 0.479254 0.843137 0.051996 0.244631
3 0.458246 0.401961 0.012080 0.023343
4 0.554359 0.466387 0.029937 0.071895
3 0.556723 0.265173 0.015756 0.031746
3 0.522059 0.336134 0.011555 0.020542
0 0.528624 0.316993 0.008929 0.021475
3 0.513393 0.358543 0.012080 0.020542
3 0.456933 0.336601 0.011555 0.021475
3 0.469800 0.274510 0.015231 0.020542
