5 0.647321 0.498599 0.037290 0.070962
5 0.570116 0.297852 0.016282 0.041083
0 0.503414 0.179739 0.094013 0.127918
3 0.426733 0.269841 0.012080 0.020542
5 0.443803 0.251634 0.017857 0.032680
6 0.748162 0.897292 0.046744 0.078431
5 0.103204 0.407096 0.137080 0.059757
3 0.429097 0.475257 0.015756 0.026144
4 0.531775 0.418301 0.023634 0.065359
3 0.562237 0.265640 0.015231 0.032680
3 0.512605 0.304855 0.011555 0.021475
0 0.530200 0.293651 0.008929 0.021475
3 0.503414 0.323063 0.012080 0.020542
3 0.530987 0.821662 0.025210 0.070962
1 0.739233 0.879552 0.022584 0.037348
3 0.437237 0.371148 0.012080 0.021475
3 0.885242 0.330999 0.034139 0.027077
3 0.443015 0.275444 0.015231 0.020542
