5 0.642069 0.502334 0.037290 0.070962
5 0.622637 0.770308 0.068803 0.123249
5 0.568803 0.295518 0.014706 0.038282
0 0.500525 0.177871 0.102941 0.126050
3 0.425683 0.274043 0.012080 0.021475
5 0.442227 0.259104 0.017857 0.032680
6 0.644695 0.718021 0.032038 0.052288
5 0.253939 0.406162 0.137080 0.059757
3 0.038866 0.419701 0.042017 0.032680
3 0.395221 0.605042 0.024685 0.048553
4 0.516544 0.375350 0.018382 0.054155
3 0.562763 0.264706 0.015231 0.032680
3 0.505777 0.283847 0.011555 0.016807
0 0.533876 0.279645 0.008929 0.021475
3 0.503676 0.301120 0.008403 0.015873
3 0.516807 0.578898 0.017857 0.044818
1 0.638918 0.710084 0.021534 0.036415
3 0.414128 0.429972 0.016282 0.028945
3 0.479254 0.257703 0.008929 0.016807
3 0.770221 0.322596 0.034139 0.027077
3 0.405725 0.281513 0.015231 0.021475
