5 0.664916 0.367880 0.019958 0.041083
3 0.554359 0.226424 0.021534 0.045752
0 0.482143 0.110644 0.109244 0.172736
3 0.563550 0.337068 0.014706 0.028011
3 0.558036 0.381419 0.020483 0.028945
3 0.187763 0.267040 0.032038 0.024276
3 0.594013 0.172736 0.018908 0.028011
4 0.572742 0.268441 0.011029 0.021475
3 0.471376 0.530345 0.017332 0.044818
3 0.273897 0.725957 0.051996 0.075630
3 0.366859 0.552288 0.035189 0.055089
3 0.409926 0.441643 0.019433 0.044818
3 0.469013 0.386555 0.013655 0.035481
4 0.494485 0.336601 0.020483 0.047619
8 0.613183 0.578898 0.047794 0.102708
5 0.557511 0.148926 0.014181 0.030812
