3 0.425158 0.427638 0.046744 0.037348
3 0.189863 0.417367 0.050945 0.044818
3 0.477941 0.596639 0.033613 0.044818
5 0.646271 0.540616 0.037290 0.070962
5 0.536765 0.311391 0.014706 0.034547
5 0.599002 0.288982 0.016282 0.038282
3 0.502363 0.276377 0.011029 0.020542
0 0.533088 0.182540 0.100840 0.127918
5 0.638393 0.282913 0.049895 0.044818
3 0.485557 0.261905 0.012080 0.021475
3 0.451418 0.264706 0.012080 0.021475
3 0.450368 0.270308 0.012080 0.021475
3 0.429884 0.274977 0.015231 0.021475
5 0.472952 0.250700 0.018382 0.032680
6 0.537290 0.383754 0.015756 0.022409
8 0.475315 0.509337 0.037815 0.088702
3 0.927521 0.329599 0.022059 0.028011
3 0.880252 0.319328 0.021008 0.024276
3 0.597426 0.262838 0.015231 0.032680
1 0.537027 0.369281 0.012080 0.017740
3 0.457721 0.350607 0.012080 0.021475
3 0.308036 0.282446 0.018382 0.021475
3 0.372899 0.280579 0.017857 0.021475
