5 0.669380 0.493931 0.037290 0.070962
5 0.572216 0.297386 0.021534 0.043884
0 0.491859 0.176937 0.094013 0.127918
3 0.426208 0.268441 0.012080 0.021475
5 0.442489 0.253501 0.015231 0.027077
5 0.430410 0.925770 0.051996 0.144725
3 0.444853 0.435107 0.013655 0.024276
4 0.543067 0.442577 0.027311 0.069094
3 0.562237 0.261438 0.015231 0.031746
3 0.518908 0.319328 0.011555 0.020542
0 0.530725 0.301120 0.008929 0.021475
3 0.509716 0.338002 0.012080 0.020542
3 0.453782 0.349673 0.011555 0.021475
3 0.959296 0.333333 0.034139 0.028011
3 0.459821 0.270775 0.015231 0.020542
