5 0.684349 0.485994 0.036765 0.070028
5 0.565389 0.302988 0.022584 0.042017
0 0.488708 0.168067 0.094013 0.128852
3 0.425683 0.267040 0.012080 0.020542
5 0.438288 0.250700 0.015231 0.032680
4 0.575368 0.358077 0.011029 0.021475
3 0.443277 0.828198 0.024160 0.085901
5 0.496849 0.652194 0.032563 0.148459
3 0.471901 0.359944 0.009979 0.021475
4 0.567227 0.504669 0.030462 0.071895
3 0.555410 0.257236 0.018382 0.032680
0 0.534401 0.330999 0.008929 0.021475
3 0.465336 0.311858 0.011555 0.026144
3 0.515231 0.258637 0.009454 0.020542
3 0.486082 0.272642 0.015231 0.020542
