5 0.629202 0.436975 0.019958 0.041083
3 0.534664 0.331933 0.026261 0.068161
0 0.483193 0.101307 0.090336 0.172736
3 0.582195 0.558357 0.023634 0.042951
3 0.611345 0.662932 0.036765 0.057890
3 0.621324 0.338469 0.031513 0.023343
3 0.760242 0.245098 0.018382 0.027077
4 0.553046 0.296919 0.009454 0.020542
3 0.407300 0.637255 0.020483 0.051354
3 0.454569 0.403361 0.014181 0.031746
5 0.431460 0.164799 0.014181 0.030812
3 0.512868 0.246032 0.009979 0.017740
3 0.392069 0.470588 0.019433 0.037348
3 0.412553 0.398693 0.015231 0.033613
5 0.497637 0.208683 0.012080 0.025210
3 0.422532 0.343604 0.012080 0.026144
3 0.449842 0.340803 0.012080 0.024276
4 0.475315 0.267974 0.014706 0.035481
5 0.547006 0.181606 0.014181 0.030812
