5 0.663603 0.368347 0.020483 0.040149
3 0.551208 0.226424 0.021534 0.045752
0 0.480830 0.108777 0.107668 0.172736
3 0.569590 0.353408 0.018382 0.038282
3 0.564863 0.401494 0.020483 0.029879
3 0.262342 0.266106 0.032038 0.024276
3 0.670431 0.206816 0.018382 0.028945
4 0.572216 0.263772 0.011029 0.021475
3 0.471376 0.487395 0.017332 0.041083
3 0.313813 0.657796 0.042542 0.066293
3 0.384716 0.508403 0.028887 0.049486
3 0.418067 0.409430 0.016807 0.040149
3 0.469013 0.365079 0.012605 0.033613
4 0.492910 0.320261 0.019433 0.044818
8 0.621849 0.619514 0.052521 0.112979
5 0.556985 0.147059 0.014181 0.030812
