5 0.632090 0.527544 0.037290 0.070962
5 0.524685 0.404295 0.019958 0.048553
5 0.596113 0.299253 0.016807 0.038282
0 0.533613 0.182540 0.099790 0.127918
5 0.785189 0.317460 0.072479 0.050420
3 0.452994 0.273109 0.012080 0.021475
3 0.491334 0.258170 0.009979 0.015873
5 0.471901 0.255369 0.018382 0.032680
6 0.541754 0.473856 0.018382 0.027077
5 0.933036 0.453782 0.132878 0.059757
3 0.748162 0.448179 0.038340 0.029879
8 0.414653 0.748833 0.066702 0.141923
4 0.540704 0.275444 0.016282 0.031746
3 0.595851 0.269374 0.015231 0.032680
3 0.526786 0.308123 0.014706 0.022409
1 0.538603 0.460317 0.012080 0.026144
3 0.052258 0.979925 0.065651 0.034547
3 0.482405 0.298319 0.012080 0.021475
3 0.556985 0.265640 0.012080 0.019608
3 0.179884 0.298319 0.021534 0.021475
3 0.436187 0.280112 0.013130 0.016807
3 0.474527 0.273576 0.015231 0.020542
