3 0.098214 0.450980 0.047269 0.037348
3 0.399160 0.850607 0.046218 0.076564
5 0.641019 0.576097 0.037290 0.070962
5 0.528624 0.373016 0.017332 0.038282
5 0.596639 0.310924 0.018908 0.039216
3 0.514181 0.270308 0.008403 0.015873
0 0.533088 0.182540 0.100840 0.127918
5 0.710084 0.319795 0.066176 0.049486
3 0.502363 0.265640 0.012080 0.021475
3 0.452994 0.283380 0.012080 0.021475
3 0.484244 0.277778 0.011555 0.019608
3 0.472689 0.282446 0.011555 0.021475
5 0.472426 0.266573 0.018382 0.032680
6 0.543592 0.447246 0.017857 0.022409
8 0.439601 0.662465 0.054622 0.116713
4 0.542279 0.267974 0.011029 0.022409
3 0.596901 0.278711 0.015231 0.032680
3 0.533876 0.288049 0.012080 0.021475
1 0.542542 0.433707 0.012605 0.021475
3 0.471376 0.333800 0.012080 0.021475
3 0.551208 0.260971 0.009979 0.015873
3 0.063813 0.316993 0.021534 0.021475
3 0.385767 0.294585 0.018382 0.021475
3 0.436975 0.290383 0.017857 0.020542
