3 0.084559 0.448179 0.047269 0.037348
3 0.395221 0.855742 0.048845 0.077498
5 0.639968 0.571429 0.037290 0.070962
5 0.528099 0.373950 0.017332 0.038282
5 0.596639 0.309991 0.018908 0.039216
3 0.514706 0.268441 0.008403 0.015873
0 0.533088 0.182540 0.100840 0.127918
5 0.714286 0.318861 0.066176 0.049486
3 0.502889 0.264706 0.012080 0.021475
3 0.452994 0.281513 0.012080 0.021475
3 0.485819 0.275910 0.011555 0.019608
3 0.474265 0.280579 0.011555 0.021475
5 0.472426 0.265640 0.018382 0.032680
6 0.543592 0.449113 0.017857 0.022409
8 0.436975 0.663866 0.056723 0.119514
4 0.542542 0.267507 0.011555 0.025210
3 0.596901 0.277778 0.015231 0.032680
3 0.532826 0.289916 0.012080 0.021475
1 0.542542 0.441176 0.012605 0.021475
3 0.472426 0.330999 0.012080 0.021475
3 0.551208 0.260971 0.009979 0.015873
3 0.071166 0.315126 0.021534 0.021475
3 0.388918 0.292717 0.018382 0.021475
3 0.439863 0.288515 0.017332 0.020542
