5 0.608718 0.519141 0.017857 0.039216
3 0.560662 0.631653 0.058298 0.112979
0 0.484769 0.100840 0.085084 0.171802
3 0.744485 0.472456 0.047794 0.042951
3 0.411239 0.921102 0.021008 0.070028
3 0.437500 0.645658 0.015756 0.034547
3 0.887080 0.501401 0.024160 0.028011
3 0.887605 0.448179 0.029412 0.024276
3 0.629202 0.281046 0.013655 0.024276
4 0.545431 0.365079 0.011029 0.016807
3 0.453782 0.338936 0.009454 0.018674
3 0.465074 0.295051 0.009979 0.016807
5 0.439601 0.214753 0.013655 0.028011
3 0.476628 0.296919 0.009979 0.014939
3 0.448529 0.280112 0.009454 0.018674
3 0.496324 0.202148 0.009454 0.014006
3 0.453782 0.255836 0.009454 0.016807
5 0.507616 0.375817 0.011029 0.027077
3 0.461397 0.240430 0.008929 0.015873
3 0.466912 0.276377 0.009454 0.016807
4 0.481092 0.197012 0.008403 0.016807
5 0.544905 0.246965 0.013130 0.030812
