5 0.648634 0.523343 0.036765 0.070028
5 0.541229 0.595238 0.043592 0.081232
5 0.570116 0.303922 0.015231 0.038282
0 0.500525 0.177871 0.109244 0.126050
3 0.422006 0.279645 0.012080 0.021475
5 0.440914 0.260504 0.018382 0.031746
6 0.591124 0.604108 0.021534 0.046685
5 0.478729 0.425770 0.137080 0.059757
3 0.287553 0.432306 0.042542 0.033613
4 0.514706 0.330532 0.018908 0.037348
3 0.564338 0.272176 0.015231 0.032680
3 0.506040 0.261905 0.008929 0.015873
0 0.547006 0.266573 0.008929 0.021475
3 0.505777 0.278711 0.008403 0.015873
3 0.514968 0.434641 0.015231 0.038282
1 0.586660 0.592904 0.016807 0.026144
3 0.371324 0.532213 0.022059 0.037348
3 0.467174 0.277778 0.008929 0.015873
3 0.615284 0.302054 0.034139 0.027077
3 0.330095 0.296452 0.015231 0.021475
3 0.466912 0.264706 0.011555 0.015873
3 0.473477 0.254902 0.011029 0.014939
