5 0.643908 0.413632 0.019958 0.041083
3 0.538340 0.307190 0.026261 0.067227
0 0.481092 0.101307 0.094538 0.172736
3 0.591649 0.514472 0.023634 0.042951
3 0.611082 0.604108 0.032038 0.042951
3 0.574580 0.324463 0.031513 0.023343
3 0.737132 0.226424 0.018382 0.027077
4 0.562237 0.286181 0.009979 0.019608
3 0.419905 0.677871 0.021534 0.057890
3 0.457721 0.410364 0.015231 0.032680
5 0.432511 0.161064 0.012080 0.030812
3 0.518120 0.232960 0.009979 0.017740
3 0.395483 0.497199 0.019958 0.043884
3 0.413603 0.410364 0.015231 0.036415
5 0.502626 0.198413 0.011555 0.023343
3 0.424632 0.345938 0.012080 0.028945
3 0.453519 0.341737 0.012080 0.026144
4 0.480830 0.269374 0.015231 0.036415
5 0.552784 0.174136 0.014181 0.030812
