3 0.375788 0.436975 0.046744 0.037348
3 0.143120 0.425770 0.050945 0.044818
3 0.469275 0.632586 0.035189 0.051354
5 0.646271 0.550887 0.037290 0.070962
5 0.536765 0.322129 0.015756 0.037348
5 0.598477 0.295518 0.015231 0.038282
3 0.504989 0.278711 0.008929 0.015873
0 0.533088 0.182540 0.100840 0.127918
5 0.645746 0.291317 0.049895 0.044818
3 0.488183 0.264706 0.012080 0.021475
3 0.451418 0.268441 0.012080 0.021475
3 0.456670 0.274043 0.012080 0.021475
3 0.438288 0.277311 0.014181 0.020542
5 0.472426 0.254435 0.018382 0.032680
6 0.538603 0.394024 0.016282 0.022409
8 0.472952 0.530812 0.042542 0.099907
3 0.946954 0.339402 0.022059 0.027077
3 0.899947 0.328665 0.020483 0.024276
3 0.598477 0.266573 0.015231 0.032680
3 0.540179 0.259104 0.012080 0.021475
1 0.538078 0.378618 0.012080 0.017740
3 0.460347 0.351541 0.012080 0.021475
3 0.321166 0.287115 0.018382 0.021475
3 0.379202 0.285247 0.017857 0.021475
