5 0.662027 0.369748 0.020483 0.039216
3 0.549107 0.242297 0.021534 0.045752
0 0.478992 0.105976 0.103992 0.172736
3 0.580095 0.385154 0.018382 0.038282
3 0.575893 0.439309 0.021534 0.032680
3 0.355830 0.268908 0.032038 0.024276
3 0.651786 0.188142 0.018908 0.027077
4 0.571166 0.258170 0.011029 0.021475
3 0.471113 0.446779 0.016807 0.036415
3 0.350578 0.587302 0.033088 0.056022
3 0.401261 0.463119 0.025210 0.044818
3 0.425945 0.371615 0.013655 0.037348
3 0.466649 0.345938 0.012080 0.032680
4 0.490809 0.297852 0.018382 0.041083
8 0.637342 0.690943 0.056197 0.125117
5 0.555410 0.152661 0.014181 0.030812
