5 0.666229 0.526144 0.037290 0.070028
5 0.536502 0.471989 0.027836 0.077498
5 0.607405 0.301120 0.015231 0.038282
0 0.544380 0.182540 0.094013 0.127918
5 0.915966 0.329599 0.072479 0.050420
3 0.466124 0.274043 0.012080 0.021475
5 0.482931 0.256303 0.018382 0.032680
6 0.578782 0.535481 0.017857 0.032680
5 0.677784 0.426704 0.137080 0.059757
3 0.499737 0.425770 0.038340 0.029879
4 0.550158 0.299253 0.015231 0.032680
3 0.604779 0.269374 0.015231 0.032680
3 0.550158 0.257236 0.008929 0.015873
3 0.542279 0.370215 0.015231 0.038282
1 0.573792 0.526144 0.015231 0.021475
3 0.323004 0.643791 0.033613 0.055089
3 0.501838 0.283380 0.008929 0.015873
3 0.595326 0.284781 0.015231 0.020542
3 0.294905 0.294118 0.021534 0.022409
3 0.486345 0.273109 0.011555 0.015873
3 0.506040 0.259570 0.012080 0.014939
