5 0.596113 0.477124 0.017857 0.041083
3 0.606618 0.702148 0.074580 0.123249
0 0.486082 0.094304 0.083508 0.156863
3 0.398372 0.951914 0.021534 0.064426
3 0.300158 0.788515 0.034139 0.053221
3 0.583771 0.417367 0.047794 0.042951
5 0.102153 0.914099 0.170693 0.169935
3 0.437763 0.544818 0.016282 0.028945
3 0.710347 0.436975 0.023634 0.028011
3 0.755515 0.288049 0.014181 0.025210
0 0.243960 0.933240 0.018382 0.034547
4 0.540704 0.343137 0.008929 0.015873
3 0.456408 0.270775 0.008403 0.016807
3 0.465074 0.247432 0.006828 0.013072
5 0.438550 0.204482 0.013655 0.028011
3 0.474002 0.260037 0.009979 0.015873
3 0.458246 0.225957 0.008929 0.014939
3 0.493172 0.216620 0.009454 0.014939
3 0.462710 0.209150 0.009454 0.016807
3 0.486082 0.197946 0.007878 0.011204
5 0.510242 0.394024 0.014181 0.039216
3 0.467700 0.202148 0.008929 0.015873
3 0.468487 0.231559 0.009454 0.014939
5 0.545168 0.237162 0.012605 0.029879
