5 0.661502 0.371615 0.020483 0.039216
3 0.551733 0.245098 0.021534 0.045752
0 0.478204 0.104108 0.102416 0.172736
3 0.587447 0.401027 0.018382 0.038282
3 0.584296 0.466387 0.026786 0.042017
3 0.410977 0.270775 0.032038 0.024276
3 0.673319 0.191877 0.018908 0.027077
4 0.570641 0.254435 0.011029 0.021475
3 0.425420 0.871615 0.032563 0.090570
3 0.471113 0.426237 0.015756 0.034547
3 0.368960 0.549953 0.028887 0.050420
3 0.409401 0.439776 0.023634 0.042951
3 0.429359 0.357143 0.012080 0.036415
3 0.463498 0.345005 0.012080 0.030812
4 0.489758 0.285714 0.017332 0.039216
8 0.648372 0.742764 0.062500 0.139122
5 0.554884 0.155462 0.014181 0.030812
