5 0.613971 0.562558 0.016807 0.038282
3 0.537815 0.573296 0.031513 0.082166
0 0.483981 0.109244 0.088761 0.188609
3 0.940389 0.542484 0.055147 0.052288
3 0.575105 0.458450 0.026261 0.024276
9 0.572216 0.806256 0.011029 0.038282
1 0.571166 0.806723 0.007878 0.028011
3 0.545431 0.268908 0.014181 0.022409
4 0.544905 0.376284 0.009979 0.018674
3 0.443803 0.425303 0.009454 0.017740
3 0.456408 0.367880 0.009454 0.016807
5 0.435137 0.218487 0.014181 0.028011
3 0.479517 0.335668 0.013655 0.015873
3 0.433298 0.371615 0.009454 0.020542
3 0.438025 0.331933 0.009454 0.021475
5 0.499737 0.345005 0.012080 0.027077
3 0.445378 0.305789 0.009454 0.017740
3 0.458508 0.336134 0.009454 0.016807
4 0.476103 0.248833 0.009979 0.023343
5 0.544905 0.253501 0.013130 0.030812
