5 0.679884 0.407563 0.037290 0.070028
5 0.563550 0.235294 0.022059 0.044818
0 0.486870 0.137255 0.110294 0.192344
3 0.429359 0.193277 0.012080 0.020542
5 0.439338 0.177404 0.015231 0.031746
4 0.576418 0.303922 0.011029 0.021475
3 0.177521 0.898693 0.072479 0.105509
3 0.449842 0.658730 0.023634 0.066293
5 0.495273 0.520542 0.032563 0.124183
3 0.472952 0.270308 0.011029 0.021475
4 0.573792 0.457516 0.032038 0.076564
3 0.558824 0.196078 0.015756 0.031746
0 0.538078 0.260971 0.008929 0.021475
3 0.467962 0.240896 0.011555 0.026144
3 0.521796 0.186741 0.011029 0.020542
3 0.492910 0.204015 0.015231 0.019608
