5 0.671744 0.380019 0.019958 0.046685
3 0.557511 0.217087 0.021534 0.045752
0 0.484506 0.115313 0.113971 0.172736
3 0.549895 0.306256 0.014706 0.028011
3 0.548845 0.350607 0.021008 0.028945
3 0.045956 0.277311 0.032038 0.024276
3 0.565914 0.168534 0.014181 0.019608
4 0.573792 0.275910 0.011029 0.021475
3 0.469013 0.646592 0.021008 0.062558
3 0.142332 0.900093 0.077731 0.097106
3 0.310137 0.670401 0.043592 0.074697
3 0.378676 0.534080 0.029412 0.052288
3 0.467174 0.442110 0.015231 0.042017
4 0.497111 0.366480 0.021534 0.051354
8 0.603729 0.529879 0.044643 0.099907
5 0.560662 0.147993 0.014181 0.030812
