5 0.613445 0.559757 0.016807 0.038282
3 0.541492 0.595238 0.036765 0.101774
0 0.483981 0.105976 0.088761 0.182073
3 0.883666 0.524743 0.055147 0.052288
3 0.664391 0.460317 0.029412 0.024276
9 0.580095 0.866947 0.011029 0.038282
1 0.579569 0.869281 0.007878 0.028011
3 0.562237 0.278711 0.014181 0.021475
4 0.545431 0.380486 0.009979 0.017740
3 0.445116 0.419701 0.011029 0.027077
3 0.459034 0.350140 0.009454 0.016807
5 0.436450 0.221289 0.013655 0.028011
3 0.477941 0.328665 0.011555 0.014939
3 0.438025 0.347339 0.009454 0.020542
3 0.493435 0.200280 0.009979 0.014006
3 0.443015 0.311858 0.009979 0.018674
5 0.501838 0.354342 0.012080 0.027077
3 0.450105 0.288982 0.009454 0.017740
3 0.461134 0.322129 0.009454 0.016807
4 0.477941 0.236695 0.010504 0.021475
5 0.544905 0.251634 0.013130 0.030812
