5 0.663866 0.368347 0.019958 0.040149
3 0.551208 0.226424 0.021534 0.045752
0 0.480830 0.108777 0.107668 0.172736
3 0.568540 0.349673 0.018382 0.038282
3 0.564338 0.398693 0.020483 0.029879
3 0.254464 0.265173 0.032038 0.024276
3 0.614758 0.180672 0.018382 0.028945
4 0.572216 0.264706 0.011029 0.021475
3 0.471376 0.492530 0.017332 0.042017
3 0.309611 0.665266 0.043592 0.066293
3 0.382878 0.513539 0.029412 0.050420
3 0.417279 0.413165 0.017332 0.040149
3 0.469013 0.366947 0.012605 0.033613
4 0.492910 0.322129 0.019433 0.044818
8 0.620536 0.613912 0.051996 0.111111
5 0.557511 0.147059 0.014181 0.030812
