5 0.641019 0.500467 0.037290 0.070962
5 0.649422 0.835668 0.081408 0.143791
5 0.568277 0.297386 0.014706 0.038282
0 0.501050 0.178338 0.099790 0.126984
3 0.425683 0.272642 0.012080 0.020542
5 0.442227 0.258170 0.017857 0.032680
6 0.668067 0.761438 0.034664 0.058824
5 0.205620 0.406162 0.137080 0.059757
3 0.408088 0.552754 0.019958 0.039216
4 0.518908 0.389823 0.019958 0.060691
3 0.562763 0.266573 0.015231 0.032680
3 0.507090 0.290850 0.012080 0.019608
0 0.532300 0.288049 0.008929 0.021475
3 0.503676 0.307656 0.008403 0.015873
3 0.519958 0.632586 0.021008 0.053221
1 0.663078 0.752568 0.021534 0.037348
3 0.421218 0.412232 0.014706 0.027077
3 0.480830 0.256303 0.008929 0.017740
3 0.802784 0.324463 0.034139 0.027077
3 0.419905 0.281513 0.015231 0.021475
