5 0.661502 0.377218 0.020483 0.039216
3 0.551733 0.245098 0.021534 0.045752
0 0.477679 0.103175 0.101366 0.172736
3 0.589023 0.410364 0.018382 0.038282
3 0.589548 0.480392 0.026786 0.042017
3 0.436187 0.276377 0.032038 0.024276
3 0.681460 0.193744 0.018382 0.027077
4 0.570641 0.253501 0.011029 0.021475
3 0.426733 0.825864 0.032038 0.083100
3 0.471376 0.417834 0.015231 0.032680
3 0.520483 0.195612 0.009454 0.015873
3 0.376838 0.534547 0.026786 0.047619
3 0.413078 0.429972 0.022584 0.042017
3 0.429884 0.350607 0.012080 0.036415
3 0.462447 0.344538 0.012080 0.029879
4 0.488971 0.279645 0.016807 0.038282
8 0.652574 0.768908 0.063550 0.144725
5 0.554359 0.156396 0.014181 0.030812
