3 0.169118 0.467787 0.047269 0.037348
3 0.420431 0.815593 0.037290 0.075630
5 0.644958 0.591036 0.036765 0.070962
5 0.531250 0.370215 0.017332 0.038282
5 0.596901 0.322129 0.018382 0.039216
3 0.512605 0.282446 0.008403 0.015873
0 0.533088 0.182540 0.100840 0.127918
5 0.689601 0.324463 0.066176 0.049486
3 0.498687 0.273109 0.012080 0.021475
3 0.450368 0.290850 0.012080 0.021475
3 0.476891 0.286648 0.011555 0.020542
3 0.461922 0.292717 0.012080 0.021475
5 0.472426 0.275910 0.018382 0.032680
6 0.543855 0.438842 0.017332 0.022409
8 0.450368 0.647526 0.048845 0.107376
4 0.542805 0.268908 0.012080 0.022409
3 0.597426 0.288982 0.015231 0.032680
3 0.535452 0.288049 0.012080 0.021475
1 0.544118 0.423903 0.012605 0.020542
3 0.467700 0.348739 0.012080 0.021475
3 0.550158 0.260971 0.009979 0.015873
3 0.023372 0.330999 0.021534 0.021475
3 0.363708 0.305789 0.018382 0.021475
3 0.418067 0.300187 0.017857 0.021475
