5 0.641019 0.500467 0.037290 0.070962
5 0.646534 0.828198 0.079832 0.141923
5 0.568277 0.297386 0.014706 0.038282
0 0.501313 0.178338 0.100315 0.126984
3 0.425683 0.273109 0.012080 0.021475
5 0.442227 0.258170 0.017857 0.032680
6 0.665179 0.756303 0.034139 0.057890
5 0.210872 0.405229 0.137080 0.059757
3 0.406775 0.558357 0.020483 0.041083
4 0.518120 0.388889 0.019433 0.060691
3 0.562763 0.266573 0.015231 0.032680
3 0.506828 0.289916 0.011555 0.019608
0 0.532300 0.288049 0.008929 0.021475
3 0.503676 0.306723 0.008403 0.015873
3 0.519695 0.626517 0.020483 0.052288
1 0.660189 0.747899 0.022059 0.037348
3 0.420431 0.414099 0.015231 0.027077
3 0.480830 0.256303 0.008929 0.017740
3 0.799107 0.324463 0.034139 0.027077
3 0.418330 0.281513 0.015231 0.021475
