5 0.641544 0.502334 0.037290 0.070962
5 0.625525 0.777311 0.070378 0.126050
5 0.568803 0.295518 0.014706 0.038282
0 0.500525 0.177871 0.102941 0.126050
3 0.425683 0.274043 0.012080 0.021475
5 0.442227 0.259104 0.017857 0.032680
6 0.646534 0.720822 0.032563 0.052288
5 0.248687 0.407096 0.137080 0.059757
3 0.033088 0.419701 0.042017 0.032680
3 0.397059 0.598973 0.024160 0.047619
4 0.516544 0.377684 0.018382 0.056956
3 0.562763 0.264706 0.015231 0.032680
3 0.506040 0.285714 0.012080 0.016807
0 0.533351 0.280579 0.008929 0.021475
3 0.503676 0.302054 0.008403 0.015873
3 0.517069 0.584967 0.018382 0.045752
1 0.640494 0.712885 0.021534 0.036415
3 0.415179 0.428105 0.016282 0.028945
3 0.479254 0.257703 0.008929 0.016807
3 0.773897 0.322596 0.034139 0.027077
3 0.407300 0.281513 0.015231 0.021475
