5 0.615546 0.565359 0.016807 0.038282
3 0.535714 0.546685 0.028361 0.081232
0 0.483981 0.111578 0.088761 0.193277
3 0.986607 0.568627 0.024685 0.052288
3 0.483193 0.456583 0.026261 0.024276
9 0.564338 0.743697 0.011029 0.038282
1 0.563288 0.743231 0.007878 0.028011
3 0.532826 0.263772 0.014181 0.019608
3 0.982931 0.389356 0.020483 0.026144
4 0.544380 0.372082 0.009979 0.019608
3 0.435137 0.458450 0.011029 0.022409
3 0.453519 0.384220 0.009979 0.017740
5 0.433561 0.215686 0.014181 0.028011
3 0.482405 0.338936 0.015231 0.016807
3 0.428046 0.394491 0.009454 0.021475
3 0.432511 0.349673 0.009979 0.023343
5 0.497637 0.332866 0.012080 0.027077
3 0.440389 0.320261 0.009979 0.018674
3 0.455882 0.346405 0.009454 0.016807
4 0.474265 0.258637 0.010504 0.026144
5 0.544380 0.251634 0.013130 0.030812
