5 0.613445 0.559757 0.016807 0.038282
3 0.541492 0.593371 0.036765 0.101774
0 0.483981 0.106443 0.088761 0.183007
3 0.887868 0.526611 0.055147 0.052288
3 0.656513 0.458450 0.029412 0.024276
9 0.579569 0.862278 0.011029 0.038282
1 0.578519 0.863679 0.007878 0.028011
3 0.560137 0.275910 0.014181 0.019608
4 0.545431 0.379552 0.009979 0.017740
3 0.444590 0.422502 0.011029 0.028945
3 0.458771 0.351074 0.009979 0.016807
5 0.436450 0.221289 0.013655 0.028011
3 0.478204 0.329599 0.012080 0.014939
3 0.437500 0.349206 0.009454 0.020542
3 0.492910 0.200280 0.009979 0.014006
3 0.442489 0.313725 0.009979 0.018674
5 0.501313 0.353408 0.012080 0.027077
3 0.449842 0.290850 0.009979 0.017740
3 0.460609 0.323063 0.009454 0.016807
4 0.477941 0.237628 0.010504 0.021475
5 0.544905 0.251634 0.013130 0.030812
