3 0.077731 0.447246 0.047269 0.037348
3 0.392595 0.860878 0.048845 0.078431
5 0.639443 0.569561 0.037290 0.070962
5 0.527574 0.374883 0.017332 0.038282
5 0.596376 0.309057 0.018382 0.039216
3 0.515231 0.267507 0.008403 0.015873
0 0.533088 0.182540 0.100840 0.127918
5 0.716387 0.317927 0.066176 0.049486
3 0.503414 0.263772 0.012080 0.021475
3 0.452994 0.280579 0.012080 0.021475
3 0.486345 0.274977 0.011555 0.019608
3 0.475053 0.279645 0.011029 0.021475
5 0.471901 0.264706 0.018382 0.032680
6 0.543592 0.450980 0.017857 0.022409
8 0.436450 0.665733 0.056723 0.119514
4 0.542805 0.267507 0.012080 0.027077
3 0.596376 0.277778 0.015231 0.032680
3 0.532300 0.290850 0.012080 0.021475
1 0.543067 0.444911 0.012605 0.021475
3 0.472952 0.330065 0.012080 0.021475
3 0.551208 0.260971 0.009979 0.015873
3 0.074842 0.314192 0.021534 0.021475
3 0.391019 0.292717 0.018382 0.021475
3 0.441176 0.288515 0.016807 0.020542
