5 0.646271 0.520075 0.037290 0.070962
5 0.529937 0.438842 0.025210 0.067227
5 0.600578 0.299253 0.015231 0.040149
0 0.538603 0.183473 0.094013 0.127918
5 0.852416 0.317460 0.072479 0.050420
3 0.457721 0.271242 0.012080 0.021475
5 0.478729 0.254435 0.018382 0.032680
6 0.558298 0.506536 0.017857 0.027077
5 0.776523 0.429505 0.137080 0.059757
3 0.590599 0.427638 0.038340 0.029879
8 0.403361 0.902894 0.068277 0.179272
4 0.543330 0.290850 0.015231 0.032680
3 0.599002 0.266573 0.015231 0.032680
3 0.531513 0.334267 0.014706 0.022409
1 0.554884 0.493464 0.015231 0.021475
3 0.239496 0.736228 0.033613 0.055089
3 0.492384 0.285247 0.008929 0.015873
3 0.574842 0.274510 0.015231 0.020542
3 0.249737 0.290850 0.021534 0.021475
3 0.466387 0.274043 0.011555 0.015873
3 0.495011 0.261438 0.012080 0.014939
