5 0.613971 0.562558 0.016807 0.038282
3 0.538078 0.577965 0.030987 0.082166
0 0.483981 0.108777 0.088761 0.187675
3 0.930410 0.539683 0.055147 0.052288
3 0.589286 0.457516 0.026261 0.024276
9 0.573267 0.816527 0.011029 0.038282
1 0.572742 0.816993 0.007878 0.028011
3 0.547532 0.270308 0.014181 0.023343
4 0.544905 0.376751 0.009979 0.017740
3 0.443803 0.425303 0.009454 0.017740
3 0.456933 0.365079 0.009454 0.016807
5 0.435399 0.219421 0.013655 0.028011
3 0.479254 0.334734 0.013130 0.015873
3 0.434349 0.367880 0.009454 0.020542
3 0.438813 0.328665 0.009979 0.020542
5 0.499737 0.346872 0.012080 0.027077
3 0.446166 0.302988 0.009979 0.017740
3 0.459034 0.333333 0.009454 0.016807
4 0.476628 0.246965 0.009979 0.023343
5 0.544905 0.253501 0.013130 0.030812
