5 0.684611 0.493931 0.037290 0.070962
5 0.567489 0.311391 0.022584 0.043884
0 0.487132 0.181606 0.094013 0.127918
3 0.422006 0.272642 0.012080 0.020542
5 0.435399 0.255369 0.015756 0.027077
5 0.499212 0.776844 0.051996 0.214753
3 0.463498 0.388422 0.011029 0.022409
4 0.561712 0.480392 0.029937 0.071895
3 0.556723 0.267507 0.017857 0.032680
3 0.526261 0.345472 0.011555 0.020542
0 0.530725 0.321662 0.008929 0.021475
3 0.459296 0.331933 0.012080 0.025210
3 0.505252 0.257236 0.009454 0.021475
3 0.476103 0.275444 0.015231 0.020542
