5 0.650473 0.521942 0.037290 0.070962
5 0.555410 0.633520 0.045693 0.086835
5 0.572742 0.305789 0.015231 0.038282
0 0.501313 0.177871 0.107668 0.126050
3 0.424107 0.278711 0.012080 0.021475
5 0.442489 0.260504 0.018382 0.031746
6 0.601366 0.628385 0.022059 0.048553
5 0.428309 0.422969 0.137080 0.059757
3 0.230042 0.430906 0.042017 0.032680
4 0.516544 0.338469 0.019433 0.038282
3 0.564863 0.273109 0.015231 0.032680
3 0.507090 0.268441 0.008929 0.015873
0 0.547532 0.271242 0.008929 0.021475
3 0.507878 0.287115 0.008403 0.015873
3 0.517595 0.457049 0.015231 0.038282
1 0.596901 0.615780 0.018382 0.028945
3 0.388130 0.499533 0.021008 0.037348
3 0.470851 0.274043 0.008929 0.015873
3 0.643645 0.307656 0.034139 0.027077
3 0.354254 0.296452 0.015231 0.021475
3 0.473477 0.264706 0.011029 0.015873
3 0.477153 0.253968 0.011029 0.014939
