5 0.644695 0.520075 0.037290 0.070962
5 0.529674 0.436041 0.024685 0.065359
5 0.599527 0.299253 0.015231 0.040149
0 0.538078 0.183473 0.094013 0.127918
5 0.845063 0.317460 0.072479 0.050420
3 0.456670 0.271242 0.012080 0.021475
5 0.478204 0.254435 0.018382 0.032680
6 0.556723 0.504669 0.017857 0.027077
5 0.788078 0.430439 0.137080 0.059757
3 0.602679 0.428571 0.038340 0.029879
8 0.403624 0.886088 0.067752 0.179272
4 0.543067 0.288982 0.015756 0.032680
3 0.597426 0.264706 0.015231 0.032680
3 0.530462 0.331466 0.014706 0.022409
1 0.552784 0.485061 0.015231 0.021475
3 0.227941 0.751167 0.036765 0.058824
3 0.491334 0.286181 0.008929 0.015873
3 0.572216 0.272642 0.015231 0.020542
3 0.242910 0.290850 0.021534 0.021475
3 0.464286 0.274977 0.011555 0.015873
3 0.493435 0.261438 0.012080 0.014939
