5 0.616597 0.556956 0.016807 0.038282
3 0.535714 0.518674 0.027311 0.081232
0 0.483981 0.111578 0.088761 0.193277
3 0.407826 0.447246 0.026786 0.024276
9 0.558561 0.691410 0.011029 0.038282
1 0.557511 0.690009 0.007878 0.028011
3 0.523372 0.253968 0.014181 0.018674
3 0.951943 0.368814 0.021534 0.028011
4 0.543855 0.368814 0.009979 0.020542
3 0.428046 0.486461 0.012605 0.024276
3 0.450105 0.392157 0.011555 0.020542
5 0.432511 0.213352 0.014181 0.028945
3 0.488445 0.331466 0.015756 0.016807
3 0.422006 0.409897 0.011029 0.028011
3 0.428309 0.359477 0.012080 0.024276
5 0.496061 0.315126 0.012080 0.027077
3 0.435662 0.327264 0.011029 0.019608
3 0.453519 0.347806 0.011029 0.019608
4 0.472426 0.262838 0.012080 0.028945
5 0.543855 0.242297 0.013130 0.030812
