5 0.644170 0.507003 0.037290 0.070962
5 0.596113 0.710084 0.060924 0.109244
5 0.569328 0.298319 0.014706 0.038282
0 0.501838 0.177871 0.102416 0.126050
3 0.426208 0.274043 0.012080 0.021475
5 0.441964 0.258637 0.017332 0.031746
6 0.624737 0.684874 0.027836 0.051354
5 0.312237 0.409897 0.137080 0.059757
3 0.106618 0.416900 0.042017 0.032680
3 0.371061 0.700747 0.027836 0.060691
4 0.517069 0.359010 0.019433 0.043884
3 0.563288 0.271242 0.015231 0.032680
3 0.506565 0.274977 0.009979 0.015873
0 0.538078 0.274977 0.008929 0.021475
3 0.504202 0.295518 0.008403 0.015873
3 0.517332 0.524276 0.015756 0.038282
1 0.618435 0.674136 0.019433 0.031746
3 0.405462 0.453782 0.017857 0.031746
3 0.476628 0.260971 0.008929 0.015873
3 0.726628 0.319795 0.034139 0.027077
3 0.391544 0.285247 0.015231 0.021475
