5 0.602679 0.450047 0.018382 0.041083
3 0.670431 0.757703 0.097164 0.140990
0 0.488971 0.087768 0.082983 0.156863
3 0.436975 0.652194 0.016807 0.047619
3 0.353204 0.692344 0.024685 0.043884
3 0.497899 0.390289 0.046218 0.042951
5 0.218750 0.816527 0.137080 0.163399
3 0.633929 0.400093 0.022059 0.027077
3 0.839811 0.284781 0.013655 0.024276
0 0.211922 0.877218 0.024685 0.042017
4 0.545168 0.323529 0.010504 0.017740
3 0.461660 0.235294 0.008403 0.016807
3 0.470588 0.216153 0.007353 0.012138
5 0.442752 0.190943 0.013655 0.028945
3 0.476628 0.231092 0.009979 0.014006
3 0.465074 0.193744 0.007878 0.014006
3 0.496849 0.212418 0.008403 0.014006
3 0.467700 0.183007 0.007878 0.016807
3 0.488183 0.201214 0.007878 0.017740
5 0.513918 0.404295 0.014181 0.039216
3 0.473477 0.175537 0.007878 0.014939
3 0.471639 0.202614 0.008403 0.016807
5 0.545168 0.231559 0.012605 0.029879
