5 0.602416 0.496732 0.017857 0.041083
3 0.582458 0.662932 0.073529 0.123249
0 0.485819 0.098506 0.082983 0.165266
3 0.243960 0.886088 0.044643 0.056022
3 0.663603 0.446312 0.047794 0.042951
3 0.425945 0.689542 0.016807 0.043884
3 0.444065 0.518207 0.015231 0.031746
3 0.790704 0.465920 0.023634 0.028011
3 0.687763 0.283380 0.014181 0.025210
4 0.542017 0.354342 0.010504 0.015873
3 0.454832 0.301587 0.009454 0.016807
3 0.465336 0.270308 0.009454 0.015873
5 0.439601 0.209150 0.013655 0.028011
3 0.475315 0.278245 0.008403 0.014939
3 0.452994 0.252101 0.008929 0.014939
3 0.495798 0.208683 0.009454 0.014006
3 0.458508 0.230626 0.009454 0.016807
5 0.507616 0.377684 0.011029 0.027077
3 0.466124 0.218954 0.008929 0.015873
3 0.467437 0.253035 0.009454 0.014939
5 0.544905 0.242297 0.013130 0.030812
