5 0.616071 0.558824 0.016807 0.038282
3 0.536765 0.522409 0.027311 0.081232
0 0.483981 0.111578 0.088761 0.193277
3 0.423582 0.449113 0.026786 0.024276
9 0.559611 0.701681 0.011029 0.038282
1 0.558561 0.700280 0.007878 0.028011
3 0.525473 0.255836 0.014181 0.018674
3 0.957983 0.373016 0.021008 0.027077
4 0.544118 0.369281 0.009454 0.019608
3 0.429359 0.480859 0.012080 0.024276
3 0.450893 0.390289 0.011029 0.020542
5 0.432773 0.213819 0.014706 0.028011
3 0.487132 0.332866 0.016282 0.017740
3 0.423319 0.407096 0.010504 0.026144
3 0.429097 0.357143 0.011555 0.023343
5 0.496061 0.318394 0.012080 0.026144
3 0.436712 0.325864 0.011029 0.018674
3 0.453782 0.347339 0.010504 0.018674
4 0.472689 0.261438 0.011555 0.028011
5 0.543855 0.244164 0.013130 0.030812
