5 0.643645 0.499533 0.037290 0.070962
5 0.568277 0.298786 0.014706 0.039216
0 0.502363 0.178338 0.096113 0.126984
3 0.425683 0.270775 0.012080 0.020542
5 0.442227 0.256303 0.017857 0.032680
6 0.707721 0.835668 0.046744 0.078431
5 0.144695 0.408030 0.137080 0.059757
3 0.421481 0.501401 0.017332 0.031746
4 0.526261 0.406162 0.022059 0.063492
3 0.562763 0.268441 0.015231 0.032680
3 0.509454 0.299253 0.011555 0.021475
0 0.531250 0.289916 0.008929 0.021475
3 0.503151 0.316527 0.008403 0.016807
3 0.522847 0.722689 0.023634 0.061625
1 0.700105 0.817927 0.022059 0.037348
3 0.430147 0.388422 0.013655 0.024276
3 0.849527 0.328198 0.034139 0.027077
3 0.432511 0.279645 0.015231 0.021475
