5 0.649685 0.522409 0.036765 0.070028
5 0.549632 0.618114 0.044643 0.084034
5 0.572742 0.305789 0.015231 0.038282
0 0.501050 0.177871 0.108193 0.126050
3 0.423582 0.278711 0.012080 0.021475
5 0.441964 0.260504 0.018382 0.031746
6 0.599265 0.619514 0.022059 0.047619
5 0.448792 0.423903 0.137080 0.059757
3 0.252626 0.431839 0.042017 0.032680
4 0.516544 0.335668 0.019433 0.038282
3 0.564338 0.272176 0.015231 0.032680
3 0.507090 0.265640 0.008929 0.015873
0 0.547532 0.269374 0.008929 0.021475
3 0.507353 0.284314 0.008403 0.015873
3 0.516544 0.447712 0.015231 0.038282
1 0.595326 0.607376 0.018382 0.028945
3 0.383403 0.515406 0.021008 0.037348
3 0.469275 0.274977 0.008929 0.015873
3 0.632090 0.305789 0.034139 0.027077
3 0.344800 0.296452 0.015231 0.021475
3 0.470851 0.264706 0.011029 0.015873
3 0.475578 0.253968 0.011029 0.014939
