5 0.661502 0.370682 0.020483 0.039216
3 0.549107 0.242297 0.021534 0.045752
0 0.478466 0.104108 0.102941 0.172736
3 0.586397 0.395425 0.018382 0.038282
3 0.581145 0.457983 0.026786 0.042017
3 0.394695 0.268908 0.032038 0.024276
3 0.668067 0.190943 0.018908 0.027077
4 0.570641 0.255369 0.011029 0.021475
3 0.424895 0.902428 0.032563 0.094304
3 0.471113 0.431839 0.015756 0.034547
3 0.363708 0.560691 0.029937 0.051354
3 0.407038 0.446312 0.024160 0.042951
3 0.429359 0.357143 0.012080 0.036415
3 0.464548 0.345005 0.012080 0.030812
4 0.490021 0.288982 0.017857 0.040149
8 0.645221 0.727358 0.062500 0.136321
5 0.554884 0.154528 0.014181 0.030812
