5 0.682248 0.422035 0.036765 0.070962
5 0.563813 0.249767 0.022584 0.042017
0 0.486607 0.106909 0.094013 0.129785
3 0.428309 0.202614 0.012080 0.020542
5 0.439863 0.189542 0.015231 0.031746
4 0.576418 0.311391 0.011029 0.021475
3 0.449055 0.714753 0.025210 0.070028
5 0.495273 0.561625 0.032563 0.139122
3 0.472952 0.288982 0.009979 0.021475
4 0.571691 0.455649 0.030987 0.070962
3 0.556460 0.201214 0.018382 0.032680
0 0.537027 0.272176 0.008929 0.021475
3 0.467437 0.256769 0.011555 0.026144
3 0.518908 0.201681 0.009454 0.020542
3 0.490809 0.213819 0.015231 0.020542
