5 0.631565 0.529412 0.037290 0.070962
5 0.524422 0.399627 0.019433 0.046685
5 0.596113 0.299720 0.016807 0.039216
0 0.533088 0.182540 0.100840 0.127918
5 0.777836 0.316993 0.071429 0.049486
3 0.452994 0.273109 0.012080 0.021475
3 0.490284 0.260971 0.009979 0.015873
5 0.471376 0.255369 0.018382 0.032680
6 0.541492 0.471989 0.017857 0.027077
5 0.944853 0.451914 0.108193 0.059757
3 0.768645 0.452848 0.038340 0.029879
8 0.417805 0.737628 0.066702 0.141923
4 0.539916 0.275444 0.013655 0.028011
3 0.595851 0.270308 0.015231 0.032680
3 0.527311 0.307190 0.014706 0.022409
1 0.537553 0.457516 0.012080 0.026144
3 0.479779 0.304855 0.012080 0.021475
3 0.555935 0.264706 0.012080 0.019608
3 0.169905 0.298319 0.021534 0.021475
3 0.431197 0.281979 0.014706 0.018674
3 0.471901 0.274510 0.015231 0.020542
