5 0.615546 0.472923 0.018908 0.040149
3 0.532300 0.388889 0.026786 0.083100
0 0.483981 0.105976 0.088761 0.182073
3 0.073529 0.372549 0.026261 0.024276
3 0.579044 0.661998 0.025735 0.050420
3 0.641282 0.801120 0.045168 0.065359
3 0.729779 0.379085 0.026786 0.024276
9 0.540179 0.482260 0.011029 0.032680
1 0.539391 0.482260 0.008403 0.028945
3 0.811712 0.273576 0.021534 0.028011
4 0.542805 0.320728 0.008929 0.021475
3 0.409139 0.586835 0.018908 0.042017
3 0.451943 0.401027 0.013130 0.027077
5 0.428571 0.183473 0.014706 0.030812
3 0.507616 0.273109 0.009979 0.017740
3 0.394170 0.445845 0.017332 0.034547
3 0.413866 0.387021 0.014706 0.028945
5 0.492384 0.236695 0.012080 0.025210
3 0.418855 0.340336 0.012080 0.021475
3 0.444065 0.339402 0.012080 0.021475
4 0.466124 0.265640 0.013130 0.032680
5 0.542805 0.200280 0.014181 0.030812
