5 0.612920 0.540616 0.017857 0.039216
3 0.551208 0.620915 0.043592 0.104575
0 0.484506 0.101774 0.086660 0.173669
3 0.795168 0.488329 0.051471 0.042951
3 0.430147 0.752101 0.017857 0.047619
3 0.946954 0.534547 0.024160 0.028945
3 0.815126 0.450980 0.029412 0.024276
9 0.590599 0.972456 0.015231 0.036415
1 0.589811 0.971055 0.007353 0.028011
3 0.601891 0.276377 0.013655 0.024276
4 0.546218 0.375350 0.010504 0.016807
3 0.451681 0.366947 0.009454 0.018674
3 0.463498 0.315593 0.009979 0.016807
5 0.438813 0.219421 0.013130 0.028011
3 0.476628 0.310458 0.009979 0.014006
3 0.445378 0.303455 0.009454 0.020542
3 0.495798 0.202148 0.009454 0.014006
3 0.450368 0.275444 0.009979 0.016807
5 0.507090 0.373950 0.011029 0.027077
3 0.457983 0.257703 0.009454 0.016807
3 0.465336 0.294118 0.009454 0.016807
4 0.480305 0.212885 0.009979 0.018674
5 0.544905 0.248833 0.013130 0.030812
