3 0.454044 0.421102 0.046744 0.037348
3 0.218750 0.412698 0.050945 0.044818
3 0.041754 0.409430 0.044643 0.040149
3 0.483193 0.575163 0.033613 0.044818
5 0.646271 0.535014 0.037290 0.070962
5 0.536765 0.305789 0.014706 0.032680
5 0.599790 0.286648 0.017857 0.039216
3 0.501050 0.275910 0.012605 0.023343
0 0.533088 0.182540 0.100840 0.127918
5 0.633666 0.278245 0.049895 0.044818
3 0.483981 0.260971 0.012080 0.021475
3 0.451418 0.263772 0.012080 0.021475
3 0.446691 0.268441 0.012080 0.021475
3 0.425683 0.273109 0.015231 0.021475
5 0.472952 0.249767 0.018382 0.032680
6 0.536765 0.378151 0.015756 0.022409
8 0.477416 0.497199 0.035714 0.081232
3 0.915966 0.325864 0.022059 0.028011
3 0.868172 0.316527 0.021008 0.024276
3 0.597952 0.259104 0.015231 0.032680
1 0.536239 0.363212 0.011555 0.016807
3 0.455620 0.348739 0.012080 0.021475
3 0.298582 0.279645 0.018382 0.021475
3 0.367122 0.277311 0.018908 0.022409
