5 0.686712 0.493931 0.037290 0.070962
5 0.566439 0.311391 0.022584 0.043884
0 0.484506 0.184407 0.094013 0.127918
3 0.423582 0.271709 0.012080 0.020542
5 0.434349 0.258637 0.014706 0.022409
4 0.546218 0.384687 0.010504 0.016807
3 0.450105 0.389823 0.009454 0.017740
3 0.461922 0.332400 0.009979 0.016807
5 0.438288 0.225023 0.013130 0.028011
3 0.476628 0.322129 0.009979 0.013072
3 0.442752 0.323996 0.009454 0.020542
3 0.495011 0.204949 0.009979 0.014006
3 0.448267 0.292250 0.009979 0.016807
5 0.503939 0.363679 0.012080 0.027077
0 0.530200 0.351541 0.017332 0.027077
5 0.506565 0.754435 0.051996 0.203548
3 0.465599 0.384687 0.011029 0.022409
4 0.563813 0.484127 0.029937 0.071895
3 0.555410 0.263772 0.018382 0.032680
3 0.526786 0.345938 0.011555 0.019608
0 0.529149 0.326331 0.008929 0.021475
3 0.460347 0.330999 0.012080 0.027077
3 0.506828 0.258170 0.009454 0.021475
3 0.478204 0.276377 0.015231 0.020542
