5 0.644695 0.508870 0.037290 0.070962
5 0.588498 0.696078 0.058298 0.105509
5 0.569590 0.300187 0.015231 0.038282
0 0.502363 0.177871 0.102416 0.126050
3 0.426733 0.275910 0.012080 0.021475
5 0.446166 0.259570 0.018382 0.031746
6 0.618172 0.674136 0.026261 0.050420
5 0.332195 0.412698 0.137080 0.059757
3 0.128151 0.420635 0.042017 0.032680
3 0.358718 0.749767 0.031513 0.069094
4 0.517069 0.354342 0.019433 0.038282
3 0.565389 0.274043 0.015231 0.032680
3 0.506565 0.274043 0.009979 0.015873
0 0.539653 0.274977 0.008929 0.021475
3 0.504727 0.294585 0.008403 0.015873
3 0.517857 0.514006 0.015756 0.038282
1 0.611607 0.662465 0.019433 0.030812
3 0.402048 0.461718 0.018382 0.032680
3 0.476103 0.263772 0.008929 0.015873
3 0.712447 0.318861 0.034139 0.027077
3 0.387342 0.287115 0.015231 0.021475
