5 0.673057 0.494865 0.037290 0.070962
5 0.569590 0.302988 0.019433 0.043884
0 0.489758 0.178805 0.094013 0.127918
3 0.424107 0.268908 0.012080 0.020542
5 0.439601 0.254435 0.015756 0.027077
5 0.449317 0.900560 0.051996 0.197012
3 0.449317 0.423903 0.013130 0.024276
4 0.546218 0.449113 0.028361 0.070962
3 0.559086 0.261438 0.015231 0.031746
3 0.518908 0.324930 0.011555 0.020542
0 0.528099 0.305789 0.008929 0.021475
3 0.510242 0.344538 0.012080 0.020542
3 0.454307 0.345005 0.011555 0.021475
3 0.462447 0.271709 0.015231 0.020542
