5 0.669118 0.375350 0.019958 0.044818
3 0.557511 0.217087 0.021534 0.045752
0 0.483718 0.113445 0.112395 0.172736
3 0.555672 0.311858 0.014706 0.028011
3 0.554097 0.367414 0.021008 0.028945
3 0.100578 0.274510 0.032038 0.024276
3 0.573267 0.168534 0.016282 0.023343
4 0.573267 0.273109 0.011029 0.021475
3 0.470851 0.597106 0.020483 0.055089
3 0.202994 0.828665 0.067752 0.094304
3 0.336922 0.624183 0.038340 0.064426
3 0.394695 0.497199 0.026786 0.047619
3 0.468750 0.422502 0.015231 0.042017
4 0.496324 0.354809 0.021008 0.050420
8 0.606880 0.548553 0.044643 0.099907
5 0.559086 0.149860 0.014181 0.030812
