5 0.597952 0.452848 0.018382 0.041083
3 0.636555 0.718487 0.096639 0.140990
0 0.486870 0.086368 0.084034 0.155929
3 0.418067 0.745565 0.016807 0.047619
3 0.328256 0.720822 0.027311 0.046685
3 0.534139 0.393091 0.047269 0.042951
5 0.169643 0.843137 0.152311 0.171802
3 0.444065 0.463119 0.015231 0.029879
3 0.666492 0.403828 0.023109 0.027077
3 0.803834 0.280579 0.014181 0.025210
0 0.228466 0.872549 0.024160 0.042017
4 0.543067 0.332400 0.009454 0.016807
3 0.458508 0.245565 0.008403 0.016807
3 0.468225 0.223156 0.006828 0.013072
5 0.439601 0.190943 0.013655 0.028945
3 0.475053 0.238095 0.008929 0.014939
3 0.460872 0.202148 0.007878 0.014006
3 0.495536 0.207283 0.008929 0.014939
3 0.465336 0.187675 0.008403 0.016807
3 0.487132 0.192810 0.007878 0.014006
5 0.512342 0.399627 0.014181 0.039216
3 0.470851 0.179739 0.007878 0.015873
3 0.469800 0.208683 0.008929 0.015873
5 0.545168 0.233894 0.012605 0.030812
