5 0.648372 0.520075 0.037290 0.070962
5 0.530462 0.442110 0.025210 0.068161
5 0.601366 0.298786 0.015756 0.039216
0 0.539653 0.183473 0.094013 0.127918
5 0.859769 0.317460 0.072479 0.050420
3 0.458771 0.273109 0.012080 0.021475
5 0.479254 0.254435 0.018382 0.032680
6 0.560399 0.509337 0.017857 0.027077
5 0.764443 0.428571 0.137080 0.059757
3 0.577994 0.426704 0.038340 0.029879
4 0.543855 0.293184 0.015231 0.033613
3 0.601103 0.268441 0.015231 0.032680
3 0.532563 0.338002 0.014706 0.022409
1 0.557511 0.501867 0.015231 0.021475
3 0.251576 0.723156 0.033613 0.055089
3 0.493435 0.284314 0.008929 0.015873
3 0.577468 0.277311 0.015231 0.020542
3 0.257090 0.290850 0.021534 0.021475
3 0.468487 0.274043 0.011555 0.015873
3 0.496061 0.261438 0.012080 0.014939
