3 0.555410 0.417367 0.046744 0.037348
3 0.322742 0.401494 0.050945 0.044818
3 0.143645 0.390756 0.044643 0.040149
3 0.501050 0.524743 0.028361 0.044818
5 0.647321 0.525677 0.037290 0.070962
5 0.536765 0.291783 0.014706 0.027077
5 0.597689 0.285247 0.018908 0.040149
3 0.497111 0.282446 0.012080 0.023343
0 0.533088 0.182540 0.100840 0.127918
5 0.619485 0.271709 0.049895 0.044818
3 0.477153 0.259104 0.012080 0.021475
3 0.451418 0.260037 0.012080 0.021475
3 0.433824 0.263772 0.017857 0.021475
3 0.408876 0.269374 0.017332 0.023343
5 0.472952 0.246965 0.018382 0.032680
6 0.535977 0.351541 0.015231 0.021475
8 0.481880 0.467787 0.033088 0.072829
3 0.878414 0.316527 0.021534 0.028011
3 0.829044 0.307190 0.021534 0.024276
3 0.599002 0.256303 0.015231 0.032680
1 0.534664 0.344538 0.011555 0.016807
3 0.273897 0.273109 0.018382 0.021475
3 0.340599 0.274977 0.024685 0.027077
