5 0.664128 0.367414 0.020483 0.040149
3 0.551208 0.226424 0.021534 0.045752
0 0.481355 0.109711 0.108718 0.172736
3 0.566439 0.345472 0.016282 0.031746
3 0.563288 0.389356 0.020483 0.029879
3 0.230830 0.262372 0.032038 0.024276
3 0.608456 0.176937 0.018382 0.028945
4 0.572216 0.265640 0.011029 0.021475
3 0.471376 0.507003 0.017332 0.042951
3 0.296481 0.688609 0.046744 0.070028
3 0.377101 0.528478 0.031513 0.052288
3 0.414653 0.424370 0.018382 0.042017
3 0.469275 0.374883 0.013130 0.034547
4 0.493435 0.327264 0.019433 0.045752
8 0.616859 0.597106 0.049895 0.105509
5 0.557511 0.147993 0.014181 0.030812
