5 0.632616 0.540616 0.037290 0.070962
5 0.522321 0.385621 0.017332 0.039216
5 0.595588 0.302521 0.017857 0.039216
0 0.533088 0.182540 0.100840 0.127918
5 0.753151 0.316993 0.067227 0.049486
3 0.452994 0.275910 0.012080 0.021475
3 0.495798 0.262838 0.011555 0.019608
3 0.484244 0.267507 0.010504 0.017740
5 0.471376 0.256303 0.018382 0.032680
6 0.541229 0.468254 0.018382 0.027077
3 0.844538 0.467787 0.037815 0.029879
8 0.424370 0.704482 0.059874 0.127918
4 0.540704 0.271709 0.012080 0.026144
3 0.595326 0.273109 0.015231 0.032680
3 0.528624 0.302521 0.014181 0.022409
1 0.540966 0.451447 0.012605 0.025210
3 0.477153 0.314192 0.012080 0.021475
3 0.553046 0.261905 0.010504 0.017740
3 0.136817 0.304855 0.021534 0.021475
3 0.416229 0.286181 0.018382 0.021475
3 0.461922 0.279178 0.015231 0.020542
