5 0.631303 0.434174 0.019958 0.041083
3 0.535714 0.329132 0.024160 0.068161
0 0.482931 0.101307 0.090861 0.172736
3 0.583246 0.552754 0.023634 0.042951
3 0.611345 0.656396 0.036765 0.057890
3 0.615546 0.336601 0.031513 0.023343
3 0.757090 0.242297 0.018382 0.027077
4 0.554097 0.295051 0.009454 0.020542
3 0.407300 0.640523 0.020483 0.052288
3 0.454569 0.403361 0.014181 0.031746
5 0.431723 0.164799 0.013655 0.030812
3 0.513393 0.244164 0.009979 0.017740
3 0.392332 0.471989 0.019958 0.038282
3 0.412553 0.399627 0.015231 0.033613
5 0.498162 0.206816 0.012080 0.025210
3 0.422532 0.343604 0.012080 0.026144
3 0.450368 0.340803 0.012080 0.024276
4 0.475840 0.268441 0.014706 0.034547
5 0.547532 0.180672 0.014181 0.030812
