5 0.650998 0.521942 0.037290 0.070962
5 0.557248 0.637722 0.046218 0.087768
5 0.572216 0.305789 0.015231 0.038282
0 0.501313 0.177871 0.107668 0.126050
3 0.424107 0.278711 0.012080 0.021475
5 0.443015 0.260504 0.018382 0.031746
6 0.601891 0.630719 0.022059 0.047619
5 0.423582 0.422969 0.137080 0.059757
3 0.224265 0.430906 0.042017 0.032680
4 0.516544 0.339402 0.019433 0.038282
3 0.564863 0.273109 0.015231 0.032680
3 0.507090 0.268441 0.008929 0.015873
0 0.547532 0.271242 0.008929 0.021475
3 0.507878 0.287115 0.008403 0.015873
3 0.518120 0.458917 0.015231 0.038282
1 0.597426 0.618581 0.018382 0.028945
3 0.388655 0.497199 0.021008 0.036415
3 0.471376 0.273109 0.008929 0.015873
3 0.646796 0.308590 0.034139 0.027077
3 0.356880 0.296452 0.015231 0.021475
3 0.473477 0.262838 0.011029 0.015873
3 0.477679 0.253968 0.011029 0.014939
