5 0.609769 0.522876 0.017857 0.039216
3 0.556197 0.627451 0.051471 0.108310
0 0.484769 0.100840 0.085084 0.171802
3 0.756565 0.474323 0.047794 0.042951
3 0.410189 0.969655 0.021008 0.060691
3 0.436450 0.669935 0.016807 0.040149
3 0.901786 0.508403 0.024160 0.028945
3 0.868697 0.448179 0.029412 0.024276
3 0.622374 0.280112 0.013655 0.024276
4 0.545956 0.366947 0.011029 0.016807
3 0.453782 0.344538 0.009454 0.018674
3 0.465074 0.298786 0.009979 0.016807
5 0.439601 0.214753 0.013655 0.028011
3 0.476628 0.299720 0.009979 0.014939
3 0.448004 0.284314 0.009454 0.019608
3 0.496324 0.201214 0.009454 0.014006
3 0.452994 0.259570 0.009979 0.016807
5 0.506040 0.372082 0.011029 0.027077
3 0.460872 0.243231 0.008929 0.015873
3 0.466912 0.279178 0.009454 0.016807
4 0.480830 0.201214 0.008929 0.017740
5 0.544905 0.246965 0.013130 0.030812
