5 0.642069 0.520075 0.037290 0.070962
5 0.528887 0.431839 0.024160 0.062558
5 0.599002 0.299253 0.015231 0.040149
0 0.537553 0.183473 0.094013 0.127918
5 0.833508 0.317460 0.072479 0.050420
3 0.455095 0.271242 0.012080 0.021475
5 0.477153 0.255369 0.018382 0.032680
6 0.552521 0.496265 0.017857 0.027077
5 0.806460 0.432306 0.137080 0.059757
3 0.621061 0.429505 0.038340 0.029879
8 0.404674 0.860878 0.067752 0.179272
4 0.542542 0.285714 0.015756 0.031746
3 0.596901 0.264706 0.015231 0.032680
3 0.529412 0.329599 0.014706 0.022409
1 0.549107 0.476657 0.015231 0.025210
3 0.211922 0.777311 0.046744 0.068161
3 0.490021 0.288049 0.009454 0.017740
3 0.572216 0.272642 0.015231 0.020542
3 0.233456 0.293651 0.021534 0.021475
3 0.460609 0.274977 0.011555 0.015873
3 0.490809 0.261905 0.013130 0.015873
