5 0.647847 0.498599 0.037290 0.070962
5 0.570903 0.297852 0.016807 0.041083
0 0.503414 0.179739 0.094013 0.127918
3 0.427258 0.269841 0.012080 0.020542
5 0.444328 0.251634 0.017857 0.032680
6 0.752889 0.904762 0.046744 0.078431
5 0.099527 0.407096 0.137080 0.059757
3 0.430147 0.472923 0.015756 0.027077
4 0.532563 0.419234 0.024160 0.065359
3 0.561712 0.264706 0.015231 0.032680
3 0.513130 0.304855 0.011555 0.021475
0 0.530200 0.294585 0.008929 0.021475
3 0.503939 0.323996 0.012080 0.020542
3 0.533351 0.833333 0.025735 0.071895
1 0.743697 0.887021 0.023109 0.037348
3 0.438813 0.368347 0.012080 0.021475
3 0.888393 0.330065 0.034139 0.027077
3 0.444590 0.275444 0.015231 0.020542
