5 0.659926 0.386555 0.020483 0.039216
3 0.551208 0.250700 0.021534 0.045752
0 0.477153 0.102241 0.100315 0.172736
3 0.592700 0.432773 0.018382 0.038282
3 0.597164 0.504669 0.028361 0.042017
3 0.473477 0.287582 0.032038 0.024276
3 0.695116 0.197479 0.018382 0.027077
4 0.569065 0.256769 0.011029 0.020542
3 0.430672 0.783380 0.029412 0.076564
3 0.468750 0.416900 0.015231 0.032680
3 0.520221 0.202148 0.009979 0.017740
3 0.384454 0.525210 0.025210 0.047619
3 0.413078 0.426704 0.020483 0.041083
3 0.428309 0.349673 0.012080 0.034547
3 0.459821 0.344071 0.012080 0.028945
4 0.488183 0.270775 0.016282 0.037348
8 0.658876 0.826331 0.066702 0.158730
5 0.553834 0.159197 0.014181 0.030812
