4 0.331408 0.924370 0.117647 0.149393
3 0.280725 0.879552 0.036239 0.042951
5 0.291229 0.827264 0.104517 0.102708
6 0.301996 0.770775 0.117647 0.092437
4 0.321429 0.693744 0.091387 0.072829
4 0.323792 0.593371 0.043592 0.086835
4 0.373950 0.608310 0.043067 0.094304
4 0.352153 0.514006 0.074055 0.055089
4 0.358718 0.441643 0.048319 0.065359
4 0.400210 0.417834 0.034664 0.068161
4 0.284139 0.436041 0.069328 0.052288
4 0.271534 0.410364 0.068277 0.049486
4 0.319590 0.377218 0.065651 0.046685
4 0.341649 0.337535 0.065651 0.038282
4 0.349265 0.311858 0.052521 0.039216
4 0.379202 0.296452 0.027311 0.051354
4 0.351103 0.273576 0.051996 0.052288
4 0.372637 0.246965 0.020483 0.043884
4 0.241597 0.366480 0.059874 0.071895
4 0.247637 0.339869 0.053046 0.046685
4 0.454044 0.901027 0.051996 0.149393
4 0.616334 0.949580 0.115021 0.095238
4 0.607931 0.848273 0.089811 0.150327
4 0.612132 0.733427 0.044643 0.112979
3 0.608718 0.626517 0.021008 0.042951
4 0.578256 0.571895 0.051471 0.086835
4 0.569328 0.511204 0.070378 0.064426
4 0.586922 0.471522 0.068803 0.046685
4 0.581933 0.436975 0.068277 0.046685
5 0.553834 0.389356 0.027836 0.056022
4 0.556197 0.351074 0.026261 0.046685
4 0.527311 0.328198 0.024160 0.042017
4 0.572216 0.311858 0.049895 0.039216
4 0.548845 0.288982 0.023109 0.042017
4 0.551208 0.255369 0.026786 0.036415
4 0.598214 0.257703 0.031513 0.048553
4 0.625263 0.249767 0.032038 0.051354
4 0.651261 0.248366 0.029412 0.044818
4 0.382353 0.195145 0.043067 0.037348
5 0.498950 0.183007 0.046218 0.039216
4 0.584296 0.214286 0.045693 0.032680
4 0.548582 0.186741 0.038340 0.031746
4 0.598739 0.190009 0.039916 0.028945
4 0.261555 0.239496 0.018908 0.038282
5 0.236082 0.236228 0.025735 0.052288
4 0.205882 0.239496 0.025210 0.043884
1 0.541754 0.230159 0.005777 0.032680
4 0.202468 0.321195 0.043592 0.044818
5 0.358456 0.170401 0.021534 0.042017
4 0.397321 0.181139 0.018382 0.033613
4 0.414653 0.173203 0.018382 0.032680
1 0.203519 0.926704 0.021534 0.071895
1 0.146008 0.978058 0.016807 0.032680
1 0.792017 0.971055 0.017857 0.056022
1 0.783088 0.929972 0.016807 0.044818
3 0.567752 0.237628 0.032563 0.027077
3 0.766807 0.847339 0.014706 0.068161
0 0.686712 0.612045 0.033088 0.047619
3 0.650998 0.459851 0.023634 0.028945
3 0.656775 0.472923 0.021534 0.034547
1 0.199842 0.541083 0.012080 0.025210
1 0.201943 0.528011 0.015231 0.028945
10 0.178309 0.610177 0.027836 0.040149
10 0.206145 0.344071 0.028887 0.038282
0 0.224790 0.152194 0.035714 0.063492
0 0.634191 0.177871 0.028887 0.047619
10 0.428571 0.156863 0.024160 0.026144
1 0.457195 0.160131 0.012080 0.027077
0 0.533088 0.158730 0.080882 0.024276
1 0.063813 0.917834 0.022584 0.065359
