4 0.327206 0.944911 0.118697 0.108310
3 0.271008 0.926237 0.037815 0.042951
5 0.282300 0.869281 0.108718 0.106443
6 0.294905 0.808590 0.122374 0.095238
4 0.315389 0.726891 0.095063 0.077498
4 0.318277 0.619514 0.046218 0.092437
4 0.370273 0.636321 0.045168 0.099907
4 0.349002 0.535014 0.076155 0.057890
4 0.355830 0.458917 0.049895 0.068161
4 0.398372 0.432773 0.035189 0.073763
4 0.278887 0.450980 0.069328 0.050420
4 0.267069 0.426704 0.068803 0.048553
4 0.317227 0.393557 0.067227 0.049486
4 0.338235 0.349673 0.067227 0.038282
4 0.347689 0.323063 0.052521 0.039216
4 0.377626 0.307190 0.027311 0.052288
4 0.349527 0.281979 0.051996 0.052288
4 0.370536 0.255369 0.021534 0.043884
4 0.234769 0.379552 0.059874 0.075630
4 0.243697 0.352941 0.053571 0.046685
4 0.610819 0.889823 0.092437 0.158730
4 0.615809 0.767974 0.046744 0.116713
3 0.611870 0.654528 0.021008 0.046685
4 0.580620 0.595705 0.050945 0.089636
4 0.571166 0.533147 0.070903 0.067227
4 0.588761 0.488329 0.070378 0.048553
4 0.583771 0.451914 0.068803 0.044818
5 0.554097 0.402894 0.027311 0.055089
4 0.557773 0.363679 0.026261 0.045752
4 0.528099 0.339869 0.025735 0.044818
4 0.573529 0.321662 0.050420 0.040149
4 0.549632 0.296919 0.022584 0.041083
4 0.552521 0.263772 0.027311 0.036415
4 0.599527 0.265173 0.033088 0.054155
4 0.627101 0.257703 0.032563 0.052288
4 0.653887 0.258170 0.028361 0.045752
4 0.360294 0.200747 0.043067 0.037348
5 0.499212 0.189076 0.045693 0.040149
4 0.609506 0.221755 0.046744 0.030812
4 0.549632 0.192810 0.038340 0.030812
4 0.600578 0.197479 0.039391 0.028945
4 0.258929 0.246965 0.018908 0.038282
5 0.233456 0.243697 0.026786 0.052288
4 0.201418 0.246965 0.025735 0.043884
4 0.200105 0.209150 0.043067 0.029879
1 0.542017 0.239029 0.006303 0.033613
4 0.196691 0.331933 0.046744 0.047619
5 0.360819 0.176004 0.021008 0.030812
4 0.396534 0.184874 0.021008 0.031746
4 0.413078 0.178338 0.018382 0.031746
1 0.190389 0.969188 0.021534 0.057890
1 0.793067 0.975257 0.015756 0.045752
3 0.569853 0.245565 0.032563 0.026144
3 0.777048 0.888889 0.015231 0.070962
0 0.693803 0.637255 0.033613 0.049486
3 0.656250 0.475724 0.023634 0.028945
3 0.662290 0.490196 0.022059 0.035481
1 0.191964 0.561625 0.012080 0.025210
1 0.194065 0.550420 0.015231 0.028945
10 0.168330 0.638189 0.027836 0.040149
10 0.200893 0.355275 0.028887 0.038282
0 0.224527 0.157330 0.036239 0.064426
0 0.636817 0.184407 0.028887 0.047619
10 0.428834 0.161998 0.024685 0.027077
1 0.458508 0.164799 0.011555 0.027077
0 0.531775 0.164799 0.081408 0.025210
