4 0.254464 0.940243 0.069853 0.115780
4 0.321429 0.953782 0.055672 0.088702
4 0.302784 0.809991 0.102416 0.088702
4 0.317489 0.674603 0.061450 0.101774
4 0.374475 0.632120 0.047269 0.110177
4 0.218750 0.672736 0.091912 0.071895
4 0.205882 0.625584 0.091387 0.069094
4 0.302521 0.563492 0.087185 0.073763
4 0.304097 0.504202 0.081933 0.056022
4 0.316439 0.464052 0.069853 0.050420
4 0.354779 0.437908 0.032038 0.063492
4 0.323529 0.404295 0.064076 0.069094
4 0.351103 0.361345 0.025735 0.057890
4 0.172269 0.553221 0.081933 0.099907
4 0.184611 0.507470 0.070903 0.058824
4 0.616071 0.914099 0.067227 0.149393
4 0.600315 0.802988 0.095588 0.108310
4 0.622637 0.726891 0.092962 0.073763
4 0.613708 0.665733 0.087710 0.065359
5 0.574580 0.579832 0.034664 0.082166
4 0.577206 0.516340 0.034664 0.061625
4 0.540179 0.484594 0.030987 0.054155
4 0.595063 0.457049 0.063025 0.053221
4 0.564338 0.421102 0.025735 0.052288
4 0.568277 0.373483 0.033613 0.050420
4 0.623950 0.376751 0.040966 0.068161
4 0.656775 0.361811 0.040441 0.060691
4 0.688550 0.367414 0.044118 0.055089
5 0.503676 0.270775 0.053571 0.044818
4 0.561712 0.274043 0.046744 0.036415
4 0.620798 0.276844 0.047269 0.032680
4 0.399422 0.295051 0.046744 0.037348
4 0.214286 0.356676 0.026261 0.056022
5 0.183036 0.348273 0.029937 0.063492
4 0.149422 0.350607 0.035189 0.043884
4 0.436712 0.311391 0.051996 0.038282
1 0.669905 0.542484 0.007878 0.048553
2 0.668330 0.533613 0.006828 0.023343
1 0.548057 0.352007 0.007878 0.037348
4 0.125263 0.480392 0.060399 0.060691
4 0.108456 0.357143 0.034139 0.055089
4 0.094275 0.444911 0.048845 0.049486
5 0.340861 0.249767 0.023109 0.045752
4 0.382878 0.264706 0.023109 0.042017
4 0.404412 0.254435 0.017857 0.036415
3 0.584821 0.342204 0.038340 0.023343
0 0.776523 0.978992 0.054097 0.042017
3 0.702994 0.703081 0.029937 0.037348
3 0.712185 0.725490 0.027311 0.042951
1 0.085347 0.857610 0.012080 0.025210
1 0.090599 0.839869 0.015231 0.028945
10 0.131565 0.515873 0.028887 0.038282
0 0.182511 0.234827 0.036239 0.064426
0 0.659401 0.250700 0.028887 0.047619
7 0.129464 0.245098 0.022584 0.032680
1 0.123687 0.253501 0.004727 0.032680
1 0.131565 0.253501 0.009979 0.036415
10 0.424632 0.236695 0.024685 0.027077
1 0.456145 0.235761 0.012080 0.027077
0 0.539128 0.242297 0.081408 0.025210
