4 0.334821 0.894024 0.117122 0.152194
3 0.286765 0.846405 0.035714 0.043884
5 0.297006 0.797852 0.101366 0.099907
6 0.306723 0.742297 0.113445 0.085901
4 0.325893 0.669935 0.088761 0.071895
4 0.328256 0.574697 0.043067 0.084967
4 0.377101 0.589636 0.042017 0.090570
4 0.355042 0.498599 0.073529 0.056022
4 0.360819 0.428571 0.048319 0.065359
4 0.401786 0.405696 0.034664 0.068161
4 0.287815 0.423903 0.067227 0.050420
4 0.275735 0.397292 0.068277 0.049486
4 0.321691 0.366947 0.064601 0.048553
4 0.343750 0.328665 0.064601 0.039216
4 0.351366 0.303455 0.052521 0.039216
4 0.380252 0.288049 0.027311 0.051354
4 0.352679 0.265173 0.051996 0.052288
4 0.373687 0.241363 0.020483 0.043884
4 0.245011 0.355742 0.058298 0.069094
4 0.251313 0.330532 0.053046 0.046685
4 0.456670 0.812325 0.047794 0.138189
4 0.615284 0.930906 0.118172 0.128852
4 0.604254 0.816993 0.087710 0.143791
4 0.608981 0.708217 0.042542 0.109244
3 0.606092 0.607376 0.021008 0.042017
4 0.576418 0.554155 0.049895 0.083100
4 0.568015 0.498133 0.069853 0.062558
4 0.585084 0.457049 0.069328 0.047619
4 0.580095 0.428105 0.066702 0.047619
5 0.553309 0.379085 0.027836 0.056022
4 0.555147 0.342204 0.025210 0.047619
4 0.527048 0.319795 0.024685 0.040149
4 0.570641 0.304388 0.049895 0.039216
4 0.548057 0.281513 0.022584 0.040149
4 0.550158 0.248833 0.026786 0.036415
4 0.595851 0.252101 0.032038 0.050420
4 0.623162 0.242297 0.030987 0.051354
4 0.648634 0.243231 0.029412 0.045752
4 0.399422 0.190476 0.042542 0.037348
5 0.498687 0.178805 0.045693 0.036415
4 0.564076 0.210551 0.044118 0.032680
4 0.547532 0.182073 0.038340 0.031746
4 0.596901 0.184407 0.039391 0.028945
4 0.263655 0.233894 0.018908 0.038282
5 0.237920 0.229692 0.025210 0.052288
4 0.209559 0.233427 0.024160 0.044818
1 0.541754 0.224556 0.005777 0.032680
4 0.206933 0.312792 0.040966 0.042951
5 0.358456 0.158730 0.022584 0.041083
4 0.396008 0.170868 0.019958 0.026144
4 0.413866 0.166200 0.017857 0.028011
1 0.212447 0.890289 0.020483 0.068161
1 0.155987 0.939309 0.014706 0.035481
1 0.169380 0.963119 0.016282 0.042017
1 0.781250 0.936975 0.018382 0.064426
1 0.773109 0.893091 0.015756 0.045752
3 0.566176 0.232026 0.031513 0.027077
3 0.758929 0.814192 0.014706 0.065359
0 0.681985 0.594771 0.033088 0.048553
3 0.646796 0.446779 0.023634 0.028945
3 0.652574 0.458450 0.021534 0.033613
1 0.205357 0.524743 0.011555 0.024276
1 0.207983 0.512605 0.014706 0.028011
10 0.185662 0.589636 0.027836 0.040149
10 0.209296 0.334734 0.028887 0.038282
0 0.224790 0.147526 0.035714 0.063492
0 0.632090 0.173203 0.028887 0.047619
10 0.428571 0.153128 0.024160 0.026144
1 0.456145 0.156396 0.012080 0.027077
0 0.534139 0.154062 0.080882 0.024276
1 0.076155 0.873950 0.023109 0.069094
