6 0.259979 0.963119 0.146008 0.073763
4 0.289653 0.871148 0.108718 0.093371
4 0.297269 0.730626 0.055672 0.116713
4 0.355305 0.753035 0.048845 0.126050
4 0.333508 0.622316 0.085084 0.070028
4 0.343487 0.527077 0.054622 0.079365
4 0.390756 0.495331 0.039916 0.083100
4 0.257878 0.523343 0.078782 0.060691
4 0.245273 0.486461 0.078782 0.054155
4 0.311450 0.448179 0.075630 0.059757
4 0.326155 0.396825 0.072479 0.046685
4 0.337185 0.365546 0.058824 0.042017
4 0.370273 0.347339 0.028361 0.054155
4 0.340599 0.318861 0.053046 0.056956
4 0.365284 0.287115 0.023634 0.051354
4 0.213235 0.433707 0.068277 0.081232
4 0.222426 0.399627 0.061450 0.048553
4 0.637605 0.925770 0.052521 0.148459
3 0.632878 0.773576 0.022059 0.051354
4 0.594800 0.699813 0.058298 0.112979
4 0.584296 0.619048 0.082458 0.080299
4 0.603466 0.563959 0.079832 0.057890
4 0.596901 0.521475 0.076155 0.053221
5 0.564601 0.457983 0.032563 0.068161
4 0.567752 0.410364 0.029412 0.047619
4 0.535189 0.385621 0.027311 0.044818
4 0.584034 0.365546 0.055672 0.043884
4 0.558561 0.336134 0.023634 0.041083
4 0.561450 0.299720 0.029412 0.041083
4 0.611607 0.301587 0.036239 0.059757
4 0.642069 0.291317 0.035189 0.054155
4 0.672532 0.294118 0.036239 0.050420
4 0.267332 0.224090 0.050420 0.039216
5 0.504202 0.213352 0.049370 0.040149
4 0.711922 0.233894 0.046744 0.032680
4 0.556723 0.217554 0.042017 0.031746
4 0.610557 0.219888 0.043592 0.028945
4 0.588235 0.236695 0.043067 0.032680
4 0.243697 0.277778 0.023109 0.047619
5 0.214811 0.273109 0.028361 0.058824
4 0.184874 0.276377 0.030462 0.042951
4 0.293067 0.238562 0.049370 0.032680
1 0.675158 0.412698 0.007878 0.039216
2 0.673319 0.404295 0.007353 0.024276
1 0.548057 0.270775 0.005777 0.035481
4 0.170168 0.378618 0.051471 0.053221
4 0.146271 0.284781 0.030987 0.052288
5 0.353204 0.195145 0.020483 0.042951
4 0.393382 0.210084 0.019958 0.035481
4 0.412290 0.200747 0.019958 0.033613
3 0.577468 0.277311 0.035189 0.026144
0 0.721113 0.759104 0.036765 0.059757
3 0.675158 0.549953 0.026786 0.033613
3 0.682773 0.567227 0.023109 0.040149
1 0.154149 0.662465 0.012080 0.025210
1 0.156775 0.643791 0.015231 0.028945
10 0.125263 0.753968 0.027836 0.040149
10 0.067489 0.921102 0.045693 0.049486
10 0.179884 0.403828 0.028887 0.038282
0 0.210872 0.181606 0.036239 0.064426
0 0.646271 0.208683 0.028887 0.047619
7 0.159401 0.187208 0.022584 0.032680
1 0.172532 0.182540 0.004727 0.032680
1 0.178309 0.182540 0.009979 0.036415
10 0.428834 0.184407 0.024685 0.027077
1 0.459296 0.184407 0.012080 0.027077
0 0.537027 0.190009 0.081408 0.025210
