4 0.259716 0.962652 0.059349 0.072829
4 0.303309 0.853875 0.099265 0.086835
4 0.317752 0.711951 0.059874 0.103641
4 0.374212 0.669001 0.047794 0.112979
4 0.220588 0.710551 0.090336 0.070962
4 0.207195 0.663866 0.090861 0.069094
4 0.316176 0.591970 0.084034 0.072829
4 0.304884 0.535948 0.078256 0.059757
4 0.318015 0.495331 0.067752 0.049486
4 0.354517 0.467787 0.031513 0.065359
4 0.323004 0.431839 0.063025 0.073763
4 0.350840 0.387488 0.026261 0.059757
4 0.174370 0.589636 0.080882 0.103641
4 0.186712 0.541083 0.068803 0.062558
4 0.615021 0.942577 0.064076 0.112979
4 0.598739 0.844538 0.095588 0.105509
4 0.621586 0.766573 0.092962 0.067227
4 0.613708 0.705882 0.087710 0.067227
5 0.573267 0.614846 0.034139 0.083100
4 0.575630 0.548086 0.033613 0.063492
4 0.538866 0.517740 0.031513 0.060691
4 0.593225 0.485528 0.061450 0.050420
4 0.564338 0.448646 0.026786 0.053221
4 0.566439 0.401961 0.034139 0.051354
4 0.622374 0.403361 0.042017 0.069094
4 0.655462 0.390289 0.040966 0.063492
4 0.688025 0.393091 0.042017 0.056022
5 0.503676 0.292717 0.052521 0.045752
4 0.561450 0.295985 0.045168 0.035481
4 0.619485 0.298319 0.047794 0.034547
4 0.277836 0.316060 0.049370 0.032680
4 0.220851 0.377218 0.025735 0.056022
5 0.183036 0.368814 0.028887 0.065359
4 0.151523 0.373950 0.034139 0.051354
4 0.541229 0.333333 0.051996 0.037348
1 0.653624 0.598506 0.008929 0.052288
2 0.653099 0.585901 0.006828 0.023343
1 0.541492 0.386088 0.008403 0.038282
4 0.125788 0.504202 0.060399 0.065359
4 0.108981 0.387021 0.036239 0.062558
4 0.094013 0.478058 0.048319 0.050420
5 0.340074 0.270308 0.023634 0.047619
4 0.383929 0.288982 0.023109 0.042017
4 0.404937 0.275910 0.018908 0.036415
3 0.584559 0.371148 0.037815 0.028945
3 0.701681 0.742297 0.031513 0.039216
3 0.711134 0.767507 0.027311 0.042951
1 0.089548 0.897759 0.012080 0.025210
1 0.095326 0.882820 0.015231 0.028945
10 0.132090 0.551354 0.028887 0.038282
0 0.180935 0.260971 0.036239 0.064426
0 0.658876 0.263772 0.028887 0.047619
7 0.129464 0.262838 0.022584 0.032680
1 0.110032 0.275910 0.004727 0.032680
1 0.116859 0.274043 0.009979 0.036415
10 0.424632 0.250700 0.024685 0.027077
0 0.768908 0.283380 0.038866 0.070028
1 0.455620 0.255369 0.012080 0.027077
0 0.539653 0.257236 0.081408 0.025210
1 0.669905 0.359477 0.008929 0.037348
1 0.674370 0.346405 0.010504 0.033613
