4 0.293592 0.911765 0.071429 0.144725
4 0.362395 0.848273 0.060924 0.150327
4 0.174632 0.912698 0.113971 0.092437
4 0.163340 0.842670 0.113445 0.090570
4 0.369223 0.688609 0.061975 0.116713
4 0.285977 0.658730 0.095063 0.071895
4 0.302521 0.600840 0.077731 0.058824
4 0.347689 0.566760 0.034664 0.078431
4 0.311450 0.526611 0.074580 0.087768
4 0.344538 0.466387 0.029412 0.075630
4 0.127889 0.737628 0.099265 0.132586
4 0.145746 0.675070 0.085609 0.091503
4 0.662553 0.970588 0.113971 0.055089
4 0.650210 0.907563 0.106092 0.093371
5 0.601103 0.774510 0.041492 0.111111
4 0.603204 0.678338 0.039391 0.090570
4 0.560399 0.629318 0.036765 0.078431
4 0.622637 0.594771 0.073004 0.061625
4 0.588235 0.541550 0.031513 0.067227
4 0.589811 0.479925 0.034664 0.061625
4 0.654149 0.485528 0.045693 0.085901
4 0.690914 0.468254 0.046744 0.077498
4 0.729254 0.470588 0.045693 0.078431
5 0.518645 0.346405 0.059349 0.048553
4 0.583246 0.350140 0.053046 0.039216
4 0.646534 0.354342 0.051471 0.034547
4 0.487920 0.944444 0.047269 0.107376
4 0.680672 0.377218 0.058824 0.046685
4 0.207458 0.437908 0.031513 0.085901
5 0.160189 0.443511 0.036765 0.076564
4 0.122374 0.450047 0.042017 0.061625
1 0.589811 0.870682 0.015756 0.056956
2 0.589811 0.865079 0.008403 0.038282
2 0.434086 0.681606 0.013130 0.035481
3 0.434611 0.694678 0.013130 0.037348
2 0.499212 0.589169 0.012080 0.037348
3 0.499737 0.598506 0.011029 0.041083
1 0.535452 0.514939 0.008929 0.043884
4 0.076681 0.633053 0.084034 0.089636
4 0.075893 0.464986 0.043592 0.067227
4 0.047006 0.581232 0.065651 0.079365
3 0.323529 0.403828 0.019958 0.027077
1 0.323792 0.396825 0.009979 0.039216
5 0.339811 0.320261 0.024160 0.054155
4 0.387080 0.340803 0.024160 0.048553
4 0.410189 0.324463 0.021008 0.040149
4 0.783088 0.475257 0.033613 0.063492
5 0.808561 0.443511 0.045693 0.052288
3 0.608981 0.438375 0.041492 0.032680
3 0.759454 0.957516 0.035714 0.043884
10 0.085347 0.674603 0.028887 0.038282
0 0.163603 0.302988 0.036239 0.064426
0 0.685662 0.311391 0.028887 0.047619
7 0.113183 0.309524 0.027836 0.040149
10 0.435137 0.298319 0.024685 0.027077
0 0.803309 0.328198 0.039391 0.070028
1 0.467700 0.302988 0.012080 0.027077
0 0.563288 0.310458 0.094013 0.025210
1 0.708508 0.428571 0.010504 0.035481
1 0.700893 0.427171 0.012080 0.032680
