4 0.254727 0.937442 0.070378 0.121382
4 0.321691 0.950980 0.056197 0.094304
4 0.303046 0.805322 0.102941 0.088702
4 0.317752 0.669935 0.061975 0.101774
4 0.374737 0.628385 0.046744 0.110177
4 0.218750 0.668067 0.091912 0.071895
4 0.205882 0.620915 0.091387 0.069094
4 0.301996 0.559757 0.087185 0.073763
4 0.304622 0.501401 0.081933 0.056022
4 0.316439 0.460317 0.069853 0.050420
4 0.355042 0.434641 0.031513 0.062558
4 0.323529 0.401027 0.064076 0.070028
4 0.351366 0.358543 0.025210 0.057890
4 0.172269 0.549020 0.081933 0.098973
4 0.184611 0.503735 0.070903 0.058824
4 0.616071 0.909897 0.067227 0.152194
4 0.600315 0.798786 0.095588 0.109244
4 0.622637 0.722222 0.092962 0.073763
4 0.613708 0.661531 0.087710 0.064426
5 0.575105 0.576097 0.034664 0.082166
4 0.577206 0.512605 0.034664 0.061625
4 0.540441 0.481326 0.031513 0.053221
4 0.595326 0.453782 0.063550 0.054155
4 0.564338 0.417834 0.025735 0.051354
4 0.568277 0.370682 0.033613 0.050420
4 0.623950 0.373950 0.040966 0.068161
4 0.656775 0.358543 0.040441 0.059757
4 0.688550 0.364613 0.044118 0.055089
4 0.058298 0.277778 0.053571 0.040149
5 0.503939 0.268908 0.054097 0.044818
4 0.561712 0.271709 0.046744 0.037348
4 0.621061 0.274977 0.046744 0.032680
4 0.405725 0.292717 0.045693 0.040149
4 0.215336 0.353408 0.026261 0.055089
5 0.183561 0.344538 0.029937 0.063492
4 0.149947 0.347806 0.035189 0.043884
4 0.431723 0.309057 0.052521 0.037348
1 0.670956 0.538282 0.007878 0.047619
2 0.669380 0.529879 0.006828 0.023343
1 0.548057 0.348273 0.007878 0.037348
4 0.126576 0.476190 0.059874 0.059757
4 0.109506 0.354342 0.034139 0.055089
5 0.340861 0.246965 0.023109 0.045752
4 0.383403 0.261905 0.023109 0.042017
4 0.404674 0.251634 0.018382 0.036415
3 0.584821 0.339402 0.038340 0.023343
0 0.776523 0.976657 0.054097 0.044818
3 0.702468 0.697479 0.029937 0.037348
3 0.711660 0.719888 0.027311 0.042951
1 0.087447 0.854809 0.012080 0.025210
1 0.092174 0.834267 0.015231 0.028945
10 0.132090 0.511204 0.028887 0.038282
0 0.183561 0.232960 0.036239 0.064426
0 0.659401 0.248833 0.028887 0.047619
7 0.129464 0.242297 0.022584 0.032680
1 0.125263 0.250700 0.004727 0.032680
1 0.132616 0.250700 0.009979 0.036415
10 0.424632 0.234827 0.024685 0.027077
1 0.456145 0.232960 0.012080 0.027077
0 0.539128 0.240430 0.081408 0.025210
