4 0.332721 0.920635 0.117122 0.156863
3 0.282300 0.870682 0.036239 0.043884
5 0.292542 0.819328 0.103992 0.101774
6 0.303046 0.763305 0.116597 0.090570
4 0.322216 0.686741 0.090861 0.071895
4 0.324580 0.588235 0.043067 0.085901
4 0.374212 0.603175 0.042542 0.093371
4 0.352153 0.509337 0.074055 0.055089
4 0.359244 0.437908 0.048319 0.065359
4 0.400210 0.415033 0.034664 0.068161
4 0.284926 0.433240 0.068803 0.052288
4 0.272584 0.406629 0.068277 0.049486
4 0.320116 0.374416 0.065651 0.046685
4 0.342174 0.335201 0.065651 0.039216
4 0.349790 0.309991 0.052521 0.039216
4 0.379727 0.294118 0.027311 0.052288
4 0.351628 0.271709 0.051996 0.052288
4 0.372637 0.246032 0.020483 0.043884
4 0.242384 0.363212 0.059349 0.070962
4 0.248687 0.337068 0.053046 0.046685
4 0.455882 0.878618 0.050420 0.149393
4 0.616334 0.945378 0.117122 0.105509
4 0.606880 0.839869 0.089811 0.148459
4 0.611082 0.725957 0.043592 0.111111
3 0.607668 0.621382 0.021008 0.042017
4 0.577468 0.566760 0.050945 0.084034
4 0.569065 0.507470 0.069853 0.062558
4 0.586397 0.467787 0.068803 0.046685
4 0.581408 0.434641 0.068277 0.047619
5 0.553571 0.386555 0.028361 0.056022
4 0.555672 0.348273 0.026261 0.046685
4 0.526786 0.325397 0.024160 0.040149
4 0.571691 0.309991 0.049895 0.039216
4 0.548582 0.287115 0.023634 0.042017
4 0.550683 0.252568 0.026786 0.036415
4 0.597164 0.256303 0.031513 0.047619
4 0.624475 0.247432 0.031513 0.050420
4 0.650210 0.246499 0.029412 0.044818
4 0.386555 0.193277 0.043067 0.037348
5 0.498950 0.181606 0.046218 0.038282
4 0.579044 0.212885 0.044643 0.033613
4 0.548057 0.185808 0.038340 0.031746
4 0.598214 0.188142 0.039916 0.028945
4 0.262080 0.238095 0.018908 0.037348
5 0.236345 0.234360 0.025210 0.052288
4 0.206670 0.238095 0.024685 0.044818
1 0.541754 0.228291 0.005777 0.032680
4 0.203519 0.319328 0.042542 0.044818
5 0.357931 0.163399 0.021534 0.041083
4 0.394433 0.174136 0.019958 0.021475
4 0.413078 0.170868 0.018382 0.031746
1 0.205620 0.916900 0.021534 0.070962
1 0.147584 0.966853 0.016807 0.034547
1 0.789128 0.966853 0.018382 0.064426
1 0.779149 0.919701 0.016282 0.044818
3 0.567489 0.236695 0.032038 0.027077
3 0.764968 0.838936 0.015231 0.066293
0 0.685137 0.607376 0.033088 0.047619
3 0.649947 0.456116 0.023634 0.028945
3 0.655725 0.469188 0.021534 0.034547
1 0.201418 0.537348 0.012080 0.025210
1 0.202994 0.523343 0.015231 0.028945
10 0.179884 0.604575 0.027836 0.040149
10 0.207195 0.342204 0.028887 0.038282
0 0.224790 0.150794 0.035714 0.064426
0 0.633666 0.176937 0.028887 0.047619
10 0.428571 0.155929 0.024160 0.026144
1 0.456933 0.159197 0.011555 0.027077
0 0.533351 0.157796 0.081408 0.024276
1 0.069590 0.906629 0.022584 0.069094
