4 0.254464 0.950047 0.066702 0.094304
4 0.302258 0.827731 0.102416 0.086835
4 0.316702 0.691410 0.060924 0.103641
4 0.374212 0.647526 0.047794 0.109244
4 0.218487 0.690476 0.092437 0.071895
4 0.205882 0.642857 0.090336 0.070028
4 0.305410 0.577498 0.085609 0.071895
4 0.302784 0.516340 0.081408 0.056022
4 0.316176 0.476190 0.069328 0.050420
4 0.354254 0.449580 0.032038 0.066293
4 0.323792 0.416433 0.063550 0.069094
4 0.350578 0.372082 0.026786 0.058824
4 0.172269 0.569561 0.080882 0.100840
4 0.184086 0.522409 0.069853 0.058824
4 0.615284 0.928571 0.066702 0.139122
4 0.599265 0.820261 0.095588 0.107376
4 0.622899 0.743697 0.092437 0.071895
4 0.613971 0.682073 0.088235 0.068161
5 0.574055 0.595238 0.035714 0.083100
4 0.576943 0.528945 0.034139 0.062558
4 0.539391 0.498133 0.030462 0.056956
4 0.594275 0.469188 0.062500 0.053221
4 0.564863 0.432306 0.026786 0.054155
4 0.567752 0.384220 0.033613 0.049486
4 0.623162 0.387955 0.040441 0.070028
4 0.656250 0.373016 0.040441 0.062558
4 0.687763 0.377684 0.043592 0.055089
5 0.503151 0.280112 0.053571 0.044818
4 0.561975 0.282913 0.046218 0.035481
4 0.619485 0.285247 0.048845 0.032680
4 0.374475 0.304388 0.047269 0.035481
4 0.215599 0.360878 0.025735 0.055089
5 0.182773 0.355742 0.029412 0.067227
4 0.149947 0.362278 0.034139 0.044818
4 0.457721 0.320728 0.051996 0.038282
1 0.666492 0.560691 0.009454 0.049486
2 0.665179 0.552288 0.006828 0.023343
1 0.547794 0.364613 0.008403 0.038282
4 0.125263 0.484594 0.060399 0.061625
4 0.108456 0.365079 0.035189 0.057890
4 0.094013 0.453782 0.048319 0.050420
5 0.340599 0.259570 0.023634 0.046685
4 0.383141 0.274977 0.023634 0.042017
4 0.404937 0.262372 0.018908 0.035481
3 0.584559 0.351074 0.037815 0.024276
3 0.703256 0.717554 0.030462 0.038282
3 0.712185 0.740430 0.027311 0.042951
1 0.088498 0.873483 0.012080 0.025210
1 0.092174 0.857610 0.015231 0.028945
10 0.132616 0.526144 0.028887 0.038282
0 0.180410 0.241363 0.036239 0.064426
0 0.659401 0.256303 0.028887 0.047619
7 0.129464 0.254435 0.022584 0.032680
1 0.121061 0.260971 0.004727 0.032680
1 0.129464 0.261905 0.009979 0.036415
10 0.424632 0.243231 0.024685 0.027077
1 0.456145 0.239496 0.012080 0.027077
0 0.539128 0.246965 0.081408 0.025210
1 0.671218 0.342670 0.008403 0.037348
1 0.678046 0.333333 0.010504 0.033613
