5 0.266544 0.949113 0.119223 0.098039
6 0.279412 0.884687 0.133403 0.099907
4 0.305935 0.790383 0.100315 0.084967
4 0.311187 0.669468 0.049895 0.106443
4 0.365284 0.688142 0.045693 0.110177
4 0.342962 0.574697 0.079832 0.062558
4 0.352153 0.489262 0.051996 0.070962
4 0.397321 0.461718 0.037290 0.075630
4 0.271796 0.485528 0.074055 0.056022
4 0.257353 0.458450 0.071429 0.050420
4 0.316439 0.419234 0.070903 0.056022
4 0.334559 0.372082 0.070378 0.043884
4 0.345588 0.345472 0.053571 0.041083
4 0.376313 0.326797 0.026786 0.052288
4 0.348739 0.300187 0.052521 0.055089
4 0.370011 0.269374 0.022584 0.047619
4 0.228204 0.405229 0.063550 0.078431
4 0.236082 0.373483 0.056197 0.044818
4 0.617647 0.945845 0.090336 0.104575
4 0.627626 0.838936 0.049370 0.131653
3 0.623950 0.708683 0.022059 0.046685
4 0.589286 0.641923 0.054622 0.101774
4 0.579044 0.570962 0.075105 0.071895
4 0.598214 0.523343 0.074580 0.055089
4 0.592437 0.484594 0.070378 0.046685
5 0.561712 0.428571 0.030987 0.061625
4 0.564076 0.384220 0.028361 0.045752
4 0.533613 0.363212 0.027311 0.042951
4 0.581670 0.343137 0.051996 0.042017
4 0.556985 0.315126 0.022584 0.040149
4 0.558824 0.281513 0.028361 0.034547
4 0.608193 0.281513 0.033613 0.055089
4 0.637342 0.272642 0.034139 0.050420
4 0.666229 0.273109 0.028887 0.045752
4 0.321691 0.211951 0.043592 0.039216
5 0.503676 0.200747 0.049370 0.039216
4 0.663603 0.232960 0.046744 0.032680
4 0.555935 0.203548 0.040441 0.031746
4 0.608456 0.207283 0.042542 0.029879
4 0.252101 0.261905 0.021008 0.042017
5 0.225578 0.257703 0.027836 0.054155
4 0.196429 0.259104 0.027311 0.043884
4 0.247374 0.220822 0.047269 0.030812
1 0.548057 0.252101 0.005777 0.033613
4 0.184349 0.354342 0.051471 0.053221
4 0.160189 0.261905 0.029412 0.051354
5 0.357668 0.182073 0.019958 0.042951
4 0.396534 0.197012 0.019958 0.035481
4 0.415179 0.187675 0.018382 0.031746
3 0.573792 0.260971 0.034139 0.027077
3 0.804097 0.972923 0.018908 0.050420
0 0.707983 0.696545 0.035714 0.057890
3 0.665704 0.511204 0.024685 0.030812
3 0.672532 0.527544 0.022584 0.037348
1 0.177258 0.602708 0.012080 0.025210
1 0.178309 0.591503 0.015231 0.028945
10 0.154149 0.688609 0.027836 0.040149
10 0.191964 0.377684 0.028887 0.038282
0 0.220326 0.169468 0.036239 0.064426
0 0.641544 0.196545 0.028887 0.047619
7 0.169118 0.175537 0.022059 0.031746
1 0.188813 0.173203 0.004727 0.032680
1 0.194590 0.173203 0.009979 0.036415
10 0.429359 0.172269 0.024685 0.027077
1 0.461397 0.174136 0.012080 0.027077
0 0.533876 0.176937 0.081408 0.025210
