4 0.290441 0.938842 0.073529 0.118581
4 0.364233 0.890289 0.063550 0.161531
4 0.167017 0.952381 0.120798 0.087768
4 0.154149 0.884687 0.117122 0.096172
4 0.379989 0.704015 0.054097 0.121382
4 0.285189 0.684874 0.099790 0.075630
4 0.304359 0.625117 0.081408 0.064426
4 0.350578 0.589169 0.034139 0.085901
4 0.314601 0.542951 0.078782 0.092437
4 0.349002 0.479925 0.032038 0.080299
4 0.121324 0.768908 0.102941 0.139122
4 0.141282 0.703081 0.086134 0.098973
4 0.667279 0.954715 0.112920 0.088702
5 0.615284 0.814659 0.044643 0.116713
4 0.615809 0.711018 0.041492 0.101774
4 0.570903 0.654528 0.037815 0.082166
4 0.634454 0.618581 0.075630 0.062558
4 0.599002 0.561625 0.033088 0.071895
4 0.601366 0.495331 0.035714 0.066293
4 0.667542 0.502801 0.049370 0.086835
4 0.704832 0.486461 0.047269 0.082166
4 0.746586 0.491597 0.044643 0.070028
5 0.526523 0.353408 0.061450 0.051354
4 0.592437 0.358543 0.053571 0.039216
4 0.659664 0.363212 0.054622 0.037348
4 0.497637 0.837535 0.044643 0.125117
4 0.600840 0.389356 0.058824 0.046685
4 0.211660 0.446312 0.031513 0.085901
5 0.164916 0.454248 0.036765 0.077498
4 0.121061 0.459851 0.044643 0.062558
1 0.595851 0.964986 0.016282 0.066293
2 0.595588 0.955649 0.008403 0.038282
2 0.436712 0.635387 0.013130 0.034547
3 0.436187 0.647526 0.013130 0.032680
2 0.492647 0.546685 0.010504 0.034547
3 0.492384 0.556489 0.011029 0.037348
1 0.542805 0.549020 0.008929 0.044818
4 0.069590 0.654995 0.089811 0.090570
4 0.070378 0.476657 0.044118 0.058824
4 0.039128 0.609244 0.071954 0.098039
3 0.341912 0.424837 0.018908 0.028011
1 0.342437 0.414566 0.009454 0.041083
5 0.342437 0.326797 0.027311 0.054155
4 0.391544 0.347806 0.024685 0.049486
4 0.415704 0.333800 0.022584 0.043884
4 0.799895 0.491597 0.038866 0.070028
5 0.819328 0.456583 0.047269 0.061625
4 0.796218 0.395892 0.063025 0.046685
3 0.620798 0.455182 0.043067 0.034547
10 0.076418 0.705415 0.028887 0.038282
0 0.165179 0.312325 0.036239 0.064426
0 0.699842 0.324463 0.028887 0.047619
7 0.109769 0.318861 0.029412 0.042017
10 0.438288 0.307656 0.024685 0.027077
0 0.816964 0.336601 0.039391 0.070028
1 0.470326 0.311391 0.012080 0.027077
0 0.570641 0.318861 0.094013 0.025210
1 0.722689 0.446312 0.010504 0.035481
1 0.711660 0.439776 0.013655 0.033613
