4 0.303571 0.855742 0.098739 0.084967
4 0.318015 0.713819 0.059349 0.105509
4 0.375263 0.671802 0.047794 0.112979
4 0.220063 0.715686 0.090336 0.071895
4 0.205882 0.665266 0.090336 0.068161
4 0.321691 0.591970 0.083508 0.072829
4 0.305672 0.536415 0.077731 0.058824
4 0.317489 0.494865 0.066702 0.048553
4 0.354779 0.467320 0.030987 0.066293
4 0.323004 0.434174 0.061975 0.072829
4 0.351366 0.386555 0.026261 0.059757
4 0.172794 0.590103 0.079832 0.104575
4 0.185662 0.542951 0.069853 0.064426
4 0.616334 0.943511 0.064601 0.109244
4 0.599527 0.847806 0.096113 0.106443
4 0.622899 0.768908 0.091387 0.066293
4 0.614233 0.706816 0.086660 0.067227
5 0.575105 0.617180 0.034664 0.084034
4 0.575893 0.547619 0.033088 0.062558
4 0.539128 0.518207 0.030987 0.059757
4 0.594013 0.486461 0.059874 0.048553
4 0.564863 0.449113 0.025735 0.054155
4 0.566702 0.402894 0.033613 0.049486
4 0.622374 0.401961 0.040966 0.068161
4 0.655462 0.389356 0.039916 0.065359
4 0.689076 0.392624 0.040966 0.055089
5 0.504464 0.291783 0.051996 0.045752
4 0.561187 0.294585 0.044643 0.034547
4 0.619748 0.296452 0.047269 0.036415
4 0.235819 0.315593 0.049370 0.031746
4 0.219275 0.379085 0.025735 0.056022
5 0.182511 0.372549 0.029937 0.067227
4 0.150210 0.375350 0.034664 0.050420
4 0.580882 0.333333 0.052521 0.037348
1 0.649685 0.604575 0.008403 0.047619
2 0.650473 0.594304 0.006828 0.023343
2 0.388130 0.950047 0.014706 0.042017
3 0.389181 0.962652 0.014706 0.044818
1 0.539653 0.392624 0.007878 0.038282
4 0.125788 0.512605 0.060399 0.067227
4 0.108456 0.387955 0.035189 0.058824
4 0.094013 0.478992 0.048319 0.050420
5 0.340074 0.271242 0.023634 0.047619
4 0.384454 0.288982 0.023109 0.042017
4 0.405462 0.276377 0.018908 0.037348
3 0.585084 0.370682 0.038866 0.029879
3 0.702206 0.746499 0.031513 0.040149
3 0.712973 0.770308 0.027836 0.042951
1 0.085872 0.912698 0.012080 0.025210
1 0.092700 0.887488 0.015231 0.028945
10 0.130515 0.555089 0.028887 0.038282
0 0.178834 0.263772 0.036239 0.064426
0 0.659926 0.268441 0.028887 0.047619
7 0.130252 0.263772 0.023109 0.032680
1 0.103204 0.277778 0.004727 0.032680
1 0.108981 0.276844 0.009979 0.036415
10 0.424632 0.254435 0.024685 0.027077
0 0.769433 0.286181 0.038866 0.070028
1 0.455095 0.258170 0.012080 0.027077
0 0.540704 0.260971 0.082458 0.025210
1 0.670693 0.357610 0.010504 0.035481
1 0.672269 0.344071 0.010504 0.032680
