4 0.298057 0.833800 0.067752 0.128852
4 0.360819 0.779178 0.053571 0.133520
4 0.186450 0.838002 0.103992 0.086835
4 0.173319 0.779645 0.103992 0.089636
4 0.351891 0.654528 0.072479 0.102708
4 0.285977 0.614379 0.091912 0.067227
4 0.301996 0.562558 0.074580 0.058824
4 0.343750 0.532680 0.034139 0.075630
4 0.310662 0.489262 0.070903 0.078431
4 0.340336 0.437442 0.029412 0.070028
4 0.139443 0.683007 0.094013 0.118581
4 0.152836 0.625584 0.074580 0.072829
4 0.618435 0.968721 0.101366 0.060691
4 0.639706 0.904295 0.105042 0.090570
4 0.629202 0.827731 0.098739 0.081232
5 0.584034 0.711951 0.039916 0.099907
4 0.586660 0.628852 0.036765 0.081232
4 0.545168 0.585901 0.032563 0.070028
4 0.603729 0.553221 0.067752 0.058824
4 0.570903 0.505135 0.029412 0.059757
4 0.574580 0.450047 0.034664 0.056022
4 0.633929 0.452381 0.044118 0.077498
4 0.669905 0.436975 0.043592 0.069094
4 0.706670 0.439309 0.042542 0.064426
5 0.504727 0.326331 0.055672 0.049486
4 0.566964 0.329132 0.049895 0.036415
4 0.629202 0.332866 0.050420 0.038282
4 0.782300 0.353408 0.055147 0.042017
4 0.205095 0.420168 0.028887 0.070962
5 0.160452 0.419234 0.034139 0.072829
4 0.124475 0.422969 0.038866 0.056022
1 0.604779 0.761438 0.015231 0.055089
2 0.604517 0.753968 0.008403 0.036415
2 0.414916 0.750700 0.013655 0.037348
3 0.415179 0.763772 0.013130 0.037348
2 0.506565 0.669468 0.013130 0.035481
3 0.507616 0.680672 0.011029 0.044818
1 0.523634 0.466387 0.007353 0.042017
4 0.091387 0.591503 0.074580 0.081232
4 0.082983 0.434174 0.038866 0.054155
4 0.064863 0.543884 0.050945 0.064426
5 0.331145 0.302521 0.023634 0.048553
4 0.379202 0.320261 0.023109 0.046685
4 0.400210 0.307656 0.021008 0.040149
3 0.591912 0.411298 0.039916 0.032680
3 0.730567 0.870215 0.034664 0.044818
3 0.740546 0.905696 0.029412 0.050420
10 0.098477 0.630719 0.028887 0.038282
0 0.161502 0.289916 0.036239 0.064426
0 0.671481 0.298319 0.028887 0.047619
7 0.111082 0.295518 0.027836 0.040149
1 0.034401 0.316060 0.004727 0.032680
1 0.038078 0.320728 0.009979 0.036415
10 0.427784 0.286181 0.024685 0.027077
0 0.784926 0.312325 0.039391 0.070028
1 0.459821 0.286181 0.012080 0.027077
0 0.550158 0.289916 0.094013 0.025210
1 0.685924 0.400560 0.010504 0.035481
1 0.674370 0.399160 0.010504 0.032680
