6 0.257616 0.972923 0.146534 0.052288
4 0.286239 0.887488 0.110294 0.094304
4 0.294380 0.743697 0.057248 0.120448
4 0.353204 0.766106 0.048845 0.129785
4 0.331670 0.632120 0.085609 0.070962
4 0.341387 0.535481 0.055672 0.081232
4 0.389706 0.502801 0.039916 0.084967
4 0.255515 0.531279 0.079307 0.061625
4 0.243172 0.493931 0.079832 0.056022
4 0.310399 0.455649 0.076681 0.059757
4 0.324317 0.401961 0.074055 0.047619
4 0.335347 0.370215 0.059349 0.042017
4 0.368960 0.351541 0.028887 0.055089
4 0.339023 0.323063 0.054097 0.057890
4 0.364233 0.290850 0.023634 0.053221
4 0.210609 0.440243 0.069328 0.081232
4 0.220063 0.405229 0.061975 0.050420
4 0.642595 0.932773 0.054097 0.134454
3 0.635242 0.787582 0.022584 0.053221
4 0.596376 0.711951 0.059349 0.114846
4 0.585347 0.629318 0.083508 0.082166
4 0.604517 0.572362 0.080882 0.057890
4 0.598477 0.529412 0.077206 0.052288
5 0.565126 0.464519 0.032563 0.068161
4 0.568277 0.415966 0.029412 0.049486
4 0.535189 0.391223 0.027311 0.046685
4 0.584559 0.370215 0.055672 0.043884
4 0.559086 0.340336 0.023634 0.042017
4 0.561975 0.303455 0.029412 0.041083
4 0.612658 0.305322 0.036239 0.059757
4 0.643120 0.295051 0.035189 0.054155
4 0.673057 0.297852 0.037290 0.050420
4 0.254464 0.225490 0.053046 0.038282
5 0.504202 0.216153 0.049370 0.040149
4 0.720326 0.232960 0.046744 0.032680
4 0.556985 0.220355 0.041492 0.031746
4 0.611345 0.223623 0.044118 0.028945
4 0.576418 0.238562 0.042542 0.032680
4 0.242647 0.281979 0.023109 0.048553
5 0.212447 0.276844 0.028887 0.058824
4 0.181985 0.280112 0.030987 0.042951
4 0.301733 0.242764 0.049895 0.033613
1 0.674632 0.419701 0.007878 0.040149
2 0.672794 0.410364 0.007353 0.023343
1 0.548057 0.274977 0.005777 0.036415
4 0.167279 0.383287 0.051996 0.053221
4 0.143382 0.289449 0.031513 0.052288
5 0.352153 0.197479 0.020483 0.042017
4 0.392332 0.212418 0.019958 0.036415
4 0.411765 0.203548 0.019958 0.033613
3 0.577994 0.281046 0.035189 0.026144
0 0.724002 0.771709 0.037290 0.060691
3 0.676996 0.557423 0.027311 0.033613
3 0.684874 0.574697 0.023109 0.040149
1 0.148897 0.674603 0.012080 0.025210
1 0.152048 0.655929 0.015231 0.028945
10 0.119485 0.769841 0.027836 0.040149
10 0.056985 0.943511 0.045693 0.049486
10 0.176733 0.409430 0.028887 0.038282
0 0.208771 0.184407 0.036239 0.064426
0 0.647321 0.211485 0.028887 0.047619
7 0.156775 0.190943 0.022584 0.032680
1 0.169380 0.186275 0.004727 0.032680
1 0.175158 0.186275 0.009979 0.036415
10 0.428309 0.187208 0.024685 0.027077
1 0.459296 0.187208 0.012080 0.027077
0 0.537553 0.191877 0.081408 0.025210
