4 0.294643 0.913632 0.071429 0.144725
4 0.362658 0.849673 0.060399 0.151261
4 0.173845 0.915500 0.113445 0.092437
4 0.163603 0.844071 0.112920 0.091503
4 0.371061 0.688609 0.061450 0.116713
4 0.286765 0.660131 0.095588 0.072829
4 0.303046 0.602241 0.077731 0.059757
4 0.348739 0.568161 0.034664 0.079365
4 0.312500 0.527077 0.074580 0.088702
4 0.346113 0.466387 0.029412 0.075630
4 0.128939 0.738095 0.099265 0.133520
4 0.147584 0.676004 0.086134 0.091503
4 0.663603 0.973856 0.115021 0.048553
4 0.651523 0.910831 0.106618 0.094304
5 0.601366 0.776377 0.042017 0.111111
4 0.603992 0.680205 0.039916 0.090570
4 0.560924 0.631186 0.036765 0.078431
4 0.623162 0.595705 0.073004 0.061625
4 0.588498 0.542951 0.032038 0.066293
4 0.590336 0.480859 0.034664 0.061625
4 0.654937 0.485994 0.046218 0.084967
4 0.691439 0.470121 0.046744 0.077498
4 0.730042 0.471989 0.045168 0.079365
5 0.518908 0.347339 0.059874 0.048553
4 0.583508 0.351074 0.052521 0.039216
4 0.646534 0.355275 0.051471 0.034547
4 0.488183 0.940243 0.047794 0.115780
4 0.675945 0.378151 0.058824 0.046685
4 0.207458 0.438842 0.031513 0.085901
5 0.159664 0.444444 0.036765 0.076564
4 0.121849 0.450980 0.042017 0.061625
1 0.590336 0.876284 0.015756 0.058824
2 0.590336 0.870682 0.008403 0.038282
2 0.434611 0.679272 0.013130 0.034547
3 0.435137 0.691877 0.013130 0.037348
2 0.498424 0.586835 0.011555 0.038282
3 0.499212 0.596172 0.011029 0.040149
1 0.535977 0.517274 0.008929 0.044818
4 0.076418 0.635387 0.084559 0.090570
4 0.071691 0.463585 0.042542 0.055089
4 0.046481 0.583100 0.066702 0.079365
3 0.324580 0.405696 0.019958 0.027077
1 0.325368 0.396825 0.009979 0.039216
5 0.339811 0.320728 0.024160 0.055089
4 0.387080 0.341270 0.024160 0.049486
4 0.410189 0.324463 0.021008 0.040149
4 0.784401 0.476190 0.034139 0.063492
5 0.809874 0.444911 0.046218 0.053221
4 0.848739 0.382820 0.057773 0.044818
3 0.608981 0.439309 0.041492 0.032680
3 0.759979 0.960317 0.035714 0.043884
10 0.085347 0.676471 0.028887 0.038282
0 0.163603 0.302988 0.036239 0.064426
0 0.686187 0.312325 0.028887 0.047619
7 0.113183 0.310458 0.027836 0.040149
10 0.435137 0.299253 0.024685 0.027077
0 0.803834 0.328198 0.039391 0.070028
1 0.467700 0.302988 0.012080 0.027077
0 0.563813 0.311391 0.094013 0.025210
1 0.709559 0.430439 0.010504 0.035481
1 0.702468 0.427171 0.012080 0.032680
