4 0.267857 0.859477 0.065126 0.148459
4 0.334296 0.888422 0.056197 0.159664
4 0.313025 0.722689 0.095588 0.078431
4 0.325630 0.604575 0.058824 0.090570
4 0.380777 0.567227 0.045168 0.096172
4 0.232405 0.601307 0.087710 0.067227
4 0.218225 0.557423 0.086660 0.056022
4 0.304884 0.507937 0.082458 0.063492
4 0.311187 0.451447 0.078256 0.051354
4 0.324317 0.413632 0.064601 0.041083
4 0.360557 0.393557 0.028887 0.060691
4 0.329044 0.360878 0.059349 0.062558
4 0.355305 0.322596 0.025735 0.055089
4 0.186712 0.495331 0.076155 0.090570
4 0.198267 0.455649 0.065651 0.056022
3 0.651523 0.911765 0.025735 0.062558
4 0.607931 0.819328 0.064601 0.140990
4 0.594538 0.718954 0.090336 0.098973
4 0.615546 0.651261 0.088235 0.066293
4 0.607931 0.598973 0.084559 0.060691
5 0.571166 0.522876 0.034139 0.076564
4 0.573529 0.464986 0.031513 0.056022
4 0.537553 0.436975 0.027836 0.050420
4 0.591124 0.411298 0.058298 0.045752
4 0.561712 0.378618 0.024685 0.047619
4 0.565126 0.336134 0.031513 0.042951
4 0.619748 0.339869 0.037815 0.061625
4 0.651786 0.325397 0.039916 0.058824
4 0.683298 0.327731 0.042017 0.056022
4 0.147847 0.247432 0.054097 0.041083
5 0.503939 0.238095 0.050945 0.041083
4 0.560137 0.243231 0.044643 0.034547
4 0.617910 0.247432 0.045693 0.031746
4 0.483456 0.265640 0.045693 0.032680
4 0.229254 0.316527 0.024685 0.050420
5 0.194853 0.310458 0.030462 0.062558
4 0.162553 0.315593 0.033088 0.042951
4 0.372374 0.275444 0.053571 0.037348
1 0.673845 0.478992 0.008403 0.041083
2 0.672794 0.471055 0.007353 0.023343
1 0.547532 0.310458 0.005777 0.036415
4 0.144433 0.431373 0.054622 0.056022
4 0.123424 0.323529 0.032563 0.053221
5 0.345326 0.220355 0.021534 0.041083
4 0.387342 0.236695 0.022584 0.036415
4 0.407300 0.225023 0.019433 0.033613
3 0.581670 0.309057 0.037290 0.026144
0 0.754464 0.891690 0.043592 0.065359
3 0.693277 0.632586 0.028361 0.036415
3 0.702468 0.652661 0.026786 0.042951
1 0.110032 0.770775 0.012080 0.025210
1 0.115809 0.753035 0.015231 0.028945
10 0.069328 0.892157 0.038866 0.058824
10 0.148372 0.461718 0.028887 0.038282
0 0.195641 0.207750 0.036239 0.064426
0 0.654674 0.230159 0.028887 0.047619
7 0.137868 0.210551 0.022584 0.032680
1 0.145746 0.218021 0.004727 0.032680
1 0.153624 0.218021 0.009979 0.036415
10 0.426208 0.209617 0.024685 0.027077
1 0.456670 0.206816 0.012080 0.027077
0 0.539128 0.218021 0.081408 0.025210
