4 0.297794 0.909897 0.105042 0.094304
4 0.314076 0.754435 0.063025 0.110177
4 0.373424 0.705415 0.049370 0.118581
4 0.211922 0.754435 0.095063 0.076564
4 0.199055 0.701214 0.094538 0.072829
4 0.340861 0.610177 0.079832 0.084967
4 0.301733 0.560691 0.081408 0.058824
4 0.314863 0.514006 0.067752 0.049486
4 0.353992 0.487862 0.032563 0.070028
4 0.320903 0.450514 0.065126 0.075630
4 0.349790 0.401961 0.026261 0.066293
4 0.164916 0.620448 0.082983 0.107376
4 0.176471 0.570028 0.069328 0.066293
4 0.608193 0.900560 0.099790 0.116713
4 0.631040 0.813259 0.097164 0.074697
4 0.622111 0.746965 0.090861 0.070962
5 0.579832 0.648926 0.036765 0.087768
4 0.581670 0.574697 0.035189 0.070028
4 0.543067 0.539683 0.031513 0.057890
4 0.599265 0.508403 0.063025 0.053221
4 0.568803 0.466387 0.027311 0.056956
4 0.571429 0.415966 0.033613 0.055089
4 0.628414 0.417834 0.042542 0.070028
4 0.662815 0.401961 0.042017 0.064426
4 0.698792 0.405229 0.038340 0.063492
5 0.505515 0.300654 0.053046 0.046685
4 0.564601 0.303922 0.047269 0.034547
4 0.623950 0.307656 0.049370 0.032680
4 0.091387 0.319795 0.052521 0.040149
4 0.213235 0.389823 0.026261 0.056956
5 0.176996 0.388889 0.032563 0.070028
4 0.143120 0.387955 0.036239 0.051354
4 0.706933 0.345472 0.052521 0.039216
1 0.636292 0.662932 0.009979 0.050420
2 0.636292 0.652194 0.007878 0.023343
2 0.399422 0.827264 0.014181 0.041083
3 0.399947 0.838002 0.014181 0.043884
2 0.520483 0.807656 0.014706 0.041083
3 0.520746 0.816060 0.013130 0.059757
1 0.533351 0.415966 0.007878 0.040149
4 0.112132 0.547619 0.065651 0.073763
4 0.097952 0.405229 0.036239 0.054155
4 0.082983 0.504202 0.048319 0.054155
5 0.336922 0.282913 0.023634 0.046685
4 0.382878 0.299720 0.023109 0.044818
4 0.404412 0.287582 0.019958 0.039216
3 0.589023 0.384687 0.040441 0.031746
3 0.714548 0.787582 0.033088 0.043884
3 0.724265 0.813725 0.027311 0.045752
10 0.121586 0.579365 0.028887 0.038282
0 0.173582 0.275910 0.036239 0.064426
0 0.664653 0.282446 0.028887 0.047619
7 0.122637 0.275910 0.025735 0.036415
1 0.075368 0.289916 0.004727 0.032680
1 0.080620 0.291783 0.009979 0.036415
10 0.424632 0.269374 0.024685 0.027077
0 0.772321 0.295985 0.039391 0.069094
1 0.453519 0.268441 0.012080 0.027077
0 0.544643 0.274043 0.088235 0.025210
1 0.676996 0.373483 0.010504 0.035481
1 0.666492 0.360878 0.010504 0.032680
