4 0.294380 0.928105 0.073004 0.138189
4 0.365284 0.869748 0.061450 0.157796
4 0.172006 0.935574 0.118172 0.097106
4 0.160452 0.862745 0.115021 0.093371
4 0.378414 0.696545 0.057248 0.119514
4 0.288078 0.671802 0.097164 0.073763
4 0.304884 0.612512 0.080357 0.063492
4 0.351103 0.577498 0.033088 0.081232
4 0.316176 0.535014 0.077731 0.091503
4 0.350578 0.472923 0.030987 0.079365
4 0.127889 0.753035 0.101366 0.137255
4 0.148372 0.687675 0.088761 0.098039
4 0.662290 0.939309 0.110294 0.098973
5 0.612658 0.798319 0.043592 0.115780
4 0.612920 0.697479 0.039916 0.095238
4 0.568803 0.645191 0.035714 0.082166
4 0.632616 0.610177 0.073004 0.064426
4 0.597426 0.554622 0.033088 0.067227
4 0.599790 0.487862 0.037815 0.064426
4 0.664128 0.496732 0.048845 0.082166
4 0.702731 0.478058 0.047269 0.078431
4 0.741334 0.482260 0.045693 0.071895
5 0.525735 0.352474 0.059874 0.049486
4 0.591912 0.355742 0.051471 0.037348
4 0.657563 0.359944 0.053571 0.038282
4 0.495798 0.889356 0.047269 0.133520
4 0.639968 0.384220 0.058298 0.045752
4 0.209296 0.443511 0.030987 0.085901
5 0.164128 0.448179 0.036239 0.076564
4 0.125525 0.454715 0.043067 0.063492
1 0.593750 0.924837 0.016282 0.066293
2 0.594538 0.916433 0.008403 0.038282
2 0.439863 0.655929 0.013130 0.034547
3 0.439338 0.666200 0.013130 0.034547
2 0.499475 0.560224 0.010504 0.035481
3 0.500263 0.569561 0.011029 0.041083
1 0.541754 0.533613 0.008929 0.045752
4 0.076418 0.641457 0.087710 0.089636
4 0.075630 0.471055 0.044118 0.058824
4 0.046218 0.596639 0.069328 0.089636
3 0.337185 0.415500 0.019958 0.028011
1 0.337973 0.405229 0.009979 0.039216
5 0.343487 0.323996 0.025210 0.054155
4 0.392595 0.343604 0.024685 0.050420
4 0.415441 0.330065 0.022059 0.042017
4 0.794118 0.485994 0.038866 0.070028
5 0.818277 0.453315 0.047269 0.056956
4 0.826943 0.392157 0.062500 0.046685
3 0.618435 0.448179 0.042542 0.033613
10 0.080620 0.691410 0.028887 0.038282
0 0.164128 0.307656 0.036239 0.064426
0 0.693540 0.318861 0.028887 0.047619
7 0.112920 0.314659 0.028361 0.041083
10 0.438288 0.302988 0.024685 0.027077
0 0.811187 0.332866 0.039391 0.070028
1 0.469275 0.307656 0.012080 0.027077
0 0.567489 0.315126 0.094013 0.025210
1 0.720063 0.441643 0.010504 0.035481
1 0.709559 0.432306 0.013655 0.033613
