4 0.297269 0.887955 0.069328 0.136321
4 0.364758 0.828198 0.057248 0.145658
4 0.180672 0.888889 0.110294 0.089636
4 0.169118 0.821662 0.109244 0.085901
4 0.366597 0.678338 0.064076 0.111111
4 0.289128 0.644258 0.092962 0.069094
4 0.305410 0.590103 0.076155 0.056022
4 0.348477 0.556489 0.035189 0.078431
4 0.314601 0.515406 0.072479 0.087768
4 0.347426 0.457049 0.030987 0.071895
4 0.134716 0.719888 0.096113 0.126984
4 0.150998 0.656863 0.080357 0.083100
4 0.659664 0.960317 0.111345 0.073763
4 0.646796 0.885154 0.104517 0.089636
5 0.599527 0.756303 0.042542 0.108310
4 0.600315 0.664799 0.037815 0.087768
4 0.558036 0.616713 0.035189 0.077498
4 0.619748 0.584967 0.072479 0.060691
4 0.586134 0.532680 0.031513 0.066293
4 0.587710 0.471989 0.035714 0.060691
4 0.650210 0.478525 0.045168 0.084967
4 0.687763 0.458917 0.045693 0.075630
4 0.724002 0.463585 0.045693 0.073763
5 0.517595 0.341737 0.058298 0.048553
4 0.580357 0.345472 0.052521 0.039216
4 0.644695 0.347806 0.053046 0.036415
4 0.716124 0.371615 0.055147 0.042951
4 0.207458 0.432306 0.031513 0.085901
5 0.164916 0.436508 0.036765 0.077498
4 0.127626 0.443978 0.040966 0.058824
1 0.597164 0.838002 0.015756 0.056956
2 0.595588 0.830999 0.008403 0.037348
2 0.432511 0.701214 0.013130 0.035481
3 0.433036 0.714286 0.013130 0.037348
2 0.505252 0.608777 0.012605 0.035481
3 0.505515 0.619048 0.011029 0.041083
1 0.534664 0.501401 0.008403 0.042951
4 0.081145 0.620915 0.081408 0.087768
4 0.077731 0.455649 0.039916 0.056022
4 0.052258 0.570495 0.061450 0.074697
5 0.339811 0.315593 0.024160 0.054155
4 0.387080 0.335201 0.024160 0.046685
4 0.410189 0.320728 0.021008 0.040149
3 0.606880 0.431373 0.041492 0.031746
3 0.753151 0.933240 0.035714 0.043884
3 0.765756 0.971989 0.031513 0.048553
10 0.088498 0.661531 0.028887 0.038282
0 0.162553 0.299253 0.036239 0.064426
0 0.681460 0.307656 0.028887 0.047619
7 0.112658 0.306723 0.027836 0.040149
1 0.019170 0.331933 0.004727 0.032680
1 0.015494 0.331933 0.009979 0.036415
10 0.432511 0.295518 0.024685 0.027077
0 0.797006 0.324463 0.039391 0.070028
1 0.466124 0.299253 0.012080 0.027077
0 0.560137 0.306723 0.094013 0.025210
1 0.703256 0.421102 0.010504 0.035481
1 0.694853 0.419701 0.010504 0.032680
