4 0.334559 0.957983 0.100840 0.082166
3 0.264706 0.956116 0.038866 0.042951
5 0.276261 0.895892 0.111345 0.109244
6 0.289916 0.831933 0.125000 0.095238
4 0.311187 0.746965 0.097164 0.080299
4 0.314338 0.635387 0.047794 0.096172
4 0.367122 0.653595 0.046218 0.104575
4 0.346113 0.547619 0.077731 0.058824
4 0.354254 0.470121 0.050945 0.071895
4 0.396271 0.443044 0.036239 0.071895
4 0.275735 0.462652 0.070378 0.053221
4 0.264706 0.435107 0.069328 0.048553
4 0.315914 0.404295 0.067752 0.054155
4 0.336134 0.357610 0.067227 0.037348
4 0.347164 0.329599 0.052521 0.039216
4 0.376050 0.313259 0.027311 0.053221
4 0.348214 0.287115 0.052521 0.051354
4 0.368960 0.260971 0.022584 0.045752
4 0.230042 0.387955 0.058824 0.077498
4 0.241334 0.361811 0.054097 0.047619
4 0.615021 0.910364 0.093487 0.151261
4 0.616859 0.788515 0.044643 0.120448
3 0.614496 0.666200 0.021008 0.045752
4 0.581408 0.607843 0.052521 0.089636
4 0.571954 0.546685 0.073529 0.066293
4 0.590074 0.499066 0.071954 0.047619
4 0.585084 0.462185 0.069328 0.044818
5 0.554622 0.412232 0.027311 0.055089
4 0.558036 0.371148 0.026786 0.045752
4 0.528624 0.346872 0.026786 0.043884
4 0.574055 0.328665 0.051471 0.041083
4 0.550158 0.302054 0.022584 0.040149
4 0.553309 0.267974 0.027836 0.035481
4 0.600578 0.271709 0.034139 0.056022
4 0.628414 0.263305 0.033088 0.052288
4 0.656513 0.265173 0.028361 0.046685
4 0.347164 0.203548 0.043067 0.037348
5 0.499212 0.193744 0.045693 0.040149
4 0.624212 0.226424 0.046744 0.030812
4 0.550158 0.197479 0.038340 0.030812
4 0.601366 0.201681 0.038866 0.029879
4 0.257353 0.251167 0.018908 0.037348
5 0.231880 0.248366 0.026786 0.052288
4 0.198792 0.251634 0.026786 0.043884
4 0.213761 0.213352 0.046218 0.028945
1 0.542805 0.245098 0.006828 0.034547
4 0.193015 0.338469 0.048845 0.049486
5 0.360032 0.177404 0.020483 0.035481
4 0.396796 0.188609 0.020483 0.033613
4 0.414128 0.181139 0.018382 0.031746
3 0.571166 0.250233 0.033088 0.026144
3 0.785452 0.916900 0.017332 0.070962
0 0.698267 0.654528 0.034139 0.052288
3 0.659401 0.485994 0.023634 0.028945
3 0.665441 0.500934 0.022059 0.036415
1 0.187237 0.574697 0.012080 0.025210
1 0.188813 0.561625 0.015231 0.028945
10 0.162553 0.654995 0.027836 0.040149
10 0.196691 0.362745 0.028887 0.038282
0 0.224527 0.161064 0.036239 0.064426
0 0.638393 0.188142 0.028887 0.047619
1 0.194065 0.163399 0.004727 0.031746
1 0.199842 0.165266 0.009979 0.035481
10 0.429097 0.165266 0.024160 0.026144
1 0.459296 0.167600 0.012080 0.027077
0 0.531775 0.168534 0.081408 0.025210
