4 0.280725 0.915033 0.112920 0.097106
4 0.289128 0.762372 0.059349 0.126050
4 0.349790 0.788515 0.052521 0.133520
4 0.327468 0.647059 0.087710 0.072829
4 0.338235 0.549020 0.056723 0.084034
4 0.388130 0.514939 0.040966 0.088702
4 0.251576 0.544818 0.079832 0.062558
4 0.238971 0.505602 0.080882 0.056956
4 0.309086 0.466853 0.077206 0.059757
4 0.321691 0.411298 0.075105 0.049486
4 0.332721 0.378618 0.060399 0.042017
4 0.367384 0.359477 0.028887 0.056022
4 0.337447 0.329599 0.055147 0.059757
4 0.362658 0.296919 0.023634 0.054155
4 0.206145 0.450047 0.070903 0.082166
4 0.215861 0.414099 0.063025 0.051354
4 0.644695 0.945378 0.055147 0.105509
3 0.638655 0.809991 0.023109 0.055089
4 0.599002 0.730626 0.060399 0.118581
4 0.586922 0.644725 0.085609 0.084967
4 0.606618 0.585434 0.081933 0.057890
4 0.600315 0.542017 0.078782 0.053221
5 0.566439 0.475257 0.033088 0.069094
4 0.569065 0.424837 0.029937 0.050420
4 0.535189 0.399627 0.027311 0.048553
4 0.585872 0.377684 0.055147 0.043884
4 0.559611 0.347339 0.023634 0.044818
4 0.562763 0.308590 0.029937 0.042017
4 0.613971 0.311858 0.036765 0.059757
4 0.644695 0.300187 0.036239 0.055089
4 0.674370 0.303922 0.038866 0.049486
4 0.235032 0.228291 0.055147 0.038282
5 0.503939 0.220822 0.048845 0.040149
4 0.557511 0.225023 0.041492 0.031746
4 0.612920 0.228291 0.044118 0.028945
4 0.559086 0.243231 0.042542 0.032680
4 0.240284 0.287582 0.023634 0.048553
5 0.209034 0.283380 0.029412 0.058824
4 0.178046 0.286648 0.031513 0.042951
4 0.314863 0.248833 0.050945 0.034547
1 0.674107 0.430906 0.007878 0.040149
2 0.672794 0.421569 0.007353 0.023343
1 0.547794 0.281046 0.005252 0.035481
4 0.163078 0.391690 0.051996 0.053221
4 0.139443 0.296452 0.032038 0.053221
5 0.351103 0.202148 0.020483 0.042017
4 0.391807 0.217087 0.019958 0.036415
4 0.410977 0.207750 0.020483 0.034547
3 0.578782 0.286648 0.035714 0.026144
0 0.729517 0.793651 0.037815 0.061625
3 0.680147 0.571429 0.027311 0.035481
3 0.688288 0.589636 0.023634 0.040149
1 0.141019 0.694211 0.012080 0.025210
1 0.144695 0.674603 0.015231 0.028945
10 0.110819 0.792717 0.029412 0.042951
10 0.172006 0.419701 0.028887 0.038282
0 0.206145 0.188142 0.036239 0.064426
0 0.648897 0.215219 0.028887 0.047619
7 0.152574 0.195612 0.022584 0.032680
1 0.164653 0.191877 0.004727 0.032680
1 0.170431 0.191877 0.009979 0.036415
10 0.427784 0.190943 0.024685 0.027077
1 0.458771 0.190009 0.012080 0.027077
0 0.538603 0.195612 0.081408 0.025210
