4 0.299370 0.902894 0.103992 0.093371
4 0.315126 0.749767 0.063025 0.108310
4 0.374475 0.700280 0.049370 0.117647
4 0.213761 0.749767 0.094538 0.074697
4 0.200630 0.696545 0.094538 0.072829
4 0.340074 0.607376 0.080357 0.083100
4 0.302784 0.558357 0.080357 0.057890
4 0.315914 0.509804 0.067752 0.050420
4 0.355042 0.484594 0.032563 0.070962
4 0.321954 0.447712 0.064076 0.075630
4 0.350578 0.399627 0.025735 0.065359
4 0.166492 0.616713 0.082983 0.107376
4 0.178309 0.566760 0.069853 0.065359
4 0.607405 0.893557 0.099265 0.115780
4 0.630777 0.807190 0.096639 0.073763
4 0.621586 0.741830 0.090861 0.070028
5 0.579569 0.645191 0.036239 0.085901
4 0.581933 0.572362 0.034664 0.070962
4 0.542805 0.536881 0.030987 0.057890
4 0.599002 0.505602 0.062500 0.053221
4 0.568803 0.464986 0.027311 0.056022
4 0.570903 0.414099 0.033613 0.055089
4 0.627889 0.415966 0.042542 0.070028
4 0.662290 0.399627 0.042017 0.065359
4 0.699055 0.404762 0.036765 0.062558
5 0.505777 0.298319 0.053571 0.045752
4 0.564338 0.302521 0.046744 0.033613
4 0.623950 0.306256 0.048319 0.031746
4 0.105305 0.318861 0.053046 0.040149
4 0.213761 0.387021 0.026261 0.056956
5 0.178046 0.386088 0.032563 0.070028
4 0.144170 0.385621 0.036239 0.050420
4 0.695903 0.343604 0.052521 0.039216
1 0.638130 0.656396 0.009454 0.050420
2 0.637868 0.646592 0.007878 0.023343
2 0.399160 0.834267 0.014706 0.042017
3 0.399685 0.844071 0.014706 0.044818
2 0.521534 0.821662 0.014706 0.041083
3 0.521796 0.829599 0.013130 0.060691
1 0.534401 0.412698 0.007878 0.039216
4 0.113971 0.544351 0.065126 0.072829
4 0.099265 0.403361 0.035714 0.054155
4 0.084559 0.500934 0.048319 0.053221
5 0.337185 0.281046 0.024160 0.046685
4 0.382878 0.298319 0.023109 0.043884
4 0.404412 0.285714 0.019958 0.039216
3 0.589023 0.382820 0.040441 0.031746
3 0.713498 0.782446 0.033088 0.042951
3 0.723477 0.808123 0.026786 0.045752
1 0.073792 0.957516 0.012080 0.025210
1 0.081670 0.937908 0.015231 0.028945
10 0.123162 0.575630 0.028887 0.038282
0 0.174107 0.274977 0.036239 0.064426
0 0.664128 0.281513 0.028887 0.047619
7 0.124212 0.274977 0.025735 0.036415
1 0.078519 0.288982 0.004727 0.032680
1 0.083246 0.290850 0.009979 0.036415
10 0.424632 0.268441 0.024685 0.027077
0 0.771796 0.295051 0.039391 0.069094
1 0.453519 0.267507 0.012080 0.027077
0 0.544380 0.273109 0.087710 0.025210
1 0.676471 0.371148 0.010504 0.036415
1 0.666492 0.359010 0.010504 0.032680
