4 0.279674 0.979458 0.109769 0.035481
4 0.298845 0.830532 0.068277 0.127918
4 0.361345 0.776377 0.053571 0.133520
4 0.187237 0.834734 0.103466 0.085901
4 0.174370 0.776377 0.102941 0.088702
4 0.351628 0.652194 0.073004 0.101774
4 0.286502 0.612512 0.090861 0.067227
4 0.302258 0.560691 0.074055 0.058824
4 0.344275 0.530345 0.034139 0.074697
4 0.311187 0.487862 0.070903 0.077498
4 0.340861 0.435574 0.029412 0.070028
4 0.140494 0.680672 0.092962 0.119514
4 0.153887 0.623249 0.074580 0.071895
4 0.616859 0.966853 0.103466 0.064426
4 0.639443 0.900560 0.104517 0.088702
4 0.628939 0.824930 0.098214 0.081232
5 0.583771 0.708683 0.040441 0.098973
4 0.586134 0.626050 0.036765 0.081232
4 0.545168 0.583100 0.032563 0.070028
4 0.603204 0.551354 0.067752 0.058824
4 0.570641 0.503268 0.029937 0.059757
4 0.574055 0.449113 0.034664 0.056022
4 0.633403 0.450514 0.044118 0.077498
4 0.669380 0.436041 0.043592 0.069094
4 0.706670 0.438375 0.041492 0.062558
5 0.504727 0.325397 0.055672 0.049486
4 0.566702 0.328198 0.049370 0.036415
4 0.628939 0.331933 0.050945 0.038282
4 0.786502 0.352474 0.055147 0.042017
4 0.205095 0.418768 0.028887 0.070028
5 0.161502 0.417834 0.034139 0.071895
4 0.125263 0.422035 0.039391 0.056022
1 0.605830 0.756769 0.015231 0.055089
2 0.605567 0.749767 0.008403 0.037348
2 0.413866 0.753501 0.013655 0.037348
3 0.414128 0.766573 0.013130 0.037348
2 0.507090 0.673669 0.013130 0.036415
3 0.508141 0.684874 0.011029 0.045752
1 0.524160 0.464519 0.007353 0.042017
4 0.092174 0.589636 0.074055 0.081232
4 0.083508 0.433240 0.038866 0.054155
4 0.065651 0.542017 0.050420 0.064426
5 0.331408 0.302054 0.024160 0.047619
4 0.379202 0.319795 0.023109 0.047619
4 0.400473 0.306723 0.021534 0.040149
3 0.591387 0.409430 0.039916 0.032680
3 0.730042 0.866480 0.034664 0.044818
3 0.740021 0.901961 0.029412 0.050420
10 0.099527 0.627918 0.028887 0.038282
0 0.161502 0.289916 0.036239 0.064426
0 0.670956 0.297386 0.028887 0.047619
7 0.111082 0.294585 0.027836 0.040149
1 0.035977 0.315126 0.004727 0.032680
1 0.039653 0.319795 0.009979 0.036415
10 0.427784 0.286181 0.024685 0.027077
0 0.784401 0.311391 0.039391 0.070028
1 0.459296 0.285247 0.012080 0.027077
0 0.549632 0.288982 0.094013 0.025210
1 0.685399 0.399627 0.010504 0.035481
1 0.673845 0.397292 0.010504 0.032680
