4 0.302258 0.863212 0.068803 0.135387
4 0.367647 0.804855 0.055672 0.140056
4 0.187763 0.863679 0.106618 0.087768
4 0.175420 0.799720 0.105042 0.086835
4 0.365021 0.667600 0.068277 0.108310
4 0.293330 0.627918 0.089811 0.070028
4 0.307773 0.577965 0.075630 0.056022
4 0.350315 0.546218 0.034664 0.078431
4 0.318540 0.503735 0.070903 0.084967
4 0.348477 0.446779 0.032038 0.070028
4 0.144170 0.701214 0.094013 0.121382
4 0.157300 0.641923 0.076155 0.077498
4 0.654149 0.943511 0.108718 0.096172
4 0.642857 0.859944 0.101891 0.085901
5 0.596901 0.736228 0.040441 0.101774
4 0.598477 0.649393 0.038340 0.086835
4 0.555147 0.603641 0.034664 0.071895
4 0.617384 0.569561 0.069853 0.056022
4 0.582458 0.520075 0.029412 0.059757
4 0.586134 0.462185 0.034664 0.059757
4 0.648372 0.469655 0.046744 0.078431
4 0.684349 0.451447 0.044118 0.073763
4 0.720063 0.453782 0.046218 0.070962
5 0.516807 0.333333 0.057773 0.050420
4 0.579569 0.338002 0.049895 0.039216
4 0.642595 0.340336 0.050945 0.036415
4 0.755252 0.365546 0.055672 0.047619
4 0.207721 0.425770 0.030987 0.080299
5 0.168592 0.425303 0.035714 0.075630
4 0.133141 0.431839 0.040441 0.056956
1 0.603992 0.802521 0.015756 0.056956
2 0.603466 0.795518 0.008403 0.037348
2 0.430672 0.723623 0.013655 0.035481
3 0.430935 0.737628 0.013130 0.037348
2 0.511555 0.635854 0.012605 0.035481
3 0.511817 0.645191 0.011029 0.041083
1 0.534926 0.487395 0.007878 0.041083
4 0.085872 0.606909 0.078256 0.084034
4 0.080095 0.445845 0.039391 0.055089
4 0.058298 0.557890 0.056723 0.070028
5 0.340074 0.308590 0.023634 0.051354
4 0.387342 0.328665 0.023634 0.044818
4 0.410452 0.314659 0.021534 0.041083
3 0.605830 0.423436 0.041492 0.032680
3 0.747374 0.906629 0.034664 0.044818
3 0.758666 0.942110 0.032038 0.050420
10 0.092174 0.647526 0.028887 0.038282
0 0.162027 0.294585 0.036239 0.064426
0 0.676733 0.302988 0.028887 0.047619
7 0.111607 0.302054 0.027836 0.040149
1 0.025473 0.324463 0.004727 0.032680
1 0.025998 0.328198 0.009979 0.036415
10 0.430410 0.291783 0.024685 0.027077
0 0.791229 0.318861 0.039391 0.070028
1 0.464023 0.294585 0.012080 0.027077
0 0.555935 0.300187 0.094013 0.025210
1 0.701155 0.414566 0.010504 0.035481
1 0.691176 0.409430 0.010504 0.032680
