4 0.283613 0.953782 0.069328 0.088702
4 0.361870 0.916900 0.064076 0.164332
4 0.159926 0.970588 0.119223 0.056956
4 0.147321 0.914099 0.121324 0.108310
4 0.382616 0.714286 0.053046 0.125117
4 0.282300 0.706349 0.104517 0.084967
4 0.302784 0.640056 0.084559 0.066293
4 0.349527 0.605976 0.037290 0.089636
4 0.312763 0.555556 0.079307 0.097106
4 0.347952 0.492063 0.032038 0.084034
4 0.114758 0.794585 0.105567 0.145658
4 0.134716 0.724090 0.087710 0.098039
4 0.673057 0.968254 0.112920 0.061625
5 0.619748 0.839402 0.045168 0.121382
4 0.620011 0.730626 0.041492 0.105509
4 0.573267 0.673203 0.039391 0.085901
4 0.639181 0.633987 0.076681 0.067227
4 0.603204 0.576564 0.036239 0.071895
4 0.603204 0.505135 0.036239 0.070962
4 0.671744 0.512138 0.051471 0.090570
4 0.709821 0.495798 0.049895 0.082166
4 0.748162 0.500467 0.053046 0.080299
5 0.528887 0.360878 0.061975 0.051354
4 0.596376 0.364146 0.050945 0.039216
4 0.662553 0.369281 0.056197 0.038282
4 0.499475 0.781513 0.042017 0.112045
4 0.550945 0.395892 0.058824 0.046685
4 0.211922 0.452848 0.030987 0.085901
5 0.158876 0.471989 0.037290 0.077498
4 0.115021 0.467787 0.046218 0.063492
2 0.429884 0.612045 0.013130 0.034547
3 0.430410 0.624650 0.013130 0.031746
2 0.479779 0.531279 0.012080 0.033613
3 0.479779 0.542484 0.012080 0.035481
1 0.544643 0.568627 0.008403 0.044818
4 0.061712 0.673203 0.092962 0.093371
4 0.065914 0.485994 0.045693 0.071895
4 0.034139 0.626984 0.068277 0.103641
3 0.347952 0.439309 0.018382 0.023343
1 0.349002 0.429972 0.011029 0.042017
5 0.341912 0.331933 0.029412 0.055089
4 0.390756 0.354809 0.026261 0.050420
4 0.415966 0.339869 0.023109 0.046685
4 0.804884 0.502334 0.038340 0.070962
5 0.819328 0.460317 0.050420 0.065359
4 0.758403 0.402428 0.063025 0.046685
3 0.623950 0.463585 0.044118 0.036415
10 0.071166 0.723156 0.028887 0.038282
1 0.013918 0.538282 0.013130 0.055089
1 0.020221 0.535481 0.015231 0.053221
0 0.164391 0.314659 0.035714 0.070962
0 0.707721 0.331933 0.028887 0.047619
7 0.105830 0.323996 0.030987 0.044818
10 0.438288 0.314192 0.024685 0.027077
0 0.824842 0.341270 0.039391 0.070028
1 0.471901 0.315126 0.012080 0.027077
0 0.574842 0.324463 0.094013 0.025210
1 0.727153 0.453782 0.011029 0.035481
1 0.715336 0.448179 0.013655 0.033613
