4 0.302521 0.879552 0.101891 0.089636
4 0.317752 0.732960 0.060924 0.110177
4 0.375525 0.686275 0.049370 0.115780
4 0.218225 0.733894 0.092962 0.074697
4 0.202731 0.682540 0.092437 0.070962
4 0.332195 0.599440 0.081408 0.085901
4 0.304097 0.547152 0.080882 0.059757
4 0.316702 0.505135 0.068277 0.050420
4 0.356092 0.477591 0.031513 0.068161
4 0.322479 0.441643 0.063025 0.074697
4 0.351366 0.394958 0.026261 0.065359
4 0.169118 0.605042 0.081933 0.106443
4 0.181460 0.556022 0.069853 0.064426
4 0.624737 0.955649 0.060399 0.084967
4 0.603729 0.869748 0.097164 0.107376
4 0.626838 0.788049 0.092962 0.070962
4 0.617647 0.723156 0.089286 0.071895
5 0.577994 0.631653 0.036239 0.086835
4 0.579044 0.561158 0.033088 0.067227
4 0.542017 0.527544 0.030462 0.057890
4 0.597689 0.495331 0.063025 0.049486
4 0.567227 0.457516 0.027311 0.059757
4 0.569590 0.405696 0.034139 0.055089
4 0.625788 0.407096 0.040441 0.070962
4 0.659926 0.396359 0.040441 0.064426
4 0.693803 0.398693 0.037815 0.061625
5 0.505777 0.296452 0.054622 0.047619
4 0.564601 0.298786 0.046218 0.037348
4 0.622637 0.300654 0.046744 0.033613
4 0.163866 0.316060 0.053571 0.042017
4 0.216387 0.381419 0.026261 0.055089
5 0.180935 0.379085 0.032038 0.069094
4 0.147584 0.378618 0.034664 0.049486
4 0.648109 0.337068 0.052521 0.037348
1 0.645483 0.627918 0.008403 0.047619
2 0.645221 0.618581 0.007878 0.023343
2 0.394433 0.875350 0.014706 0.042017
3 0.396534 0.888889 0.014706 0.044818
2 0.524422 0.896359 0.015231 0.041083
3 0.524685 0.904295 0.013655 0.064426
1 0.536502 0.403828 0.007878 0.038282
4 0.121849 0.529412 0.061975 0.069094
4 0.105042 0.393557 0.034664 0.055089
4 0.090599 0.487395 0.048845 0.050420
5 0.339023 0.274510 0.023634 0.046685
4 0.384454 0.290850 0.023109 0.042017
4 0.405725 0.280112 0.019433 0.039216
3 0.587185 0.375817 0.039916 0.030812
3 0.709034 0.760971 0.031513 0.039216
3 0.719013 0.788515 0.027311 0.043884
1 0.080620 0.936041 0.012080 0.025210
1 0.088498 0.910831 0.015231 0.028945
10 0.127889 0.563492 0.028887 0.038282
0 0.176208 0.270308 0.036239 0.064426
0 0.662553 0.275910 0.028887 0.047619
7 0.126838 0.269841 0.024685 0.035481
1 0.091649 0.282446 0.004727 0.032680
1 0.096376 0.285247 0.009979 0.036415
10 0.424632 0.262838 0.024685 0.027077
0 0.771008 0.291317 0.038866 0.069094
1 0.454044 0.263772 0.012080 0.027077
0 0.542805 0.268441 0.085609 0.025210
1 0.674895 0.364146 0.010504 0.035481
1 0.668592 0.351541 0.010504 0.032680
