4 0.291754 0.933707 0.073004 0.126984
4 0.364496 0.881419 0.063025 0.160598
4 0.168855 0.945378 0.120273 0.094304
4 0.157038 0.874416 0.116597 0.094304
4 0.379464 0.700747 0.055147 0.120448
4 0.286239 0.678805 0.098739 0.074697
4 0.304359 0.619048 0.081408 0.063492
4 0.351366 0.583567 0.032563 0.082166
4 0.315389 0.539683 0.078256 0.093371
4 0.349790 0.477124 0.031513 0.080299
4 0.124212 0.761905 0.102416 0.138189
4 0.144170 0.695612 0.087710 0.098973
4 0.664391 0.947712 0.111345 0.098973
5 0.613971 0.807190 0.044118 0.116713
4 0.614496 0.704949 0.040966 0.098973
4 0.570116 0.649393 0.037290 0.081232
4 0.633403 0.614846 0.074580 0.062558
4 0.598214 0.558357 0.032563 0.069094
4 0.600315 0.492063 0.035714 0.065359
4 0.665704 0.499066 0.048845 0.084967
4 0.704044 0.482260 0.046744 0.079365
4 0.745011 0.488329 0.044643 0.067227
5 0.526261 0.352941 0.060924 0.050420
4 0.591912 0.356676 0.051471 0.037348
4 0.659139 0.362278 0.053571 0.035481
4 0.496586 0.859010 0.045693 0.128852
4 0.617647 0.387021 0.058824 0.045752
4 0.210609 0.445378 0.031513 0.085901
5 0.164391 0.451447 0.036765 0.077498
4 0.122899 0.457516 0.044118 0.063492
1 0.594275 0.948179 0.016282 0.066293
2 0.594538 0.939776 0.008403 0.038282
2 0.437763 0.644725 0.013130 0.034547
3 0.437763 0.655462 0.013130 0.033613
2 0.495798 0.552288 0.010504 0.034547
3 0.496061 0.561158 0.011029 0.039216
1 0.542279 0.542484 0.008929 0.044818
4 0.072479 0.649393 0.088235 0.090570
4 0.072479 0.474790 0.044118 0.058824
4 0.042279 0.603641 0.070903 0.094304
3 0.340336 0.421102 0.019958 0.028011
1 0.340599 0.409897 0.009979 0.039216
5 0.342700 0.325864 0.026786 0.054155
4 0.392069 0.345938 0.024685 0.049486
4 0.415441 0.332400 0.022059 0.042951
4 0.798319 0.487862 0.038866 0.070028
5 0.818277 0.453782 0.047269 0.057890
4 0.808824 0.393091 0.063025 0.046685
3 0.619748 0.451914 0.043067 0.033613
10 0.077994 0.699813 0.028887 0.038282
0 0.164653 0.310458 0.036239 0.064426
0 0.697216 0.322596 0.028887 0.047619
7 0.111082 0.316993 0.028887 0.042017
10 0.438288 0.305789 0.024685 0.027077
0 0.814338 0.334734 0.039391 0.070028
1 0.469800 0.309524 0.012080 0.027077
0 0.569590 0.316993 0.094013 0.025210
1 0.721639 0.444444 0.010504 0.035481
1 0.710609 0.436041 0.013655 0.033613
