4 0.299632 0.874416 0.067752 0.131653
4 0.366071 0.816527 0.055672 0.142857
4 0.184349 0.874883 0.108193 0.087768
4 0.172269 0.809524 0.107143 0.084034
4 0.365284 0.672736 0.065651 0.107376
4 0.291229 0.636321 0.091912 0.068161
4 0.306985 0.584034 0.075105 0.055089
4 0.349002 0.550887 0.035189 0.078431
4 0.316176 0.508870 0.071429 0.087768
4 0.349002 0.452381 0.032038 0.070028
4 0.138918 0.710084 0.094013 0.124183
4 0.154412 0.647059 0.077731 0.078431
4 0.657300 0.953782 0.110819 0.088702
4 0.644958 0.873483 0.103992 0.088702
5 0.598214 0.746032 0.040966 0.104575
4 0.599527 0.656863 0.038340 0.086835
4 0.556985 0.608310 0.036239 0.075630
4 0.618172 0.576564 0.071429 0.058824
4 0.584559 0.526144 0.030462 0.060691
4 0.586660 0.465920 0.033613 0.059757
4 0.649422 0.471989 0.046744 0.079365
4 0.685662 0.454715 0.045693 0.074697
4 0.722426 0.458450 0.046744 0.069094
5 0.516544 0.337068 0.058298 0.050420
4 0.579044 0.341737 0.049895 0.039216
4 0.643120 0.344071 0.051996 0.036415
4 0.737132 0.367880 0.055147 0.042951
4 0.207721 0.429505 0.030987 0.084034
5 0.166754 0.429505 0.036239 0.076564
4 0.129989 0.435574 0.040441 0.056956
1 0.600578 0.818394 0.015231 0.056956
2 0.599265 0.811391 0.008403 0.037348
2 0.431723 0.712418 0.013655 0.035481
3 0.431985 0.726424 0.013130 0.037348
2 0.508403 0.622782 0.012605 0.035481
3 0.508666 0.632120 0.011029 0.041083
1 0.534401 0.493931 0.007878 0.042951
4 0.083508 0.613912 0.079832 0.086835
4 0.078782 0.450980 0.039916 0.056022
4 0.055410 0.563959 0.059349 0.072829
5 0.340074 0.313259 0.023634 0.053221
4 0.387342 0.332400 0.023634 0.044818
4 0.410189 0.318861 0.021008 0.040149
3 0.605830 0.427638 0.041492 0.031746
3 0.750525 0.919701 0.034664 0.044818
3 0.762605 0.957049 0.031513 0.050420
10 0.090599 0.654995 0.028887 0.038282
0 0.162553 0.296452 0.036239 0.064426
0 0.679359 0.305789 0.028887 0.047619
7 0.112132 0.304855 0.027836 0.040149
1 0.022321 0.328198 0.004727 0.032680
1 0.020746 0.330065 0.009979 0.036415
10 0.431460 0.293651 0.024685 0.027077
0 0.794380 0.321662 0.039391 0.070028
1 0.465599 0.297386 0.012080 0.027077
0 0.558036 0.303922 0.094013 0.025210
1 0.702206 0.417367 0.010504 0.035481
1 0.693803 0.414099 0.010504 0.032680
