4 0.259191 0.959384 0.060399 0.077498
4 0.302521 0.844538 0.100840 0.086835
4 0.317752 0.705882 0.061975 0.104575
4 0.375263 0.664799 0.047794 0.110177
4 0.220588 0.707283 0.091387 0.070028
4 0.206408 0.656863 0.091387 0.070028
4 0.308824 0.588235 0.085084 0.072829
4 0.303834 0.529412 0.080357 0.057890
4 0.317489 0.489262 0.068803 0.050420
4 0.355042 0.462185 0.032563 0.065359
4 0.324055 0.428571 0.064076 0.072829
4 0.350578 0.383754 0.026786 0.059757
4 0.174107 0.583567 0.081408 0.100840
4 0.185399 0.534547 0.069328 0.060691
4 0.614233 0.937442 0.064601 0.123249
4 0.598214 0.837535 0.095588 0.108310
4 0.621849 0.760504 0.093487 0.070028
4 0.613445 0.699346 0.088235 0.067227
5 0.574055 0.610177 0.035714 0.083100
4 0.575893 0.542951 0.034139 0.064426
4 0.539128 0.512138 0.030987 0.060691
4 0.592962 0.481326 0.061975 0.051354
4 0.564338 0.443511 0.026786 0.052288
4 0.566439 0.395892 0.034139 0.050420
4 0.622899 0.398226 0.040966 0.070028
4 0.655987 0.384220 0.040966 0.060691
4 0.687500 0.387955 0.043067 0.055089
5 0.502889 0.288982 0.053046 0.045752
4 0.561975 0.291317 0.045168 0.035481
4 0.619485 0.295051 0.048845 0.031746
4 0.337710 0.314192 0.050420 0.032680
5 0.184086 0.366480 0.028887 0.066293
4 0.151261 0.370682 0.034664 0.046685
4 0.488708 0.332400 0.051996 0.037348
1 0.661239 0.580766 0.009454 0.054155
2 0.659926 0.569094 0.006828 0.023343
1 0.545431 0.380019 0.007878 0.037348
4 0.125263 0.492063 0.060399 0.063492
4 0.108981 0.377684 0.036239 0.062558
4 0.094013 0.467787 0.048319 0.050420
5 0.340336 0.267507 0.023109 0.047619
4 0.383666 0.283380 0.023634 0.042017
4 0.405200 0.270775 0.019433 0.035481
3 0.584296 0.365079 0.037290 0.026144
3 0.702206 0.735761 0.031513 0.039216
3 0.710609 0.759104 0.027311 0.042951
1 0.089023 0.896825 0.012080 0.025210
1 0.094275 0.880952 0.015231 0.028945
10 0.133666 0.540149 0.028887 0.038282
0 0.180935 0.249767 0.036239 0.064426
0 0.659401 0.259104 0.028887 0.047619
7 0.131040 0.261905 0.022584 0.032680
1 0.117384 0.272176 0.004727 0.032680
1 0.126313 0.275910 0.009979 0.036415
10 0.424632 0.246032 0.024685 0.027077
0 0.767857 0.279178 0.038866 0.069094
1 0.456145 0.246032 0.012080 0.027077
0 0.539128 0.250700 0.081408 0.025210
1 0.670168 0.354342 0.008403 0.038282
1 0.676996 0.343604 0.010504 0.033613
