4 0.296218 0.925303 0.072479 0.141923
4 0.366071 0.864613 0.060924 0.156863
4 0.173845 0.929972 0.116597 0.095238
4 0.162290 0.858077 0.113445 0.093371
4 0.377889 0.694211 0.058298 0.118581
4 0.288866 0.669001 0.096639 0.073763
4 0.305410 0.610644 0.079307 0.063492
4 0.351628 0.575630 0.034139 0.081232
4 0.316176 0.532680 0.076681 0.090570
4 0.350840 0.470121 0.030462 0.077498
4 0.129989 0.748366 0.100315 0.137255
4 0.150210 0.684874 0.088235 0.096172
4 0.660977 0.932773 0.109769 0.100840
5 0.611870 0.793651 0.044118 0.115780
4 0.611607 0.694211 0.039391 0.094304
4 0.568015 0.642390 0.036239 0.082166
4 0.631303 0.605509 0.073529 0.062558
4 0.596639 0.551821 0.033613 0.069094
4 0.598477 0.486461 0.038340 0.063492
4 0.663340 0.494865 0.048319 0.085901
4 0.702206 0.475724 0.048319 0.075630
4 0.740546 0.478058 0.046218 0.074697
5 0.525210 0.350607 0.059874 0.049486
4 0.590861 0.354342 0.051471 0.038282
4 0.655987 0.358077 0.052521 0.036415
4 0.495536 0.904762 0.047794 0.136321
4 0.650998 0.383287 0.058298 0.045752
4 0.208508 0.442577 0.031513 0.085901
5 0.164128 0.446312 0.036239 0.076564
4 0.126838 0.452848 0.042542 0.063492
1 0.593750 0.913632 0.016282 0.066293
2 0.594538 0.905229 0.008403 0.038282
2 0.440389 0.660598 0.013130 0.034547
3 0.439863 0.672269 0.013130 0.035481
2 0.501838 0.566760 0.011029 0.037348
3 0.501313 0.576097 0.011029 0.041083
1 0.541754 0.529412 0.008929 0.044818
4 0.078519 0.637255 0.087710 0.088702
4 0.077468 0.470121 0.043592 0.058824
4 0.048582 0.593371 0.068803 0.086835
3 0.335609 0.412698 0.019958 0.028011
1 0.336397 0.402428 0.009979 0.039216
5 0.344538 0.322596 0.025210 0.055089
4 0.393120 0.343604 0.024685 0.050420
4 0.415704 0.329132 0.022584 0.042017
4 0.792017 0.484127 0.037815 0.068161
5 0.817227 0.452381 0.047269 0.056956
4 0.835872 0.390756 0.063550 0.045752
3 0.616597 0.445845 0.042017 0.032680
3 0.772847 0.980392 0.037290 0.037348
10 0.081670 0.687675 0.028887 0.038282
0 0.164128 0.306723 0.036239 0.064426
0 0.691439 0.316993 0.028887 0.047619
7 0.113708 0.313259 0.027836 0.040149
10 0.437237 0.302054 0.024685 0.027077
0 0.809086 0.331933 0.039391 0.070028
1 0.468750 0.306723 0.012080 0.027077
0 0.566439 0.314192 0.094013 0.025210
1 0.717437 0.438842 0.010504 0.035481
1 0.708508 0.430906 0.013655 0.032680
