4 0.285189 0.950514 0.070378 0.095238
4 0.361870 0.913632 0.063025 0.169001
4 0.161239 0.966387 0.119748 0.065359
4 0.148634 0.907096 0.120798 0.105509
4 0.381565 0.711951 0.053046 0.124183
4 0.282826 0.701214 0.103466 0.082166
4 0.303046 0.636788 0.084034 0.065359
4 0.349790 0.602241 0.036765 0.089636
4 0.312763 0.552288 0.079307 0.096172
4 0.347952 0.488796 0.032038 0.083100
4 0.116071 0.788049 0.105042 0.143791
4 0.135767 0.719421 0.086660 0.098039
4 0.671744 0.965920 0.113445 0.066293
5 0.618960 0.834267 0.045693 0.120448
4 0.619748 0.726424 0.040966 0.104575
4 0.572479 0.669001 0.038866 0.086835
4 0.638130 0.630719 0.076681 0.068161
4 0.602416 0.573763 0.035714 0.073763
4 0.602679 0.502801 0.036239 0.070028
4 0.670693 0.511671 0.051471 0.089636
4 0.709034 0.493464 0.049370 0.081232
4 0.748162 0.497666 0.050945 0.078431
5 0.527836 0.359010 0.061975 0.051354
4 0.595063 0.362745 0.052521 0.040149
4 0.661502 0.366947 0.056197 0.039216
4 0.499475 0.792250 0.042017 0.114846
4 0.561975 0.394958 0.058824 0.046685
4 0.212973 0.450980 0.030987 0.085901
5 0.163078 0.463585 0.037290 0.077498
4 0.116071 0.465453 0.046218 0.062558
2 0.431460 0.616713 0.013130 0.034547
3 0.431460 0.629318 0.013130 0.031746
2 0.482143 0.534080 0.011555 0.033613
3 0.481880 0.546218 0.012080 0.035481
1 0.543855 0.564426 0.008929 0.045752
4 0.063288 0.669001 0.091912 0.092437
4 0.066964 0.483660 0.044643 0.070962
4 0.034926 0.623249 0.069853 0.103641
3 0.346639 0.435574 0.017857 0.025210
1 0.347426 0.426237 0.009979 0.042017
5 0.341912 0.330999 0.029412 0.055089
4 0.390756 0.352941 0.026261 0.050420
4 0.415966 0.338469 0.023109 0.045752
4 0.803571 0.499533 0.038866 0.070962
5 0.819853 0.460317 0.049370 0.065359
4 0.767069 0.400560 0.062500 0.046685
3 0.623162 0.461718 0.043592 0.036415
10 0.072742 0.719421 0.028887 0.038282
1 0.012342 0.536415 0.013130 0.055089
1 0.019695 0.529879 0.015231 0.053221
0 0.164653 0.314192 0.036239 0.068161
0 0.706145 0.330999 0.028887 0.047619
7 0.106880 0.323063 0.030987 0.044818
10 0.438288 0.313259 0.024685 0.027077
0 0.823267 0.340336 0.039391 0.070028
1 0.471376 0.314192 0.012080 0.027077
0 0.573792 0.323529 0.094013 0.025210
1 0.726103 0.451914 0.011029 0.035481
1 0.714286 0.446312 0.013655 0.033613
