4 0.253939 0.945845 0.068803 0.104575
4 0.320903 0.958917 0.055672 0.078431
4 0.302258 0.819328 0.102416 0.088702
4 0.316702 0.683473 0.060924 0.102708
4 0.373950 0.640056 0.047269 0.109244
4 0.218225 0.682073 0.091912 0.071895
4 0.206145 0.635387 0.090861 0.070028
4 0.304097 0.571429 0.086134 0.072829
4 0.303046 0.510738 0.081933 0.056022
4 0.316176 0.470588 0.069328 0.050420
4 0.354254 0.443511 0.032038 0.065359
4 0.323529 0.410831 0.064076 0.069094
4 0.350578 0.366947 0.026786 0.057890
4 0.172006 0.562092 0.081408 0.100840
4 0.184349 0.515406 0.070378 0.057890
4 0.615809 0.922502 0.066702 0.143791
4 0.599790 0.811858 0.095588 0.107376
4 0.622637 0.735761 0.092962 0.072829
4 0.613971 0.674136 0.088235 0.067227
5 0.573792 0.587768 0.035189 0.083100
4 0.577206 0.522876 0.034664 0.061625
4 0.539391 0.491597 0.030462 0.055089
4 0.594800 0.463585 0.062500 0.053221
4 0.564601 0.427171 0.026261 0.053221
4 0.568277 0.378618 0.033613 0.049486
4 0.623687 0.382820 0.040441 0.069094
4 0.656513 0.367880 0.039916 0.061625
4 0.688288 0.373016 0.043592 0.055089
5 0.503151 0.275444 0.053571 0.044818
4 0.561712 0.278711 0.046744 0.036415
4 0.620273 0.280579 0.048319 0.032680
4 0.387605 0.300654 0.048319 0.033613
4 0.214548 0.358543 0.025735 0.056022
5 0.182773 0.352007 0.029412 0.065359
4 0.149685 0.356209 0.034664 0.043884
4 0.447216 0.316993 0.051996 0.038282
1 0.668330 0.551821 0.008929 0.048553
2 0.666754 0.542951 0.006828 0.023343
1 0.548057 0.359010 0.007878 0.038282
4 0.125263 0.482260 0.060399 0.060691
4 0.108193 0.360878 0.034664 0.056956
4 0.094013 0.449113 0.048319 0.050420
5 0.340599 0.254435 0.023634 0.045752
4 0.382878 0.269374 0.023109 0.042017
4 0.404674 0.258170 0.018382 0.036415
3 0.584559 0.346405 0.037815 0.024276
3 0.703519 0.711485 0.029937 0.037348
3 0.712710 0.734827 0.027311 0.042951
1 0.087447 0.865079 0.012080 0.025210
1 0.091649 0.849206 0.015231 0.028945
10 0.132090 0.520542 0.028887 0.038282
0 0.180410 0.239496 0.036239 0.064426
0 0.659926 0.255369 0.028887 0.047619
7 0.129464 0.249767 0.022584 0.032680
1 0.122111 0.257236 0.004727 0.032680
1 0.130515 0.257236 0.009979 0.036415
10 0.424632 0.240430 0.024685 0.027077
1 0.456145 0.237628 0.012080 0.027077
0 0.539128 0.246032 0.081408 0.025210
1 0.671218 0.338469 0.008403 0.036415
1 0.678046 0.328665 0.010504 0.033613
