4 0.287027 0.955182 0.111870 0.084034
4 0.305935 0.795051 0.065651 0.120448
4 0.366334 0.744631 0.050945 0.129785
4 0.199317 0.796919 0.099265 0.081232
4 0.186187 0.740896 0.098214 0.081232
4 0.346376 0.632120 0.076155 0.093371
4 0.294118 0.588235 0.085084 0.063492
4 0.307248 0.540149 0.070378 0.053221
4 0.350315 0.511204 0.033613 0.071895
4 0.315126 0.471989 0.068277 0.079365
4 0.344538 0.419234 0.028361 0.065359
4 0.151786 0.653128 0.087185 0.116713
4 0.164916 0.597106 0.073529 0.066293
4 0.611082 0.944444 0.103466 0.107376
4 0.635504 0.861811 0.100840 0.082166
4 0.625525 0.788049 0.094538 0.080299
5 0.581670 0.682540 0.039391 0.091503
4 0.583246 0.600840 0.036239 0.075630
4 0.544118 0.562092 0.033613 0.065359
4 0.601628 0.531279 0.064601 0.052288
4 0.569853 0.485528 0.029412 0.059757
4 0.570903 0.432306 0.034664 0.054155
4 0.631565 0.436041 0.042542 0.076564
4 0.665441 0.420168 0.044118 0.067227
4 0.701943 0.423903 0.039391 0.061625
5 0.504989 0.313725 0.054097 0.046685
4 0.565914 0.318394 0.046744 0.035481
4 0.626313 0.319328 0.050945 0.035481
4 0.208246 0.408497 0.027836 0.060691
5 0.169643 0.405696 0.032563 0.070028
4 0.134716 0.406162 0.038340 0.054155
4 0.782038 0.365079 0.052521 0.039216
1 0.621324 0.713352 0.010504 0.052288
2 0.620273 0.703548 0.007353 0.027077
2 0.404674 0.782446 0.013130 0.039216
3 0.405200 0.796452 0.013130 0.037348
2 0.513130 0.724090 0.013655 0.038282
3 0.513393 0.733427 0.012080 0.053221
1 0.528624 0.441176 0.007878 0.042017
4 0.100315 0.570962 0.070378 0.077498
4 0.089023 0.420635 0.037290 0.053221
4 0.073529 0.525210 0.048319 0.058824
5 0.334034 0.293651 0.024160 0.045752
4 0.380515 0.311391 0.022584 0.047619
4 0.402311 0.296919 0.021008 0.039216
3 0.590599 0.398693 0.040441 0.031746
3 0.723214 0.828665 0.034664 0.043884
3 0.731880 0.860411 0.027836 0.049486
10 0.110557 0.605509 0.028887 0.038282
0 0.167805 0.283380 0.036239 0.064426
0 0.667279 0.290850 0.028887 0.047619
7 0.112920 0.286181 0.027311 0.040149
1 0.051733 0.302988 0.004727 0.032680
1 0.056985 0.304855 0.009979 0.036415
10 0.424632 0.278711 0.024685 0.027077
0 0.776523 0.302988 0.039391 0.070028
1 0.454569 0.275910 0.012080 0.027077
0 0.547006 0.281513 0.091912 0.025210
1 0.680147 0.386555 0.010504 0.035481
1 0.668592 0.379552 0.010504 0.032680
