3 0.261029 0.978992 0.039916 0.042017
5 0.274685 0.920635 0.114496 0.112045
6 0.287815 0.851074 0.128151 0.096172
4 0.311712 0.764239 0.097164 0.081232
4 0.316176 0.648459 0.048319 0.098039
4 0.369485 0.666200 0.045693 0.107376
4 0.347689 0.557890 0.077731 0.060691
4 0.355305 0.476657 0.049895 0.071895
4 0.399685 0.449580 0.035714 0.073763
4 0.276786 0.472923 0.072479 0.053221
4 0.262080 0.449580 0.068277 0.047619
4 0.317227 0.408030 0.072479 0.056022
4 0.338498 0.361811 0.066702 0.043884
4 0.350053 0.336134 0.053046 0.039216
4 0.377889 0.319328 0.026786 0.052288
4 0.350315 0.290383 0.052521 0.052288
4 0.372111 0.263772 0.022584 0.045752
4 0.233718 0.392624 0.063025 0.075630
4 0.241334 0.363679 0.055147 0.045752
4 0.618435 0.928571 0.094013 0.137255
4 0.625000 0.811858 0.047269 0.129785
3 0.620536 0.685808 0.020483 0.045752
4 0.587710 0.623249 0.053571 0.096172
4 0.576943 0.557423 0.074055 0.069094
4 0.596639 0.508870 0.074580 0.050420
4 0.591649 0.472456 0.070903 0.042951
5 0.560924 0.419701 0.031513 0.058824
4 0.563813 0.376284 0.028887 0.044818
4 0.534139 0.354342 0.027311 0.043884
4 0.580357 0.336134 0.051471 0.041083
4 0.555672 0.308123 0.023109 0.041083
4 0.558036 0.274043 0.027836 0.034547
4 0.606880 0.276377 0.034139 0.056022
4 0.634979 0.265640 0.033613 0.051354
4 0.662553 0.267974 0.029937 0.046685
4 0.337447 0.207283 0.043592 0.039216
5 0.503939 0.196078 0.048845 0.039216
4 0.643645 0.230626 0.045693 0.033613
4 0.556460 0.200747 0.040441 0.031746
4 0.607668 0.203548 0.042017 0.029879
4 0.255252 0.256303 0.018908 0.038282
5 0.229779 0.253035 0.027836 0.052288
4 0.200630 0.253501 0.026261 0.043884
4 0.228992 0.216153 0.046218 0.028945
1 0.547794 0.247432 0.006303 0.033613
4 0.189601 0.345005 0.050420 0.051354
5 0.358981 0.178805 0.020483 0.040149
4 0.397059 0.191877 0.019958 0.034547
4 0.414916 0.183940 0.017857 0.031746
3 0.572216 0.254902 0.033088 0.026144
3 0.794118 0.944911 0.018908 0.070962
0 0.702468 0.672269 0.035189 0.056022
3 0.662027 0.495798 0.023634 0.029879
3 0.668330 0.512138 0.022584 0.036415
1 0.183036 0.584034 0.012080 0.025210
1 0.184086 0.573763 0.015231 0.028945
10 0.158876 0.669001 0.027836 0.040149
10 0.194590 0.369281 0.028887 0.038282
0 0.224527 0.164799 0.036239 0.064426
0 0.639443 0.191877 0.028887 0.047619
1 0.191702 0.167600 0.004202 0.032680
1 0.197479 0.168534 0.009454 0.036415
10 0.429097 0.168067 0.024160 0.026144
1 0.460084 0.170401 0.011555 0.027077
0 0.532826 0.172269 0.081408 0.025210
