4 0.299107 0.877684 0.067752 0.132586
4 0.365809 0.819328 0.056197 0.142857
4 0.183561 0.878151 0.108718 0.088702
4 0.171481 0.812792 0.107668 0.084967
4 0.365546 0.674136 0.065126 0.108310
4 0.290704 0.638189 0.091912 0.068161
4 0.306460 0.585434 0.075105 0.056022
4 0.349002 0.552754 0.035189 0.078431
4 0.315651 0.510738 0.071429 0.087768
4 0.348477 0.453782 0.032038 0.070962
4 0.138130 0.712418 0.094538 0.125117
4 0.153624 0.649393 0.078256 0.079365
4 0.657300 0.955649 0.110819 0.084967
4 0.645746 0.877218 0.104517 0.088702
5 0.598739 0.748833 0.042017 0.106443
4 0.599790 0.658730 0.037815 0.086835
4 0.557248 0.610177 0.035714 0.075630
4 0.618697 0.578431 0.071429 0.058824
4 0.584821 0.527544 0.030987 0.061625
4 0.586922 0.467320 0.034139 0.060691
4 0.649685 0.473389 0.046218 0.080299
4 0.686187 0.455649 0.045693 0.074697
4 0.722952 0.459851 0.046744 0.070028
5 0.516807 0.338002 0.058824 0.050420
4 0.579307 0.342670 0.050420 0.039216
4 0.643645 0.345005 0.051996 0.036415
4 0.731880 0.368814 0.055147 0.042951
4 0.207721 0.429972 0.030987 0.084967
5 0.166229 0.430439 0.036239 0.076564
4 0.128939 0.436508 0.040441 0.056956
1 0.600053 0.823063 0.015231 0.056956
2 0.598214 0.816060 0.008403 0.037348
2 0.431723 0.709617 0.013655 0.035481
3 0.431985 0.723623 0.013130 0.037348
2 0.507353 0.619048 0.012605 0.035481
3 0.507616 0.628385 0.011029 0.041083
1 0.534401 0.495798 0.007878 0.042951
4 0.082983 0.615780 0.079832 0.086835
4 0.078782 0.451914 0.039916 0.056022
4 0.054622 0.565826 0.059874 0.072829
5 0.339811 0.313259 0.024160 0.053221
4 0.387080 0.332866 0.024160 0.045752
4 0.410189 0.318861 0.021008 0.040149
3 0.606355 0.428571 0.041492 0.031746
3 0.751576 0.923436 0.034664 0.044818
3 0.763655 0.961718 0.031513 0.050420
10 0.090074 0.656863 0.028887 0.038282
0 0.162553 0.297386 0.036239 0.064426
0 0.679884 0.305789 0.028887 0.047619
7 0.112132 0.304855 0.027836 0.040149
1 0.021271 0.329132 0.004727 0.032680
1 0.019170 0.330999 0.009979 0.036415
10 0.431460 0.294585 0.024685 0.027077
0 0.794905 0.322596 0.039391 0.070028
1 0.465599 0.298319 0.012080 0.027077
0 0.559086 0.305789 0.094013 0.025210
1 0.702731 0.418301 0.010504 0.035481
1 0.694328 0.415033 0.010504 0.032680
