4 0.296218 0.845938 0.068277 0.130719
4 0.360032 0.790383 0.054097 0.137255
4 0.184086 0.848273 0.105567 0.086835
4 0.170693 0.788049 0.103992 0.089636
4 0.353466 0.660598 0.071429 0.105509
4 0.286765 0.619514 0.092437 0.068161
4 0.302258 0.568161 0.075105 0.058824
4 0.342962 0.538749 0.034664 0.076564
4 0.309086 0.494398 0.070903 0.081232
4 0.339286 0.441643 0.030462 0.070962
4 0.136555 0.691410 0.092437 0.120448
4 0.152311 0.631653 0.078782 0.075630
4 0.624475 0.974323 0.093487 0.047619
4 0.644170 0.916433 0.106618 0.092437
4 0.629464 0.836601 0.101366 0.080299
5 0.585084 0.720822 0.039916 0.102708
4 0.586922 0.635387 0.037290 0.083100
4 0.545431 0.593371 0.033088 0.068161
4 0.604517 0.558824 0.068277 0.058824
4 0.571954 0.510738 0.029412 0.059757
4 0.576681 0.453782 0.035714 0.057890
4 0.634979 0.457049 0.045168 0.077498
4 0.671481 0.440710 0.043592 0.070962
4 0.707195 0.441176 0.044643 0.068161
5 0.504989 0.330065 0.057248 0.049486
4 0.567489 0.332400 0.050945 0.037348
4 0.629727 0.335668 0.051471 0.038282
4 0.770221 0.358543 0.055147 0.042951
4 0.204307 0.422969 0.029412 0.074697
5 0.158613 0.422969 0.034664 0.072829
4 0.122111 0.428105 0.039391 0.056956
1 0.602153 0.774510 0.014181 0.055089
2 0.601103 0.768441 0.007878 0.037348
2 0.417805 0.740896 0.014181 0.036415
3 0.418067 0.755369 0.012605 0.037348
2 0.504989 0.657796 0.013130 0.034547
3 0.506040 0.669935 0.011029 0.042017
1 0.524160 0.473856 0.007353 0.042017
4 0.089811 0.596639 0.075630 0.082166
4 0.082195 0.437908 0.039391 0.054155
4 0.062763 0.548553 0.053046 0.066293
5 0.333771 0.304855 0.023634 0.049486
4 0.381828 0.323063 0.023109 0.046685
4 0.403624 0.310458 0.021534 0.040149
3 0.593487 0.415033 0.042017 0.030812
3 0.732668 0.880952 0.034664 0.045752
3 0.742910 0.917367 0.029937 0.051354
10 0.095326 0.636321 0.028887 0.038282
0 0.161502 0.291783 0.036239 0.064426
0 0.673057 0.300187 0.028887 0.047619
7 0.111607 0.297386 0.027836 0.040149
1 0.031250 0.318861 0.004727 0.032680
1 0.034401 0.323529 0.009979 0.036415
10 0.428834 0.288049 0.024685 0.027077
0 0.787027 0.314192 0.039391 0.070028
1 0.461397 0.288982 0.012080 0.027077
0 0.552258 0.293651 0.094013 0.025210
1 0.687500 0.404295 0.010504 0.035481
1 0.675945 0.402894 0.010504 0.032680
