4 0.297269 0.837068 0.068277 0.129785
4 0.360294 0.782446 0.053571 0.134454
4 0.185137 0.841737 0.104517 0.086835
4 0.172269 0.782913 0.103992 0.090570
4 0.352416 0.656396 0.072479 0.104575
4 0.285189 0.616246 0.092437 0.067227
4 0.301471 0.564426 0.074580 0.058824
4 0.343487 0.534547 0.034664 0.075630
4 0.310399 0.490663 0.071429 0.077498
4 0.339811 0.438842 0.029412 0.070962
4 0.138130 0.685808 0.094538 0.118581
4 0.151786 0.627918 0.074580 0.073763
4 0.620011 0.970588 0.099265 0.056956
4 0.640494 0.907096 0.105567 0.090570
4 0.629727 0.830999 0.099790 0.080299
5 0.584296 0.714286 0.040441 0.100840
4 0.586660 0.630719 0.036765 0.081232
4 0.545431 0.588235 0.033088 0.069094
4 0.603729 0.555089 0.067752 0.058824
4 0.571166 0.507003 0.029937 0.059757
4 0.575368 0.451447 0.035189 0.056956
4 0.634191 0.453315 0.044643 0.077498
4 0.670431 0.438375 0.043592 0.070028
4 0.706933 0.439776 0.043067 0.065359
5 0.504727 0.327264 0.055672 0.049486
4 0.566964 0.330065 0.049895 0.036415
4 0.629202 0.333800 0.050420 0.038282
4 0.778099 0.355275 0.055147 0.042017
4 0.204569 0.420635 0.028887 0.071895
5 0.159926 0.420168 0.034139 0.072829
4 0.123687 0.424837 0.039391 0.056022
1 0.603729 0.765173 0.015231 0.055089
2 0.602941 0.758170 0.008403 0.037348
2 0.415966 0.747432 0.013655 0.036415
3 0.416229 0.760971 0.013130 0.037348
2 0.506040 0.665733 0.013130 0.035481
3 0.507090 0.677404 0.011029 0.043884
1 0.523634 0.469188 0.007353 0.042017
4 0.090861 0.592904 0.074580 0.082166
4 0.082983 0.435107 0.038866 0.054155
4 0.064338 0.545285 0.051996 0.065359
5 0.331145 0.303922 0.023634 0.049486
4 0.379202 0.321195 0.023109 0.046685
4 0.400210 0.309524 0.021008 0.040149
3 0.592174 0.412232 0.040441 0.032680
3 0.731092 0.873483 0.034664 0.045752
3 0.741334 0.909430 0.029937 0.050420
10 0.097426 0.632586 0.028887 0.038282
0 0.161502 0.290850 0.036239 0.064426
0 0.672006 0.299253 0.028887 0.047619
7 0.111607 0.296452 0.027836 0.040149
1 0.033351 0.316993 0.004727 0.032680
1 0.037027 0.321662 0.009979 0.036415
10 0.428309 0.287115 0.024685 0.027077
0 0.785977 0.313259 0.039391 0.070028
1 0.460347 0.287115 0.012080 0.027077
0 0.550683 0.290850 0.094013 0.025210
1 0.686450 0.401494 0.010504 0.035481
1 0.674895 0.400093 0.010504 0.032680
