4 0.276261 0.935574 0.115546 0.100840
4 0.286239 0.777778 0.060924 0.128852
4 0.347164 0.804388 0.053571 0.139122
4 0.325368 0.659664 0.089811 0.075630
4 0.336134 0.557423 0.056723 0.085901
4 0.386817 0.523343 0.041492 0.090570
4 0.248687 0.554622 0.079307 0.063492
4 0.235032 0.514006 0.081408 0.056956
4 0.308561 0.474323 0.077206 0.059757
4 0.320641 0.419701 0.075105 0.049486
4 0.331145 0.384687 0.061450 0.041083
4 0.366334 0.366013 0.028887 0.056022
4 0.336397 0.334267 0.055147 0.061625
4 0.361607 0.300654 0.023634 0.054155
4 0.202731 0.457516 0.072479 0.082166
4 0.212973 0.420635 0.064601 0.049486
4 0.646796 0.954715 0.056197 0.086835
3 0.640756 0.825864 0.023109 0.056956
4 0.600840 0.745098 0.060924 0.123249
4 0.587710 0.655929 0.086134 0.086835
4 0.607931 0.595705 0.082458 0.059757
4 0.600315 0.550420 0.080882 0.055089
5 0.566964 0.483193 0.034139 0.068161
4 0.569328 0.430906 0.030462 0.051354
4 0.535977 0.406162 0.026786 0.048553
4 0.586922 0.383754 0.055147 0.044818
4 0.559611 0.352007 0.023634 0.046685
4 0.562763 0.310458 0.029937 0.042017
4 0.615021 0.315593 0.036765 0.059757
4 0.645746 0.303922 0.037290 0.056956
4 0.676471 0.307656 0.038866 0.049486
4 0.221639 0.231092 0.054622 0.040149
5 0.503939 0.223623 0.048845 0.042017
4 0.558298 0.228758 0.040966 0.031746
4 0.613971 0.231559 0.044118 0.029879
4 0.546218 0.246965 0.043067 0.032680
4 0.238971 0.291783 0.023109 0.047619
5 0.206933 0.287582 0.029412 0.059757
4 0.175420 0.290383 0.031513 0.042951
4 0.323529 0.253035 0.051471 0.035481
1 0.674107 0.438375 0.007878 0.040149
2 0.672794 0.429972 0.007353 0.023343
1 0.547794 0.285714 0.005252 0.033613
4 0.159926 0.397292 0.051996 0.053221
4 0.136292 0.300187 0.032038 0.053221
5 0.350053 0.204015 0.020483 0.042017
4 0.391282 0.218021 0.019958 0.034547
4 0.409664 0.210551 0.019958 0.034547
3 0.579307 0.290383 0.035714 0.026144
0 0.733718 0.809991 0.038866 0.062558
3 0.682248 0.581699 0.027311 0.035481
3 0.690651 0.600373 0.024160 0.041083
1 0.135767 0.707283 0.012080 0.025210
1 0.139968 0.686741 0.015231 0.028945
10 0.105042 0.807190 0.032563 0.049486
10 0.168855 0.426237 0.028887 0.038282
0 0.204044 0.190009 0.036239 0.064426
0 0.649947 0.218021 0.028887 0.047619
7 0.149947 0.199346 0.022584 0.032680
1 0.161502 0.195612 0.004727 0.032680
1 0.167279 0.195612 0.009979 0.036415
10 0.427784 0.193744 0.024685 0.027077
1 0.458246 0.191877 0.012080 0.027077
0 0.539128 0.199346 0.081408 0.025210
