4 0.302258 0.885621 0.102416 0.090570
4 0.317489 0.738095 0.061450 0.111111
4 0.375525 0.689542 0.049370 0.116713
4 0.217174 0.737628 0.094013 0.074697
4 0.201943 0.687208 0.092962 0.070962
4 0.334559 0.600840 0.079832 0.088702
4 0.303571 0.549953 0.081933 0.059757
4 0.316702 0.507937 0.068277 0.050420
4 0.356092 0.480392 0.031513 0.068161
4 0.322479 0.443978 0.063025 0.075630
4 0.351366 0.397292 0.026261 0.066293
4 0.168067 0.608777 0.081933 0.106443
4 0.180410 0.559290 0.069853 0.065359
4 0.627101 0.958917 0.058824 0.078431
4 0.604779 0.875350 0.097164 0.107376
4 0.627889 0.792250 0.092962 0.071895
4 0.618435 0.727358 0.089811 0.072829
5 0.578519 0.634921 0.036239 0.087768
4 0.579832 0.564426 0.032563 0.068161
4 0.542542 0.530345 0.030462 0.057890
4 0.598214 0.498599 0.063025 0.050420
4 0.567752 0.459384 0.028361 0.061625
4 0.570116 0.406162 0.034139 0.056022
4 0.626313 0.408497 0.040441 0.071895
4 0.661239 0.398226 0.040966 0.064426
4 0.695116 0.400560 0.037290 0.063492
5 0.506040 0.297386 0.055147 0.047619
4 0.565389 0.299253 0.046744 0.038282
4 0.623162 0.302054 0.046744 0.032680
4 0.144695 0.316527 0.054097 0.041083
4 0.215861 0.381886 0.026261 0.056022
5 0.180672 0.380952 0.032563 0.069094
4 0.146796 0.379552 0.035189 0.049486
4 0.664391 0.338469 0.052521 0.038282
1 0.642857 0.636788 0.008403 0.048553
2 0.642595 0.627918 0.007878 0.023343
2 0.396008 0.861345 0.014706 0.042017
3 0.397584 0.873950 0.014706 0.044818
2 0.524160 0.866480 0.014706 0.041083
3 0.524685 0.873950 0.013655 0.063492
1 0.535714 0.406629 0.008403 0.038282
4 0.119223 0.534080 0.063025 0.070962
4 0.103204 0.396825 0.035189 0.054155
4 0.088498 0.492063 0.048845 0.052288
5 0.338498 0.276377 0.023634 0.046685
4 0.383929 0.293184 0.023109 0.042951
4 0.405200 0.281979 0.019433 0.039216
3 0.587973 0.377684 0.040441 0.030812
3 0.710872 0.767040 0.032038 0.040149
3 0.720326 0.794585 0.026786 0.044818
1 0.079044 0.941643 0.012080 0.025210
1 0.086922 0.918301 0.015231 0.028945
10 0.127363 0.565359 0.028887 0.038282
0 0.175683 0.272176 0.036239 0.064426
0 0.663078 0.277778 0.028887 0.047619
7 0.125788 0.271709 0.024685 0.035481
1 0.087973 0.284314 0.004727 0.032680
1 0.092700 0.288049 0.009979 0.036415
10 0.424632 0.264706 0.024685 0.027077
0 0.771271 0.292717 0.039391 0.070028
1 0.454044 0.264706 0.012080 0.027077
0 0.543067 0.269374 0.086134 0.025210
1 0.675420 0.365546 0.010504 0.036415
1 0.667017 0.354342 0.010504 0.032680
