5 0.271008 0.940243 0.116597 0.115780
6 0.283613 0.867414 0.130252 0.098973
4 0.308824 0.776844 0.098739 0.082166
4 0.313813 0.658263 0.048845 0.100840
4 0.367384 0.676937 0.045693 0.108310
4 0.345326 0.565826 0.078256 0.061625
4 0.353729 0.482726 0.050945 0.070962
4 0.398634 0.456116 0.036765 0.077498
4 0.274160 0.478525 0.072479 0.055089
4 0.259454 0.455182 0.069328 0.049486
4 0.316176 0.411765 0.073529 0.057890
4 0.336660 0.366947 0.068277 0.042951
4 0.348214 0.341270 0.052521 0.040149
4 0.377363 0.323063 0.026786 0.052288
4 0.349790 0.295518 0.052521 0.053221
4 0.371324 0.267040 0.022059 0.046685
4 0.231618 0.398693 0.063025 0.076564
4 0.239233 0.368814 0.055147 0.044818
4 0.618960 0.936975 0.094013 0.120448
4 0.626050 0.824463 0.048319 0.128852
3 0.622111 0.697479 0.020483 0.046685
4 0.588235 0.632586 0.053571 0.099907
4 0.578256 0.563959 0.074580 0.070962
4 0.597426 0.515406 0.074055 0.052288
4 0.591649 0.477124 0.070903 0.044818
5 0.561187 0.422969 0.030987 0.061625
4 0.563813 0.380019 0.028887 0.044818
4 0.534139 0.358543 0.027311 0.042951
4 0.580882 0.339402 0.051471 0.042017
4 0.556460 0.311391 0.022584 0.040149
4 0.558561 0.278245 0.027836 0.033613
4 0.607668 0.278245 0.033613 0.056022
4 0.635767 0.268441 0.034139 0.049486
4 0.664391 0.270308 0.029412 0.045752
4 0.329044 0.209617 0.043592 0.040149
5 0.503676 0.197946 0.049370 0.037348
4 0.653624 0.231559 0.045693 0.033613
4 0.556197 0.200747 0.039916 0.031746
4 0.607931 0.204482 0.042542 0.029879
4 0.253676 0.259104 0.019958 0.040149
5 0.227679 0.255369 0.027836 0.053221
4 0.198529 0.256303 0.027311 0.043884
4 0.237395 0.218954 0.047269 0.030812
1 0.547794 0.249300 0.006303 0.033613
4 0.187500 0.349673 0.051471 0.053221
4 0.163078 0.257703 0.028887 0.050420
5 0.358718 0.180205 0.019958 0.042951
4 0.397584 0.195145 0.019958 0.035481
4 0.415966 0.185808 0.017857 0.031746
3 0.573004 0.257703 0.033613 0.026144
3 0.799107 0.961251 0.019433 0.066293
0 0.705095 0.683940 0.035189 0.056956
3 0.663866 0.503268 0.024160 0.029879
3 0.670431 0.520075 0.022584 0.037348
1 0.180935 0.591503 0.012080 0.025210
1 0.181460 0.582166 0.015231 0.028945
10 0.156250 0.678338 0.027836 0.040149
10 0.193015 0.373016 0.028887 0.038282
0 0.222426 0.166667 0.036239 0.064426
0 0.640494 0.194678 0.028887 0.047619
1 0.190126 0.170401 0.004202 0.032680
1 0.195903 0.170401 0.009454 0.036415
10 0.429359 0.170401 0.024685 0.027077
1 0.460609 0.172269 0.011555 0.027077
0 0.533351 0.175070 0.081408 0.025210
