4 0.293067 0.932773 0.108193 0.097106
4 0.311187 0.770308 0.063550 0.115780
4 0.371061 0.722222 0.049895 0.122316
4 0.207458 0.770308 0.096639 0.078431
4 0.194065 0.717087 0.095063 0.072829
4 0.344013 0.619514 0.078782 0.090570
4 0.298845 0.570962 0.082983 0.058824
4 0.311975 0.524276 0.069328 0.049486
4 0.351891 0.498133 0.032563 0.070028
4 0.318015 0.459384 0.066702 0.076564
4 0.347426 0.410831 0.026786 0.067227
4 0.159926 0.633053 0.084559 0.108310
4 0.171218 0.581699 0.069328 0.069094
4 0.610032 0.921102 0.102416 0.120448
4 0.632616 0.832400 0.099265 0.077498
4 0.623424 0.762372 0.091387 0.071895
5 0.580882 0.661998 0.038866 0.089636
4 0.581933 0.584500 0.035714 0.070962
4 0.543855 0.549020 0.033088 0.061625
4 0.600578 0.517274 0.064601 0.052288
4 0.569590 0.474323 0.027836 0.057890
4 0.572216 0.422035 0.033088 0.054155
4 0.629727 0.423903 0.042017 0.070962
4 0.664391 0.410364 0.042017 0.066293
4 0.699580 0.412232 0.040966 0.062558
5 0.505515 0.306256 0.054097 0.048553
4 0.565126 0.310458 0.048319 0.034547
4 0.625000 0.311858 0.051471 0.033613
4 0.048057 0.320728 0.053046 0.040149
4 0.210872 0.397292 0.026786 0.058824
5 0.173845 0.395425 0.032563 0.070028
4 0.139443 0.395892 0.037290 0.052288
4 0.741071 0.353875 0.052521 0.039216
1 0.631828 0.682540 0.010504 0.052288
2 0.632090 0.671802 0.007878 0.023343
2 0.401261 0.807190 0.013655 0.040149
3 0.401786 0.819795 0.013655 0.041083
2 0.517857 0.765640 0.014706 0.041083
3 0.517595 0.775444 0.013130 0.056956
1 0.531250 0.427171 0.007878 0.040149
4 0.107143 0.557423 0.067227 0.074697
4 0.094013 0.411765 0.036765 0.054155
4 0.078782 0.513072 0.048319 0.056956
5 0.335609 0.287582 0.024160 0.046685
4 0.381828 0.304855 0.023109 0.045752
4 0.403624 0.291317 0.020483 0.039216
3 0.589811 0.390756 0.039916 0.032680
3 0.718225 0.804388 0.034139 0.043884
3 0.727416 0.832866 0.027311 0.048553
10 0.116859 0.590570 0.028887 0.038282
0 0.172006 0.278711 0.036239 0.064426
0 0.665704 0.286181 0.028887 0.047619
7 0.118435 0.280579 0.026786 0.038282
1 0.065914 0.294585 0.004727 0.032680
1 0.071166 0.294585 0.009979 0.036415
10 0.424632 0.274043 0.024685 0.027077
0 0.772847 0.298319 0.039391 0.070028
1 0.452994 0.271242 0.012080 0.027077
0 0.545431 0.277778 0.089811 0.025210
1 0.678046 0.378151 0.010504 0.035481
1 0.665441 0.369281 0.010504 0.032680
