4 0.303834 0.858543 0.069853 0.137255
4 0.368172 0.800654 0.054622 0.142857
4 0.190389 0.856676 0.106618 0.090570
4 0.176996 0.795051 0.103992 0.088702
4 0.365021 0.665733 0.070378 0.108310
4 0.294905 0.624650 0.088761 0.070962
4 0.308298 0.574697 0.075630 0.056956
4 0.351366 0.544351 0.034664 0.078431
4 0.320116 0.501867 0.070903 0.083100
4 0.348214 0.444911 0.032563 0.070028
4 0.147059 0.697012 0.094538 0.120448
4 0.159139 0.640523 0.075630 0.076564
4 0.653887 0.936041 0.108193 0.096172
4 0.641807 0.853875 0.101891 0.084967
5 0.596376 0.731559 0.040441 0.101774
4 0.595588 0.645191 0.037815 0.085901
4 0.554359 0.601774 0.033088 0.070028
4 0.617384 0.566760 0.068803 0.054155
4 0.581670 0.518207 0.028887 0.059757
4 0.586134 0.460784 0.034664 0.058824
4 0.647847 0.469655 0.046744 0.078431
4 0.684086 0.450514 0.043592 0.071895
4 0.719013 0.451447 0.046218 0.071895
5 0.517595 0.332400 0.057248 0.050420
4 0.580357 0.336601 0.050420 0.038282
4 0.642332 0.338936 0.050420 0.037348
4 0.764968 0.362278 0.055147 0.046685
4 0.207983 0.424837 0.030462 0.078431
5 0.169643 0.423903 0.035714 0.074697
4 0.134716 0.429972 0.040441 0.056956
1 0.606092 0.795051 0.015756 0.056956
2 0.606092 0.788049 0.008403 0.037348
2 0.427521 0.729225 0.013655 0.035481
3 0.427784 0.744164 0.013130 0.037348
2 0.513130 0.643324 0.012605 0.035481
3 0.513393 0.651727 0.011029 0.041083
1 0.535714 0.484594 0.007353 0.041083
4 0.086922 0.603175 0.077206 0.084034
4 0.081145 0.443044 0.039391 0.055089
4 0.059874 0.554622 0.055672 0.069094
5 0.340074 0.307190 0.023634 0.050420
4 0.387868 0.327264 0.023634 0.045752
4 0.410977 0.312792 0.021534 0.041083
3 0.605830 0.421569 0.041492 0.032680
3 0.745798 0.900560 0.034664 0.043884
3 0.757090 0.934641 0.032038 0.050420
10 0.093225 0.643791 0.028887 0.038282
0 0.162027 0.293651 0.036239 0.064426
0 0.675683 0.302054 0.028887 0.047619
7 0.111607 0.300187 0.027836 0.040149
1 0.027048 0.322596 0.004727 0.032680
1 0.028624 0.327264 0.009979 0.036415
10 0.429884 0.290850 0.024685 0.027077
0 0.790179 0.316993 0.039391 0.070028
1 0.462973 0.292717 0.012080 0.027077
0 0.554359 0.297386 0.094013 0.025210
1 0.700105 0.412698 0.010504 0.035481
1 0.689076 0.406629 0.010504 0.032680
