6 0.258403 0.967320 0.147059 0.063492
4 0.287815 0.879085 0.109244 0.094304
4 0.295693 0.737162 0.056723 0.118581
4 0.354254 0.759570 0.048845 0.127918
4 0.332721 0.626984 0.085609 0.070028
4 0.342437 0.531279 0.055672 0.080299
4 0.390231 0.499066 0.039916 0.084967
4 0.256828 0.527077 0.078782 0.060691
4 0.244485 0.489729 0.079307 0.055089
4 0.311187 0.451914 0.076155 0.059757
4 0.325368 0.399627 0.073004 0.046685
4 0.336397 0.367880 0.059349 0.041083
4 0.369485 0.349673 0.028887 0.055089
4 0.339811 0.321195 0.053571 0.057890
4 0.364758 0.288982 0.023634 0.051354
4 0.211922 0.436508 0.068803 0.081232
4 0.221376 0.401961 0.061450 0.049486
4 0.639181 0.928571 0.054622 0.139122
3 0.633929 0.780579 0.022059 0.052288
4 0.595588 0.705882 0.058824 0.113912
4 0.584559 0.624183 0.082983 0.081232
4 0.603992 0.568627 0.079832 0.057890
4 0.597689 0.525677 0.076681 0.052288
5 0.564863 0.460784 0.032038 0.068161
4 0.568015 0.413165 0.028887 0.049486
4 0.535189 0.388422 0.027311 0.046685
4 0.584559 0.367880 0.055672 0.042951
4 0.558561 0.338469 0.023634 0.042017
4 0.561450 0.301587 0.029412 0.041083
4 0.612132 0.303455 0.036239 0.059757
4 0.642595 0.293184 0.035189 0.054155
4 0.672794 0.295985 0.036765 0.050420
4 0.260767 0.224556 0.051996 0.038282
5 0.504202 0.215219 0.049370 0.040149
4 0.716124 0.232960 0.046744 0.032680
4 0.556985 0.218954 0.041492 0.030812
4 0.610819 0.221755 0.044118 0.028945
4 0.582195 0.237628 0.042542 0.032680
4 0.243172 0.279645 0.023109 0.047619
5 0.213498 0.274977 0.028887 0.058824
4 0.183561 0.278245 0.030987 0.042951
4 0.297269 0.240896 0.049370 0.033613
1 0.674632 0.415966 0.007878 0.040149
2 0.672794 0.407096 0.007353 0.024276
1 0.548057 0.272642 0.005777 0.035481
4 0.168855 0.381419 0.051996 0.053221
4 0.144958 0.287115 0.031513 0.053221
5 0.352679 0.196545 0.020483 0.042017
4 0.392857 0.211485 0.019958 0.036415
4 0.411765 0.202148 0.019958 0.034547
3 0.577731 0.279178 0.034664 0.026144
0 0.722689 0.765173 0.036765 0.060691
3 0.675945 0.553688 0.027311 0.033613
3 0.683824 0.570962 0.023109 0.040149
1 0.151523 0.669001 0.012080 0.025210
1 0.154149 0.650327 0.015231 0.028945
10 0.122637 0.762372 0.027836 0.040149
10 0.062237 0.932306 0.045693 0.049486
10 0.178309 0.406629 0.028887 0.038282
0 0.209821 0.183473 0.036239 0.064426
0 0.646796 0.210551 0.028887 0.047619
7 0.157826 0.189076 0.022584 0.032680
1 0.170956 0.184407 0.004727 0.032680
1 0.176733 0.184407 0.009979 0.036415
10 0.428834 0.185341 0.024685 0.027077
1 0.459296 0.185341 0.012080 0.027077
0 0.537553 0.190943 0.081408 0.025210
