4 0.287815 0.953315 0.110294 0.087768
4 0.306197 0.792717 0.065126 0.121382
4 0.367647 0.740430 0.052521 0.125117
4 0.200893 0.794585 0.099265 0.080299
4 0.188025 0.738562 0.097689 0.080299
4 0.346113 0.631186 0.076681 0.093371
4 0.295168 0.585434 0.085084 0.061625
4 0.307773 0.538749 0.070378 0.054155
4 0.349002 0.507937 0.033088 0.070962
4 0.315914 0.471055 0.068803 0.079365
4 0.344538 0.418301 0.028361 0.065359
4 0.152574 0.650794 0.086660 0.113912
4 0.165966 0.595238 0.073529 0.066293
4 0.610819 0.942577 0.102941 0.111111
4 0.635242 0.858077 0.100315 0.080299
4 0.625525 0.785247 0.093487 0.080299
5 0.581933 0.680672 0.039916 0.091503
4 0.583246 0.599440 0.036239 0.074697
4 0.544380 0.560224 0.033088 0.065359
4 0.601628 0.530345 0.064601 0.052288
4 0.569853 0.483660 0.029412 0.059757
4 0.570903 0.431373 0.033613 0.054155
4 0.630777 0.434174 0.043067 0.076564
4 0.665441 0.418301 0.044118 0.065359
4 0.701418 0.422502 0.039391 0.060691
5 0.505252 0.313259 0.054622 0.047619
4 0.566176 0.318394 0.047269 0.035481
4 0.626313 0.318394 0.050945 0.035481
4 0.208246 0.406629 0.027836 0.060691
5 0.170168 0.403828 0.032563 0.070028
4 0.135242 0.404295 0.038340 0.054155
4 0.776786 0.363212 0.052521 0.039216
1 0.622374 0.709617 0.010504 0.052288
2 0.621849 0.699346 0.007353 0.026144
2 0.403624 0.785247 0.013130 0.039216
3 0.404149 0.799253 0.013130 0.037348
2 0.513655 0.729225 0.013655 0.039216
3 0.513918 0.739029 0.012080 0.053221
1 0.528887 0.439309 0.008403 0.042017
4 0.101103 0.569094 0.069853 0.077498
4 0.089548 0.419234 0.037290 0.054155
4 0.074055 0.523343 0.048319 0.058824
5 0.334034 0.292717 0.024160 0.045752
4 0.380515 0.310458 0.022584 0.047619
4 0.402311 0.296919 0.021008 0.039216
3 0.590336 0.397759 0.039916 0.031746
3 0.722689 0.824930 0.034664 0.043884
3 0.731355 0.856676 0.027836 0.049486
10 0.111082 0.603641 0.028887 0.038282
0 0.168855 0.282446 0.036239 0.064426
0 0.667279 0.290850 0.028887 0.047619
7 0.113445 0.285714 0.027311 0.039216
1 0.053309 0.302054 0.004727 0.032680
1 0.058561 0.303922 0.009979 0.036415
10 0.424632 0.278711 0.024685 0.027077
0 0.775998 0.302988 0.039391 0.070028
1 0.454044 0.274977 0.012080 0.027077
0 0.546744 0.281513 0.091387 0.025210
1 0.679622 0.384687 0.010504 0.035481
1 0.668067 0.377684 0.010504 0.032680
