4 0.303046 0.860878 0.069328 0.136321
4 0.367910 0.802521 0.055147 0.140990
4 0.188813 0.861345 0.106618 0.086835
4 0.176208 0.797386 0.104517 0.087768
4 0.365021 0.666667 0.069328 0.108310
4 0.294118 0.626050 0.089286 0.070028
4 0.307773 0.576097 0.075630 0.056022
4 0.350840 0.545285 0.034664 0.078431
4 0.319065 0.502334 0.070903 0.084034
4 0.348214 0.445845 0.032563 0.070028
4 0.145483 0.698880 0.094538 0.120448
4 0.158088 0.640990 0.075630 0.077498
4 0.653624 0.940710 0.108718 0.096172
4 0.642332 0.857143 0.101891 0.085901
5 0.596639 0.734360 0.039916 0.101774
4 0.598477 0.647526 0.038340 0.086835
4 0.554622 0.602241 0.033613 0.070962
4 0.617122 0.568161 0.069328 0.055089
4 0.581933 0.519141 0.029412 0.059757
4 0.586134 0.461251 0.034664 0.059757
4 0.647847 0.469655 0.046744 0.078431
4 0.684086 0.450980 0.043592 0.072829
4 0.719538 0.452381 0.046218 0.071895
5 0.517069 0.332400 0.057248 0.050420
4 0.579832 0.337068 0.050420 0.039216
4 0.642332 0.339402 0.050420 0.036415
4 0.760242 0.364146 0.055147 0.046685
4 0.207721 0.425303 0.030987 0.079365
5 0.169118 0.424370 0.035714 0.075630
4 0.133666 0.430906 0.040441 0.056956
1 0.605042 0.798786 0.015756 0.056956
2 0.604517 0.791783 0.008403 0.037348
2 0.430672 0.726424 0.013655 0.035481
3 0.430935 0.741363 0.013130 0.037348
2 0.512080 0.639589 0.012605 0.035481
3 0.512342 0.647993 0.011029 0.041083
1 0.535189 0.485528 0.007353 0.041083
4 0.086660 0.605042 0.077731 0.084034
4 0.080620 0.443978 0.039391 0.055089
4 0.059086 0.556022 0.056197 0.070028
5 0.340074 0.307656 0.023634 0.051354
4 0.387342 0.327731 0.023634 0.044818
4 0.410452 0.313725 0.021534 0.041083
3 0.605830 0.422502 0.041492 0.032680
3 0.746324 0.903361 0.034664 0.043884
3 0.757616 0.938375 0.032038 0.050420
10 0.092700 0.645658 0.028887 0.038282
0 0.162027 0.294585 0.036239 0.064426
0 0.676208 0.302988 0.028887 0.047619
7 0.111607 0.301120 0.027836 0.040149
1 0.026523 0.323529 0.004727 0.032680
1 0.027574 0.327264 0.009979 0.036415
10 0.429884 0.291783 0.024685 0.027077
0 0.790704 0.317927 0.039391 0.070028
1 0.463498 0.293651 0.012080 0.027077
0 0.554884 0.298319 0.094013 0.025210
1 0.700630 0.413632 0.010504 0.035481
1 0.690126 0.407563 0.010504 0.032680
