4 0.257616 0.924837 0.070903 0.146592
4 0.325630 0.937442 0.056723 0.121382
4 0.304097 0.780112 0.099790 0.086835
4 0.319590 0.650327 0.061450 0.098039
4 0.376313 0.609244 0.047794 0.107376
4 0.221901 0.647993 0.090861 0.070962
4 0.209034 0.599440 0.090336 0.063492
4 0.301733 0.544351 0.085609 0.069094
4 0.305410 0.484127 0.081408 0.055089
4 0.318803 0.445845 0.067227 0.045752
4 0.356618 0.421569 0.031513 0.062558
4 0.324055 0.386555 0.061975 0.067227
4 0.351891 0.346405 0.025210 0.057890
4 0.174895 0.531746 0.080882 0.099907
4 0.187237 0.488329 0.068803 0.057890
4 0.615809 0.882353 0.068803 0.151261
4 0.600053 0.774043 0.094013 0.108310
4 0.621849 0.699813 0.092437 0.071895
4 0.613708 0.645658 0.087710 0.066293
5 0.575368 0.560224 0.035189 0.080299
4 0.576681 0.496732 0.034664 0.061625
4 0.539916 0.466853 0.032563 0.054155
4 0.594800 0.440710 0.061450 0.052288
4 0.565651 0.406162 0.026261 0.050420
4 0.568540 0.359010 0.034139 0.047619
4 0.623950 0.359944 0.040966 0.066293
4 0.656513 0.348739 0.038866 0.060691
4 0.687500 0.352474 0.046218 0.056956
4 0.088235 0.266106 0.054622 0.039216
5 0.504727 0.258637 0.053571 0.044818
4 0.561712 0.261905 0.046744 0.036415
4 0.620536 0.264706 0.046744 0.032680
4 0.431985 0.281979 0.045693 0.039216
4 0.220063 0.341270 0.025210 0.053221
5 0.186187 0.332400 0.029937 0.063492
4 0.153624 0.337535 0.034139 0.043884
4 0.410977 0.298786 0.053046 0.037348
1 0.672269 0.520542 0.012605 0.045752
2 0.672269 0.507937 0.007353 0.022409
1 0.547794 0.334267 0.007353 0.035481
4 0.132353 0.461251 0.057773 0.057890
4 0.113971 0.344071 0.033613 0.055089
5 0.341649 0.237628 0.023634 0.045752
4 0.385504 0.254435 0.023109 0.042017
4 0.406775 0.244164 0.018382 0.036415
3 0.584821 0.330065 0.038340 0.023343
0 0.770746 0.963119 0.053046 0.070028
3 0.699842 0.675537 0.028887 0.036415
3 0.709034 0.697479 0.027311 0.042951
1 0.090074 0.823996 0.012080 0.025210
1 0.096376 0.806256 0.015231 0.028945
10 0.135767 0.493464 0.028887 0.038282
0 0.187763 0.224556 0.036239 0.064426
0 0.658876 0.240430 0.028887 0.047619
7 0.132616 0.232026 0.022584 0.032680
1 0.131565 0.239496 0.004727 0.032680
1 0.137868 0.240430 0.009979 0.036415
10 0.425158 0.226424 0.024685 0.027077
1 0.456145 0.224556 0.012080 0.027077
0 0.539128 0.232960 0.081408 0.025210
