4 0.287027 0.957983 0.111870 0.078431
4 0.305935 0.797852 0.066702 0.120448
4 0.366859 0.747899 0.050945 0.126984
4 0.198267 0.799253 0.099265 0.082166
4 0.184874 0.743697 0.098739 0.083100
4 0.346901 0.633520 0.076155 0.092437
4 0.293067 0.591503 0.085084 0.064426
4 0.306985 0.542017 0.070903 0.053221
4 0.348477 0.511204 0.033088 0.071895
4 0.314601 0.473856 0.068277 0.079365
4 0.344538 0.420168 0.028361 0.065359
4 0.150998 0.655929 0.087710 0.118581
4 0.164128 0.599440 0.073004 0.065359
4 0.611870 0.946312 0.103992 0.103641
4 0.636029 0.866013 0.100840 0.083100
4 0.625788 0.791317 0.095063 0.079365
5 0.581670 0.684874 0.039391 0.090570
4 0.583508 0.602241 0.035714 0.076564
4 0.544118 0.564426 0.033613 0.064426
4 0.601628 0.532213 0.064601 0.052288
4 0.569853 0.487395 0.029412 0.059757
4 0.571166 0.433707 0.035189 0.053221
4 0.632616 0.437908 0.042542 0.076564
4 0.665704 0.422502 0.043592 0.068161
4 0.702468 0.425303 0.039391 0.062558
5 0.504989 0.314659 0.054097 0.046685
4 0.565914 0.318394 0.046744 0.035481
4 0.626838 0.321195 0.050945 0.035481
4 0.207721 0.409430 0.027836 0.060691
5 0.168592 0.406629 0.032563 0.070028
4 0.133666 0.408030 0.038340 0.054155
4 0.787815 0.364146 0.052521 0.039216
1 0.619748 0.717087 0.010504 0.052288
2 0.618697 0.707283 0.007353 0.027077
2 0.405462 0.780112 0.013655 0.038282
3 0.405725 0.793651 0.013130 0.037348
2 0.512605 0.718954 0.013655 0.039216
3 0.512868 0.728291 0.012080 0.052288
1 0.528361 0.443044 0.008403 0.042017
4 0.099265 0.572362 0.070378 0.078431
4 0.088235 0.421569 0.037815 0.053221
4 0.072742 0.526611 0.047794 0.059757
5 0.333771 0.294585 0.024685 0.045752
4 0.380252 0.312325 0.023109 0.047619
4 0.402311 0.297852 0.021008 0.039216
3 0.590599 0.399627 0.040441 0.031746
3 0.723739 0.831933 0.034664 0.044818
3 0.732668 0.864146 0.028361 0.049486
10 0.109506 0.607376 0.028887 0.038282
0 0.167279 0.284314 0.036239 0.064426
0 0.667805 0.291783 0.028887 0.047619
7 0.112132 0.287115 0.027836 0.040149
1 0.049632 0.303922 0.004727 0.032680
1 0.054884 0.306723 0.009979 0.036415
10 0.425158 0.279645 0.024685 0.027077
0 0.777574 0.303922 0.039391 0.070028
1 0.455095 0.276844 0.012080 0.027077
0 0.547006 0.282446 0.091912 0.025210
1 0.680147 0.387488 0.010504 0.035481
1 0.669118 0.380486 0.010504 0.032680
