4 0.302784 0.877684 0.101366 0.089636
4 0.317752 0.732026 0.060924 0.110177
4 0.375788 0.685341 0.048845 0.115780
4 0.218487 0.732026 0.092437 0.074697
4 0.202994 0.681606 0.092962 0.070962
4 0.331408 0.598973 0.081933 0.084967
4 0.304097 0.546218 0.080882 0.059757
4 0.316964 0.504202 0.067752 0.050420
4 0.355830 0.476657 0.030987 0.068161
4 0.322479 0.441643 0.063025 0.074697
4 0.351366 0.394491 0.026261 0.064426
4 0.169380 0.603641 0.081408 0.105509
4 0.181460 0.555089 0.069853 0.064426
4 0.624212 0.954715 0.060399 0.086835
4 0.603466 0.867880 0.096639 0.107376
4 0.626576 0.786648 0.092437 0.070028
4 0.617384 0.722222 0.088761 0.071895
5 0.577731 0.630719 0.035714 0.086835
4 0.578782 0.559757 0.032563 0.066293
4 0.541492 0.527077 0.030462 0.058824
4 0.597164 0.494398 0.063025 0.049486
4 0.566964 0.456583 0.027836 0.059757
4 0.569065 0.405229 0.034139 0.054155
4 0.625788 0.406629 0.040441 0.070028
4 0.659664 0.395892 0.040966 0.065359
4 0.693540 0.398226 0.038340 0.060691
5 0.505515 0.295985 0.054097 0.046685
4 0.564076 0.297852 0.046218 0.037348
4 0.622111 0.300654 0.046744 0.033613
4 0.170168 0.316060 0.053571 0.042017
4 0.216912 0.381419 0.026261 0.055089
5 0.181197 0.378618 0.031513 0.068161
4 0.147847 0.378618 0.035189 0.049486
4 0.642857 0.336134 0.052521 0.037348
1 0.645483 0.625117 0.008403 0.047619
2 0.645221 0.615780 0.007878 0.023343
2 0.393908 0.880952 0.014706 0.042017
3 0.396008 0.894491 0.014706 0.044818
2 0.524947 0.906629 0.015231 0.041083
3 0.524685 0.913632 0.013655 0.064426
1 0.536765 0.402894 0.008403 0.038282
4 0.122637 0.527544 0.061450 0.069094
4 0.105567 0.392624 0.034664 0.055089
4 0.091124 0.485994 0.048845 0.051354
5 0.339548 0.273576 0.023634 0.046685
4 0.384716 0.289916 0.023634 0.042017
4 0.405987 0.279178 0.018908 0.039216
3 0.587185 0.375350 0.039916 0.031746
3 0.708508 0.760037 0.031513 0.039216
3 0.718487 0.786648 0.027311 0.043884
1 0.081145 0.934174 0.012080 0.025210
1 0.089023 0.908030 0.015231 0.028945
10 0.128414 0.562558 0.028887 0.038282
0 0.176733 0.270308 0.036239 0.064426
0 0.662027 0.274977 0.028887 0.047619
7 0.127101 0.269374 0.024160 0.034547
1 0.092700 0.281513 0.004727 0.032680
1 0.097426 0.284314 0.009979 0.036415
10 0.424632 0.261905 0.024685 0.027077
0 0.770746 0.290850 0.039391 0.070028
1 0.454569 0.262838 0.012080 0.027077
0 0.542542 0.267507 0.085084 0.025210
1 0.674895 0.363212 0.010504 0.035481
1 0.669118 0.350607 0.010504 0.032680
