4 0.281513 0.977591 0.110294 0.039216
4 0.299632 0.827264 0.067752 0.126984
4 0.361607 0.773109 0.053046 0.132586
4 0.188550 0.830999 0.102941 0.085901
4 0.175420 0.773109 0.102941 0.087768
4 0.351103 0.650327 0.073004 0.099907
4 0.287290 0.610644 0.090336 0.067227
4 0.302784 0.558824 0.074055 0.056956
4 0.344275 0.528478 0.034139 0.074697
4 0.311450 0.486461 0.070378 0.078431
4 0.341387 0.434174 0.029412 0.069094
4 0.141544 0.678338 0.092962 0.118581
4 0.154937 0.620915 0.074580 0.070962
4 0.616071 0.964052 0.103992 0.068161
4 0.639706 0.897759 0.103992 0.086835
4 0.628676 0.821662 0.098739 0.082166
5 0.583771 0.706349 0.040441 0.098039
4 0.585872 0.623716 0.036239 0.080299
4 0.545168 0.580766 0.032563 0.070962
4 0.602941 0.549486 0.067227 0.058824
4 0.570116 0.501401 0.029937 0.059757
4 0.573267 0.447712 0.034139 0.055089
4 0.633141 0.448646 0.043592 0.077498
4 0.668855 0.434641 0.043592 0.068161
4 0.706408 0.437908 0.040966 0.061625
5 0.504727 0.323996 0.055672 0.048553
4 0.566702 0.327264 0.049370 0.036415
4 0.628676 0.330999 0.050420 0.038282
4 0.790179 0.350607 0.054097 0.042017
4 0.205095 0.417834 0.028887 0.070028
5 0.162027 0.416900 0.034139 0.071895
4 0.126050 0.420168 0.038866 0.056022
1 0.606880 0.753035 0.015231 0.055089
2 0.607143 0.745565 0.008403 0.036415
2 0.413340 0.757236 0.013655 0.037348
3 0.413603 0.770308 0.013130 0.037348
2 0.507616 0.677404 0.013130 0.036415
3 0.508403 0.688142 0.011555 0.046685
1 0.524685 0.461718 0.007353 0.042017
4 0.092437 0.587768 0.073529 0.081232
4 0.083771 0.431839 0.038340 0.053221
4 0.066439 0.540616 0.049895 0.063492
5 0.331933 0.301120 0.024160 0.047619
4 0.379202 0.318861 0.023109 0.047619
4 0.400735 0.305789 0.021008 0.040149
3 0.591387 0.408497 0.039916 0.032680
3 0.729517 0.863212 0.034664 0.045752
3 0.738971 0.898226 0.029412 0.050420
10 0.100578 0.626050 0.028887 0.038282
0 0.162027 0.288982 0.036239 0.064426
0 0.670431 0.297386 0.028887 0.047619
7 0.111082 0.293651 0.027836 0.040149
1 0.037027 0.314192 0.004727 0.032680
1 0.040704 0.317927 0.009979 0.036415
10 0.427258 0.285247 0.024685 0.027077
0 0.783876 0.310458 0.039391 0.070028
1 0.459296 0.285247 0.012080 0.027077
0 0.549107 0.288049 0.094013 0.025210
1 0.684874 0.397759 0.010504 0.035481
1 0.673319 0.396359 0.010504 0.032680
