5 0.261292 0.973389 0.107668 0.049486
6 0.270221 0.932306 0.139181 0.107376
4 0.297269 0.828198 0.103992 0.089636
4 0.304359 0.698880 0.053046 0.111111
4 0.360819 0.718021 0.048319 0.119514
4 0.338235 0.597572 0.084034 0.067227
4 0.348214 0.507003 0.053571 0.076564
4 0.394170 0.477591 0.038340 0.079365
4 0.266019 0.502801 0.075105 0.056956
4 0.251576 0.468721 0.076681 0.054155
4 0.314338 0.434174 0.074055 0.056022
4 0.330882 0.386088 0.070378 0.043884
4 0.341649 0.354342 0.057248 0.042017
4 0.372637 0.337068 0.028887 0.054155
4 0.345063 0.308590 0.051471 0.055089
4 0.367384 0.278245 0.023634 0.048553
4 0.220326 0.418768 0.066702 0.079365
4 0.228992 0.386088 0.058824 0.047619
4 0.632353 0.882353 0.051471 0.145658
3 0.628151 0.738562 0.022059 0.046685
4 0.592437 0.669468 0.056723 0.104575
4 0.581670 0.594771 0.078256 0.074697
4 0.601366 0.543884 0.076681 0.056956
4 0.594538 0.502801 0.073529 0.049486
5 0.563288 0.443511 0.030987 0.065359
4 0.566176 0.397292 0.028361 0.045752
4 0.535189 0.374416 0.027311 0.042951
4 0.582983 0.353875 0.054622 0.041083
4 0.557511 0.326331 0.022584 0.040149
4 0.560399 0.288515 0.029412 0.037348
4 0.610032 0.292717 0.035189 0.058824
4 0.639443 0.282446 0.035189 0.053221
4 0.670431 0.284781 0.030987 0.048553
4 0.299107 0.220355 0.044643 0.039216
5 0.503676 0.207283 0.049370 0.041083
4 0.690651 0.236695 0.046218 0.032680
4 0.556723 0.212418 0.042017 0.030812
4 0.608981 0.214286 0.042542 0.028945
4 0.617384 0.230159 0.043592 0.032680
4 0.247637 0.268441 0.022584 0.047619
5 0.220326 0.263772 0.027836 0.056956
4 0.191176 0.266573 0.029412 0.043884
4 0.271271 0.228291 0.047794 0.030812
1 0.548057 0.261438 0.005777 0.033613
4 0.177258 0.366480 0.051996 0.053221
4 0.153099 0.273109 0.029937 0.051354
5 0.355305 0.188609 0.020483 0.042951
4 0.394958 0.203548 0.019958 0.035481
4 0.413866 0.194678 0.018908 0.032680
3 0.575893 0.268908 0.034139 0.026144
0 0.714548 0.727824 0.036239 0.058824
3 0.670431 0.530345 0.025735 0.031746
3 0.677521 0.547619 0.023109 0.038282
1 0.167279 0.630719 0.012080 0.025210
1 0.168855 0.613912 0.015231 0.028945
10 0.139443 0.719421 0.027836 0.040149
10 0.187763 0.389823 0.028887 0.038282
0 0.215599 0.176004 0.036239 0.064426
0 0.644170 0.203081 0.028887 0.047619
7 0.164391 0.181139 0.022059 0.031746
1 0.180935 0.175070 0.004727 0.032680
1 0.187237 0.177871 0.009979 0.036415
10 0.429884 0.177871 0.024685 0.027077
1 0.460347 0.178805 0.012080 0.027077
0 0.535452 0.183473 0.081408 0.025210
