4 0.303309 0.865546 0.100315 0.087768
4 0.318015 0.722689 0.060399 0.108310
4 0.376050 0.678338 0.048319 0.112979
4 0.220326 0.723623 0.090861 0.074697
4 0.204569 0.672736 0.091912 0.070028
4 0.326418 0.595705 0.083508 0.080299
4 0.304884 0.541083 0.079307 0.058824
4 0.317227 0.499066 0.067227 0.049486
4 0.355305 0.471522 0.030987 0.067227
4 0.322742 0.437442 0.062500 0.073763
4 0.351366 0.390289 0.026261 0.061625
4 0.171218 0.596172 0.080882 0.105509
4 0.183561 0.548553 0.069853 0.064426
4 0.619748 0.948646 0.063025 0.098973
4 0.601366 0.857143 0.095588 0.108310
4 0.624737 0.777311 0.091912 0.068161
4 0.615546 0.714753 0.087185 0.070028
5 0.576681 0.624183 0.034664 0.084967
4 0.577206 0.553221 0.032563 0.064426
4 0.540179 0.522409 0.030987 0.058824
4 0.596113 0.489262 0.063025 0.046685
4 0.565914 0.452381 0.026786 0.056956
4 0.567752 0.403828 0.033613 0.051354
4 0.624737 0.404295 0.040441 0.069094
4 0.657300 0.392157 0.040441 0.065359
4 0.691176 0.394958 0.039916 0.057890
5 0.504989 0.293651 0.053046 0.045752
4 0.562500 0.295985 0.045168 0.035481
4 0.620798 0.298319 0.047269 0.034547
4 0.206408 0.315593 0.049370 0.031746
4 0.218225 0.379552 0.025735 0.055089
5 0.181723 0.375350 0.030462 0.067227
4 0.149160 0.377218 0.034664 0.050420
4 0.609244 0.334267 0.052521 0.037348
1 0.647584 0.613912 0.008403 0.047619
2 0.648109 0.603641 0.007353 0.023343
2 0.390756 0.915500 0.014706 0.042017
3 0.392857 0.930906 0.014706 0.044818
2 0.525473 0.968721 0.016282 0.042017
3 0.525210 0.971522 0.012605 0.055089
1 0.538340 0.397292 0.008403 0.038282
4 0.125788 0.518674 0.060399 0.068161
4 0.108193 0.388422 0.034664 0.056022
4 0.094013 0.479458 0.048319 0.049486
5 0.340074 0.271709 0.023634 0.046685
4 0.384716 0.288982 0.023634 0.042017
4 0.405987 0.277311 0.018908 0.039216
3 0.585347 0.371148 0.039391 0.030812
3 0.704832 0.752101 0.031513 0.040149
3 0.715336 0.777311 0.027311 0.043884
1 0.083771 0.922035 0.012080 0.025210
1 0.092700 0.893091 0.015231 0.028945
10 0.129464 0.558824 0.028887 0.038282
0 0.177784 0.266573 0.036239 0.064426
0 0.660977 0.271242 0.028887 0.047619
7 0.128939 0.266573 0.023634 0.034547
1 0.097952 0.278711 0.004727 0.032680
1 0.103204 0.278711 0.009979 0.036415
10 0.424632 0.258170 0.024685 0.027077
0 0.770221 0.288515 0.039391 0.069094
1 0.454569 0.260037 0.012080 0.027077
0 0.541492 0.263772 0.084034 0.025210
1 0.672794 0.359477 0.010504 0.035481
1 0.671218 0.345938 0.010504 0.032680
