4 0.295693 0.852007 0.068277 0.131653
4 0.360032 0.795051 0.054097 0.139122
4 0.184086 0.852007 0.105567 0.086835
4 0.170431 0.789916 0.103466 0.089636
4 0.353992 0.663399 0.071429 0.105509
4 0.288866 0.620915 0.091387 0.069094
4 0.303834 0.569561 0.075105 0.057890
4 0.342437 0.541083 0.034664 0.077498
4 0.308298 0.497199 0.070378 0.084967
4 0.339548 0.442577 0.030987 0.070962
4 0.136292 0.694211 0.089811 0.122316
4 0.153624 0.632586 0.082458 0.077498
4 0.646008 0.921569 0.107143 0.093371
4 0.633141 0.841270 0.101366 0.082166
5 0.585609 0.723623 0.039916 0.102708
4 0.587447 0.638189 0.037290 0.083100
4 0.545956 0.596172 0.033088 0.068161
4 0.605042 0.560691 0.068277 0.058824
4 0.572479 0.512605 0.029412 0.059757
4 0.577206 0.455182 0.035714 0.058824
4 0.635504 0.458917 0.045168 0.077498
4 0.672269 0.442577 0.044118 0.070962
4 0.707458 0.442577 0.045168 0.069094
5 0.505515 0.331466 0.058298 0.050420
4 0.568015 0.333333 0.050945 0.037348
4 0.630252 0.337068 0.052521 0.037348
4 0.765494 0.357143 0.055147 0.043884
4 0.205095 0.423436 0.029937 0.075630
5 0.158613 0.425303 0.034664 0.071895
4 0.123950 0.429038 0.039916 0.056956
1 0.601891 0.779645 0.012605 0.056022
2 0.600578 0.774043 0.007878 0.037348
2 0.418855 0.738095 0.014181 0.036415
3 0.419118 0.752568 0.012605 0.037348
2 0.504464 0.654062 0.013130 0.034547
3 0.506040 0.666667 0.011029 0.041083
1 0.524685 0.476657 0.007353 0.042017
4 0.089023 0.598039 0.076155 0.083100
4 0.081933 0.439309 0.038866 0.055089
4 0.061975 0.549953 0.053571 0.067227
5 0.335347 0.305322 0.023634 0.050420
4 0.383403 0.323996 0.023109 0.046685
4 0.405462 0.310924 0.021008 0.041083
3 0.597426 0.416433 0.041492 0.031746
3 0.735819 0.885621 0.034664 0.045752
3 0.746324 0.921102 0.030462 0.051354
10 0.094800 0.639122 0.028887 0.038282
0 0.161502 0.291783 0.036239 0.064426
0 0.674107 0.300187 0.028887 0.047619
7 0.111607 0.298319 0.027836 0.040149
1 0.030200 0.319795 0.004727 0.032680
1 0.032826 0.324463 0.009979 0.036415
10 0.428834 0.288982 0.024685 0.027077
0 0.788078 0.315126 0.039391 0.070028
1 0.461922 0.289916 0.012080 0.027077
0 0.552784 0.294585 0.094013 0.025210
1 0.688025 0.406162 0.010504 0.035481
1 0.676471 0.404762 0.010504 0.032680
