4 0.285189 0.964986 0.111345 0.068161
4 0.304359 0.807656 0.067752 0.121382
4 0.364496 0.754435 0.051471 0.128852
4 0.194853 0.809524 0.099790 0.084034
4 0.181460 0.753035 0.100315 0.084967
4 0.348477 0.638189 0.075105 0.092437
4 0.290704 0.598506 0.086660 0.065359
4 0.305410 0.547152 0.071954 0.054155
4 0.346113 0.515873 0.033613 0.071895
4 0.313288 0.478058 0.068803 0.078431
4 0.344013 0.424370 0.028361 0.066293
4 0.148109 0.663399 0.089286 0.120448
4 0.160977 0.606443 0.073004 0.066293
4 0.613183 0.951914 0.104517 0.092437
4 0.636817 0.876284 0.102416 0.083100
4 0.626838 0.800187 0.097164 0.076564
5 0.584034 0.691410 0.038866 0.096172
4 0.584821 0.608777 0.035189 0.078431
4 0.544905 0.571895 0.033088 0.066293
4 0.602679 0.538282 0.066702 0.055089
4 0.570378 0.493931 0.029412 0.059757
4 0.572742 0.437908 0.034139 0.056022
4 0.632878 0.442577 0.043067 0.076564
4 0.667017 0.426704 0.044118 0.067227
4 0.704307 0.429972 0.038866 0.062558
5 0.504727 0.317460 0.054622 0.046685
4 0.565914 0.320728 0.047794 0.034547
4 0.627363 0.324463 0.050945 0.036415
4 0.207195 0.412232 0.027836 0.064426
5 0.166229 0.409897 0.033088 0.070962
4 0.131040 0.411298 0.038340 0.055089
1 0.615284 0.729225 0.012080 0.052288
2 0.614758 0.719888 0.007878 0.029879
2 0.408088 0.772642 0.013655 0.038282
3 0.408351 0.786181 0.013130 0.037348
2 0.510767 0.703548 0.013130 0.038282
3 0.511292 0.712885 0.012080 0.051354
1 0.527311 0.448646 0.008403 0.042017
4 0.096639 0.577498 0.071429 0.079365
4 0.086397 0.424370 0.038340 0.053221
4 0.070641 0.531279 0.047794 0.059757
5 0.333246 0.296452 0.024685 0.045752
4 0.379727 0.314659 0.023109 0.048553
4 0.401786 0.299720 0.021008 0.039216
3 0.590861 0.402894 0.039916 0.032680
3 0.725840 0.842204 0.034664 0.044818
3 0.734769 0.875350 0.028361 0.049486
10 0.106355 0.613912 0.028887 0.038282
0 0.165704 0.285247 0.036239 0.064426
0 0.668330 0.293651 0.028887 0.047619
7 0.111082 0.288982 0.027836 0.040149
1 0.044380 0.307656 0.004727 0.032680
1 0.049107 0.311391 0.009979 0.036415
10 0.425683 0.281513 0.024685 0.027077
0 0.779674 0.306723 0.039391 0.070028
1 0.456145 0.279645 0.012080 0.027077
0 0.547532 0.284314 0.092962 0.025210
1 0.681723 0.391223 0.010504 0.035481
1 0.670693 0.386088 0.010504 0.032680
