4 0.360819 0.930439 0.065126 0.137255
4 0.141282 0.938842 0.120798 0.107376
4 0.382878 0.723156 0.052521 0.126050
4 0.279674 0.722689 0.103466 0.080299
4 0.299632 0.659197 0.081408 0.063492
4 0.347952 0.616713 0.037290 0.090570
4 0.309874 0.570962 0.080882 0.096172
4 0.347689 0.501867 0.030462 0.084967
4 0.106880 0.815126 0.110819 0.149393
4 0.135767 0.743231 0.103466 0.093371
5 0.623687 0.865546 0.044643 0.128852
4 0.625263 0.751634 0.041492 0.110177
4 0.576155 0.692344 0.037815 0.092437
4 0.643120 0.653595 0.079307 0.067227
4 0.606092 0.590570 0.035714 0.075630
4 0.606880 0.520542 0.037290 0.071895
4 0.676208 0.526144 0.050945 0.092437
4 0.715074 0.509337 0.051996 0.086835
4 0.755515 0.512605 0.051996 0.076564
5 0.529937 0.371148 0.059874 0.053221
4 0.597164 0.376751 0.055672 0.043884
4 0.665441 0.376284 0.058824 0.042951
4 0.502889 0.730626 0.041492 0.101774
4 0.499737 0.956116 0.050945 0.085901
4 0.502626 0.404295 0.058824 0.048553
4 0.207195 0.464052 0.030987 0.085901
5 0.150473 0.480392 0.037290 0.077498
4 0.109769 0.479925 0.046218 0.067227
2 0.420956 0.593371 0.013130 0.034547
3 0.421481 0.605509 0.012080 0.028945
2 0.468750 0.520075 0.012080 0.033613
3 0.469800 0.528478 0.013130 0.035481
1 0.547794 0.589636 0.007353 0.042017
4 0.054359 0.691410 0.097164 0.098039
4 0.059086 0.499066 0.046744 0.062558
4 0.030200 0.643791 0.060399 0.103641
3 0.352941 0.457049 0.018908 0.027077
1 0.355567 0.443511 0.010504 0.037348
5 0.341387 0.339402 0.031513 0.055089
4 0.390494 0.362745 0.027836 0.051354
4 0.415966 0.345938 0.024160 0.049486
4 0.811712 0.514939 0.041492 0.071895
5 0.819853 0.463585 0.053571 0.064426
4 0.717174 0.409430 0.063550 0.045752
3 0.627101 0.472923 0.045168 0.038282
1 0.195641 0.554155 0.012080 0.025210
1 0.025473 0.550420 0.013130 0.055089
1 0.032300 0.545752 0.015231 0.053221
0 0.162815 0.316060 0.034664 0.081232
0 0.712447 0.339402 0.028887 0.047619
7 0.102153 0.330065 0.033088 0.047619
1 0.096376 0.279645 0.004727 0.032680
1 0.101103 0.279645 0.009979 0.036415
10 0.438288 0.321662 0.024685 0.027077
0 0.832195 0.346872 0.039391 0.070028
1 0.474527 0.320728 0.012080 0.025210
0 0.579044 0.330065 0.094013 0.025210
1 0.069590 0.906629 0.022584 0.069094
1 0.674370 0.362278 0.010504 0.035481
1 0.720063 0.456116 0.013655 0.032680
