4 0.266282 0.868347 0.066176 0.149393
4 0.332983 0.897759 0.056723 0.161531
4 0.311975 0.729692 0.095588 0.079365
4 0.324842 0.609244 0.059349 0.090570
4 0.380515 0.571895 0.045693 0.096172
4 0.231092 0.606443 0.088235 0.068161
4 0.216912 0.562558 0.087185 0.056956
4 0.304622 0.511671 0.082983 0.063492
4 0.310662 0.455182 0.079307 0.051354
4 0.323267 0.417367 0.064601 0.041083
4 0.360032 0.396359 0.028887 0.060691
4 0.328519 0.363679 0.059349 0.062558
4 0.354779 0.324930 0.025735 0.056022
4 0.185399 0.499533 0.075630 0.093371
4 0.196954 0.459384 0.066176 0.056022
3 0.652574 0.920168 0.025735 0.062558
4 0.608718 0.827731 0.065126 0.142857
4 0.595326 0.725957 0.090861 0.099907
4 0.616597 0.655929 0.089286 0.066293
4 0.608456 0.603641 0.085609 0.062558
5 0.571691 0.526611 0.034139 0.076564
4 0.573792 0.469188 0.032038 0.056956
4 0.537553 0.440710 0.027836 0.052288
4 0.591649 0.414566 0.058298 0.046685
4 0.562237 0.381419 0.024685 0.047619
4 0.565389 0.338469 0.032038 0.043884
4 0.620011 0.342204 0.038340 0.062558
4 0.652311 0.327731 0.039916 0.059757
4 0.683298 0.329132 0.043067 0.056956
4 0.140494 0.248833 0.054097 0.040149
5 0.503939 0.239963 0.050945 0.041083
4 0.560399 0.245098 0.045168 0.034547
4 0.618960 0.249300 0.045693 0.031746
4 0.477416 0.265640 0.046218 0.034547
4 0.228204 0.319795 0.024685 0.051354
5 0.193540 0.313259 0.029937 0.062558
4 0.161502 0.318394 0.033088 0.042951
4 0.377101 0.278245 0.053571 0.037348
1 0.674107 0.484127 0.008929 0.042017
2 0.673057 0.476190 0.007878 0.022409
1 0.547532 0.313259 0.005777 0.036415
4 0.142857 0.435107 0.054622 0.056022
4 0.122374 0.326331 0.032563 0.053221
5 0.344800 0.222689 0.021534 0.042017
4 0.387342 0.239029 0.022584 0.037348
4 0.407300 0.227358 0.019433 0.034547
3 0.582195 0.311858 0.037290 0.026144
0 0.756828 0.901494 0.045168 0.066293
3 0.694328 0.637255 0.028361 0.036415
3 0.703519 0.657796 0.026786 0.043884
1 0.107405 0.777311 0.012080 0.025210
1 0.113183 0.759570 0.015231 0.028945
10 0.065389 0.902428 0.039391 0.058824
10 0.146271 0.465453 0.028887 0.038282
0 0.195116 0.209617 0.036239 0.064426
0 0.655200 0.231092 0.028887 0.047619
7 0.136817 0.212418 0.022584 0.032680
1 0.143645 0.219888 0.004727 0.032680
1 0.150998 0.220822 0.009979 0.036415
10 0.426208 0.212418 0.024685 0.027077
1 0.456670 0.208683 0.012080 0.027077
0 0.539128 0.219888 0.081408 0.025210
