4 0.254202 0.943044 0.069328 0.110177
4 0.321166 0.956116 0.056197 0.084034
4 0.302521 0.814659 0.102941 0.088702
4 0.316964 0.678805 0.061450 0.102708
4 0.374212 0.636321 0.046744 0.109244
4 0.218225 0.677404 0.091912 0.071895
4 0.206145 0.630719 0.090861 0.070028
4 0.303309 0.567694 0.086660 0.072829
4 0.303571 0.507937 0.081933 0.056022
4 0.316176 0.466853 0.069328 0.050420
4 0.354517 0.440243 0.031513 0.064426
4 0.323529 0.407563 0.064076 0.070028
4 0.350840 0.364146 0.026261 0.057890
4 0.172006 0.557890 0.081408 0.099907
4 0.184349 0.511671 0.070378 0.057890
4 0.615809 0.918301 0.066702 0.146592
4 0.599790 0.807656 0.095588 0.108310
4 0.622637 0.731092 0.092962 0.072829
4 0.613971 0.669935 0.088235 0.066293
5 0.574317 0.584034 0.035189 0.083100
4 0.577206 0.519141 0.034664 0.061625
4 0.539653 0.488329 0.030987 0.054155
4 0.595063 0.460317 0.063025 0.054155
4 0.564601 0.423903 0.026261 0.052288
4 0.568277 0.375817 0.033613 0.049486
4 0.623687 0.380019 0.040441 0.069094
4 0.656513 0.364613 0.039916 0.060691
4 0.688288 0.370215 0.043592 0.055089
5 0.503414 0.273576 0.054097 0.044818
4 0.561712 0.276377 0.046744 0.037348
4 0.620536 0.278711 0.047794 0.032680
4 0.393382 0.297852 0.047269 0.035481
4 0.214548 0.357610 0.025735 0.056022
5 0.182773 0.349673 0.029412 0.064426
4 0.149422 0.353408 0.035189 0.043884
4 0.441964 0.314192 0.051996 0.038282
1 0.669118 0.547152 0.008403 0.048553
2 0.667805 0.538282 0.006828 0.023343
1 0.548057 0.355275 0.007878 0.038282
4 0.125263 0.481326 0.060399 0.060691
4 0.108193 0.358543 0.034664 0.056022
4 0.094013 0.446779 0.048319 0.049486
5 0.340599 0.251634 0.023634 0.045752
4 0.382878 0.266573 0.023109 0.042017
4 0.404412 0.256303 0.017857 0.036415
3 0.584821 0.344071 0.038340 0.023343
0 0.775473 0.982260 0.054097 0.035481
3 0.704044 0.708683 0.029937 0.037348
3 0.713235 0.732026 0.027311 0.042951
1 0.086397 0.861345 0.012080 0.025210
1 0.091124 0.844538 0.015231 0.028945
10 0.131565 0.517740 0.028887 0.038282
0 0.181460 0.236695 0.036239 0.064426
0 0.659401 0.252568 0.028887 0.047619
7 0.129464 0.246965 0.022584 0.032680
1 0.122637 0.255369 0.004727 0.032680
1 0.131040 0.255369 0.009979 0.036415
10 0.424632 0.238562 0.024685 0.027077
1 0.456145 0.236695 0.012080 0.027077
0 0.539128 0.244164 0.081408 0.025210
1 0.671744 0.336601 0.008403 0.036415
1 0.678046 0.326797 0.010504 0.033613
