4 0.301471 0.890756 0.102941 0.091503
4 0.316702 0.741363 0.061975 0.110177
4 0.375000 0.692810 0.049370 0.117647
4 0.216124 0.741363 0.094013 0.074697
4 0.201418 0.690476 0.094013 0.071895
4 0.336134 0.602708 0.079832 0.088702
4 0.303309 0.551821 0.081408 0.059757
4 0.316176 0.508870 0.068277 0.050420
4 0.356092 0.481793 0.031513 0.069094
4 0.322216 0.444911 0.063550 0.075630
4 0.350840 0.398226 0.026261 0.066293
4 0.167279 0.611111 0.082458 0.107376
4 0.179359 0.562092 0.069853 0.065359
4 0.605567 0.880019 0.097689 0.109244
4 0.628676 0.796452 0.093487 0.072829
4 0.619223 0.731559 0.090336 0.071895
5 0.579044 0.637722 0.036239 0.087768
4 0.580620 0.566760 0.033088 0.069094
4 0.542805 0.532213 0.030987 0.057890
4 0.598739 0.500934 0.063025 0.051354
4 0.568277 0.460784 0.028361 0.060691
4 0.570641 0.408030 0.034139 0.056022
4 0.626838 0.410364 0.040441 0.071895
4 0.661765 0.399160 0.040966 0.064426
4 0.696166 0.401494 0.037290 0.063492
5 0.506303 0.297852 0.054622 0.046685
4 0.565389 0.300654 0.046744 0.037348
4 0.623424 0.302988 0.047269 0.032680
4 0.132090 0.316527 0.054097 0.041083
4 0.215861 0.382820 0.026261 0.056022
5 0.180672 0.382353 0.032563 0.070028
4 0.146796 0.380486 0.035189 0.049486
4 0.674895 0.340336 0.052521 0.038282
1 0.641019 0.643324 0.008929 0.048553
2 0.641019 0.633520 0.007878 0.023343
2 0.397059 0.852007 0.014706 0.042017
3 0.398109 0.863679 0.014706 0.044818
2 0.523634 0.849673 0.014706 0.041083
3 0.523897 0.857143 0.013130 0.063492
1 0.535189 0.408497 0.008403 0.038282
4 0.117384 0.537815 0.063550 0.070962
4 0.101628 0.399160 0.035189 0.055089
4 0.087185 0.494865 0.048319 0.052288
5 0.338235 0.278245 0.024160 0.046685
4 0.383666 0.295051 0.023634 0.042951
4 0.405200 0.282913 0.019433 0.039216
3 0.588498 0.379085 0.040441 0.031746
3 0.711660 0.772176 0.032563 0.041083
3 0.721376 0.799253 0.026786 0.044818
1 0.078519 0.946312 0.012080 0.025210
1 0.085872 0.922969 0.015231 0.028945
10 0.126313 0.568161 0.028887 0.038282
0 0.175158 0.273109 0.036239 0.064426
0 0.663603 0.278711 0.028887 0.047619
7 0.125000 0.272642 0.025210 0.035481
1 0.084821 0.286181 0.004727 0.032680
1 0.089548 0.288982 0.009979 0.036415
10 0.424632 0.265640 0.024685 0.027077
0 0.771534 0.293651 0.038866 0.070028
1 0.454044 0.265640 0.012080 0.027077
0 0.543592 0.270308 0.087185 0.025210
1 0.675945 0.367414 0.010504 0.036415
1 0.666492 0.355275 0.010504 0.032680
