6 0.265494 0.945378 0.143382 0.105509
4 0.293330 0.845472 0.103466 0.092437
4 0.301208 0.710551 0.053046 0.112045
4 0.358718 0.732493 0.048319 0.120448
4 0.336397 0.607376 0.084559 0.068161
4 0.346901 0.514472 0.054097 0.076564
4 0.392595 0.484594 0.039391 0.080299
4 0.261817 0.511204 0.077206 0.058824
4 0.248950 0.475257 0.077731 0.052288
4 0.313550 0.437442 0.074580 0.058824
4 0.329307 0.389823 0.070378 0.043884
4 0.340336 0.358543 0.058824 0.041083
4 0.372374 0.341270 0.028361 0.053221
4 0.342962 0.313259 0.051471 0.055089
4 0.367122 0.281979 0.023109 0.048553
4 0.217700 0.424370 0.066702 0.081232
4 0.226366 0.391223 0.059874 0.046685
4 0.633403 0.901027 0.049370 0.151261
3 0.629464 0.753035 0.021534 0.049486
4 0.592700 0.681606 0.057248 0.110177
4 0.582721 0.604108 0.080357 0.076564
4 0.601891 0.552754 0.077731 0.057890
4 0.594800 0.510271 0.075105 0.053221
5 0.563813 0.448179 0.032038 0.067227
4 0.567227 0.402428 0.028361 0.046685
4 0.535189 0.378151 0.027311 0.042951
4 0.583508 0.359477 0.055672 0.042951
4 0.557773 0.330065 0.023109 0.040149
4 0.560399 0.294118 0.029412 0.041083
4 0.610557 0.295985 0.036239 0.059757
4 0.640494 0.286648 0.035189 0.054155
4 0.671744 0.288515 0.034664 0.050420
4 0.286502 0.222222 0.046744 0.039216
5 0.504202 0.209617 0.049370 0.040149
4 0.699055 0.235761 0.046218 0.032680
4 0.556723 0.214286 0.042017 0.030812
4 0.609506 0.214286 0.043592 0.028945
4 0.605567 0.232026 0.043067 0.032680
4 0.246061 0.271709 0.023634 0.048553
5 0.217962 0.267040 0.028361 0.057890
4 0.188813 0.270308 0.029937 0.043884
4 0.279937 0.232493 0.048319 0.031746
1 0.548057 0.265173 0.005777 0.035481
4 0.174370 0.371148 0.051471 0.053221
4 0.150473 0.278245 0.030987 0.052288
5 0.354517 0.191410 0.019958 0.042951
4 0.394433 0.206349 0.019958 0.035481
4 0.413078 0.197012 0.019433 0.033613
3 0.576681 0.271709 0.034664 0.026144
0 0.717174 0.740430 0.036239 0.059757
3 0.672269 0.538282 0.026261 0.032680
3 0.679622 0.555556 0.023109 0.039216
1 0.162027 0.642857 0.012080 0.025210
1 0.163603 0.626050 0.015231 0.028945
10 0.133666 0.732493 0.027836 0.040149
10 0.184611 0.395425 0.028887 0.038282
0 0.214023 0.178805 0.036239 0.064426
0 0.645221 0.205882 0.028887 0.047619
7 0.162553 0.183473 0.022584 0.032680
1 0.178309 0.176937 0.004727 0.032680
1 0.184086 0.178805 0.009979 0.036415
10 0.429359 0.179739 0.024685 0.027077
1 0.459821 0.181606 0.012080 0.027077
0 0.535977 0.186275 0.081408 0.025210
