4 0.303571 0.861345 0.099790 0.086835
4 0.318277 0.719421 0.059874 0.107376
4 0.376050 0.676004 0.048319 0.112045
4 0.221113 0.720822 0.090336 0.074697
4 0.205095 0.669468 0.090861 0.069094
4 0.324317 0.594304 0.083508 0.077498
4 0.305147 0.539216 0.078782 0.058824
4 0.317489 0.497666 0.066702 0.048553
4 0.354779 0.470121 0.030987 0.066293
4 0.323004 0.436508 0.061975 0.073763
4 0.351366 0.388889 0.026261 0.060691
4 0.172006 0.593838 0.080357 0.104575
4 0.184611 0.545752 0.069853 0.064426
4 0.618172 0.946312 0.064076 0.103641
4 0.600840 0.853408 0.095588 0.108310
4 0.624212 0.774510 0.091912 0.068161
4 0.615021 0.711951 0.087185 0.070028
5 0.576155 0.621849 0.034664 0.084034
4 0.576681 0.550887 0.032563 0.063492
4 0.539653 0.521008 0.030987 0.059757
4 0.595063 0.487862 0.061975 0.047619
4 0.565389 0.450980 0.026786 0.056022
4 0.567227 0.403361 0.033613 0.050420
4 0.623687 0.403361 0.040441 0.069094
4 0.656775 0.391223 0.040441 0.065359
4 0.690389 0.394491 0.040441 0.056956
5 0.504727 0.292717 0.052521 0.045752
4 0.561975 0.295051 0.045168 0.035481
4 0.620273 0.297852 0.047269 0.035481
4 0.217962 0.315593 0.049370 0.031746
4 0.218750 0.379552 0.025735 0.055089
5 0.182248 0.374416 0.030462 0.067227
4 0.149685 0.376284 0.034664 0.050420
4 0.597689 0.333333 0.052521 0.037348
1 0.648634 0.610177 0.008403 0.047619
2 0.648897 0.599907 0.006828 0.023343
2 0.389706 0.928571 0.014706 0.042017
3 0.391282 0.943044 0.014706 0.044818
1 0.538866 0.395425 0.008403 0.038282
4 0.125788 0.516340 0.060399 0.067227
4 0.108456 0.387955 0.035189 0.056956
4 0.094013 0.479458 0.048319 0.049486
5 0.340074 0.271709 0.023634 0.046685
4 0.384716 0.288982 0.023634 0.042017
4 0.405725 0.276844 0.019433 0.038282
3 0.585084 0.370682 0.038866 0.029879
3 0.703782 0.749300 0.031513 0.040149
3 0.714286 0.774043 0.027311 0.042951
1 0.084821 0.918301 0.012080 0.025210
1 0.092700 0.890289 0.015231 0.028945
10 0.129989 0.557890 0.028887 0.038282
0 0.178309 0.265640 0.036239 0.064426
0 0.660452 0.270308 0.028887 0.047619
7 0.129464 0.265173 0.023634 0.033613
1 0.100053 0.277778 0.004727 0.032680
1 0.105305 0.277778 0.009979 0.036415
10 0.424632 0.256303 0.024685 0.027077
0 0.769958 0.287582 0.038866 0.069094
1 0.455095 0.260037 0.012080 0.027077
0 0.541229 0.262838 0.083508 0.025210
1 0.671744 0.358543 0.010504 0.035481
1 0.671744 0.345005 0.010504 0.032680
