4 0.297006 0.917834 0.070903 0.145658
4 0.363445 0.853875 0.059874 0.152194
4 0.174895 0.920635 0.113445 0.093371
4 0.164128 0.848273 0.111870 0.092437
4 0.374737 0.690009 0.060399 0.117647
4 0.288866 0.663399 0.095588 0.073763
4 0.305147 0.605509 0.077731 0.062558
4 0.351366 0.570962 0.035714 0.081232
4 0.315126 0.528478 0.075630 0.089636
4 0.349527 0.466387 0.029937 0.075630
4 0.131565 0.740896 0.098214 0.135387
4 0.151261 0.678805 0.087185 0.093371
4 0.654937 0.918301 0.108193 0.098039
5 0.604779 0.781979 0.043592 0.112979
4 0.605567 0.683940 0.040966 0.090570
4 0.561975 0.634921 0.037815 0.078431
4 0.624212 0.598506 0.073004 0.061625
4 0.589286 0.545285 0.031513 0.065359
4 0.591124 0.483660 0.034139 0.061625
4 0.656250 0.488329 0.046744 0.084034
4 0.692752 0.473389 0.047269 0.078431
4 0.732143 0.474323 0.045168 0.080299
5 0.519433 0.348273 0.059874 0.048553
4 0.584559 0.352474 0.052521 0.040149
4 0.647059 0.357143 0.050420 0.034547
4 0.490809 0.931839 0.047794 0.132586
4 0.666492 0.380019 0.058824 0.046685
4 0.207458 0.440710 0.031513 0.085901
5 0.158613 0.447246 0.036765 0.076564
4 0.120536 0.453315 0.042542 0.062558
1 0.591912 0.889356 0.015756 0.062558
2 0.592437 0.881886 0.008403 0.038282
2 0.437763 0.673669 0.013130 0.034547
3 0.439338 0.684874 0.013130 0.036415
2 0.501576 0.579365 0.011555 0.038282
3 0.501838 0.588702 0.011029 0.040149
1 0.539653 0.521008 0.008929 0.044818
4 0.076155 0.637255 0.085084 0.090570
4 0.073267 0.467320 0.042542 0.060691
4 0.047006 0.586368 0.067752 0.082166
3 0.327731 0.409897 0.019958 0.028011
1 0.328519 0.398693 0.009979 0.039216
5 0.339811 0.322596 0.024160 0.055089
4 0.387080 0.343137 0.024160 0.049486
4 0.410452 0.326331 0.021534 0.040149
4 0.787290 0.478525 0.034664 0.064426
5 0.812763 0.447712 0.046744 0.055089
4 0.846639 0.385621 0.059874 0.044818
3 0.610032 0.442110 0.041492 0.032680
3 0.765231 0.968254 0.036765 0.044818
10 0.083771 0.680205 0.028887 0.038282
0 0.163603 0.303922 0.036239 0.064426
0 0.687763 0.313259 0.028887 0.047619
7 0.113708 0.311391 0.027836 0.040149
10 0.436187 0.300187 0.024685 0.027077
0 0.805935 0.330065 0.039391 0.070028
1 0.468225 0.304855 0.012080 0.027077
0 0.564863 0.312325 0.094013 0.025210
1 0.712185 0.433240 0.010504 0.035481
1 0.705620 0.429038 0.013130 0.032680
