4 0.298319 0.880952 0.068277 0.133520
4 0.365546 0.822596 0.056723 0.143791
4 0.182773 0.881886 0.109244 0.088702
4 0.170693 0.815593 0.108193 0.084967
4 0.366071 0.675537 0.065126 0.109244
4 0.290441 0.640523 0.092437 0.069094
4 0.306197 0.587302 0.075630 0.056022
4 0.349002 0.553688 0.035189 0.078431
4 0.315389 0.512605 0.071954 0.087768
4 0.348214 0.454715 0.031513 0.070962
4 0.136817 0.714753 0.095063 0.126050
4 0.152836 0.652194 0.078782 0.081232
4 0.657300 0.957983 0.110819 0.082166
4 0.645746 0.880019 0.104517 0.090570
5 0.598739 0.751167 0.042017 0.107376
4 0.600315 0.661531 0.037815 0.086835
4 0.557511 0.612512 0.035189 0.076564
4 0.618960 0.580766 0.071954 0.059757
4 0.585347 0.529412 0.030987 0.063492
4 0.587185 0.469188 0.034664 0.060691
4 0.649947 0.475257 0.045693 0.082166
4 0.686712 0.456583 0.045693 0.074697
4 0.723214 0.461251 0.046218 0.070962
5 0.517069 0.339402 0.058298 0.049486
4 0.579569 0.343604 0.050945 0.039216
4 0.643908 0.345938 0.052521 0.036415
4 0.726628 0.369748 0.055147 0.042951
4 0.207983 0.431373 0.031513 0.085901
5 0.165966 0.431839 0.036765 0.077498
4 0.128414 0.437908 0.040441 0.057890
1 0.599002 0.827731 0.015231 0.056956
2 0.597164 0.820728 0.008403 0.037348
2 0.431985 0.706816 0.013130 0.035481
3 0.432511 0.720822 0.013130 0.037348
2 0.506828 0.616246 0.012605 0.035481
3 0.507090 0.625584 0.011029 0.041083
1 0.534401 0.497666 0.007878 0.042951
4 0.082195 0.617647 0.080357 0.086835
4 0.078256 0.452848 0.039916 0.056022
4 0.053834 0.567227 0.060399 0.073763
5 0.339811 0.314192 0.024160 0.053221
4 0.387080 0.333800 0.024160 0.045752
4 0.410189 0.319795 0.021008 0.040149
3 0.606355 0.429505 0.041492 0.031746
3 0.751838 0.927171 0.035189 0.044818
3 0.764181 0.965453 0.031513 0.050420
10 0.089548 0.657796 0.028887 0.038282
0 0.162553 0.297386 0.036239 0.064426
0 0.680410 0.306723 0.028887 0.047619
7 0.112132 0.305789 0.027836 0.040149
1 0.020746 0.330065 0.004727 0.032680
1 0.018120 0.330999 0.009979 0.036415
10 0.431985 0.294585 0.024685 0.027077
0 0.795431 0.323529 0.039391 0.070028
1 0.466124 0.298319 0.012080 0.027077
0 0.559086 0.305789 0.094013 0.025210
1 0.702731 0.419234 0.010504 0.035481
1 0.694328 0.416900 0.010504 0.032680
