4 0.260242 0.962652 0.058298 0.072829
4 0.303046 0.853875 0.099790 0.086835
4 0.317752 0.712418 0.059874 0.104575
4 0.374212 0.668534 0.047794 0.113912
4 0.220588 0.711018 0.090336 0.071895
4 0.207458 0.663399 0.091387 0.070028
4 0.314601 0.592437 0.084034 0.073763
4 0.304359 0.535948 0.078256 0.059757
4 0.318277 0.495331 0.068277 0.049486
4 0.354517 0.467787 0.031513 0.065359
4 0.323004 0.431373 0.063025 0.074697
4 0.350840 0.388422 0.026261 0.059757
4 0.174632 0.590103 0.081408 0.102708
4 0.186712 0.541083 0.068803 0.062558
4 0.614496 0.942110 0.064076 0.113912
4 0.598739 0.844538 0.095588 0.105509
4 0.621324 0.767040 0.093487 0.068161
4 0.613445 0.705882 0.088235 0.067227
5 0.573004 0.615313 0.034664 0.082166
4 0.575368 0.549020 0.034139 0.063492
4 0.538866 0.517740 0.031513 0.060691
4 0.592700 0.486461 0.061450 0.050420
4 0.564338 0.448646 0.026786 0.053221
4 0.566439 0.401961 0.034139 0.051354
4 0.622637 0.403828 0.042542 0.070028
4 0.655462 0.390289 0.040966 0.063492
4 0.688025 0.393091 0.042017 0.056022
5 0.503151 0.293184 0.052521 0.046685
4 0.561450 0.295985 0.045168 0.035481
4 0.619485 0.298786 0.047794 0.033613
4 0.289653 0.316060 0.049895 0.032680
4 0.220588 0.376284 0.026261 0.056022
5 0.183561 0.369748 0.028887 0.065359
4 0.152048 0.374416 0.034139 0.050420
4 0.530200 0.333333 0.051996 0.037348
1 0.654674 0.597572 0.008929 0.054155
2 0.654149 0.584034 0.006828 0.023343
1 0.542017 0.384220 0.008403 0.038282
4 0.125788 0.501867 0.060399 0.064426
4 0.109244 0.386555 0.036765 0.063492
4 0.094013 0.477591 0.048319 0.051354
5 0.340074 0.270308 0.023634 0.047619
4 0.383929 0.288982 0.023109 0.042017
4 0.404674 0.275444 0.019433 0.035481
3 0.584559 0.371615 0.037815 0.028011
3 0.701681 0.741363 0.031513 0.039216
3 0.710609 0.766573 0.027311 0.042951
1 0.086922 0.900560 0.012080 0.025210
1 0.094275 0.881886 0.015231 0.028945
10 0.132616 0.549486 0.028887 0.038282
0 0.181460 0.260037 0.036239 0.064426
0 0.658876 0.262838 0.028887 0.047619
7 0.129464 0.262838 0.022584 0.032680
1 0.111082 0.274977 0.004727 0.032680
1 0.118435 0.274043 0.009979 0.036415
10 0.424632 0.249767 0.024685 0.027077
0 0.768382 0.282446 0.038866 0.070028
1 0.455620 0.254435 0.012080 0.027077
0 0.539653 0.256303 0.081408 0.025210
1 0.669643 0.359944 0.008403 0.038282
1 0.674895 0.347339 0.010504 0.033613
