4 0.300945 0.893557 0.102941 0.091503
4 0.316176 0.743231 0.061975 0.110177
4 0.375000 0.694678 0.049370 0.117647
4 0.215599 0.743231 0.094013 0.074697
4 0.201155 0.691410 0.093487 0.071895
4 0.337185 0.604108 0.079832 0.087768
4 0.303046 0.553221 0.080882 0.058824
4 0.316176 0.508870 0.068277 0.050420
4 0.355830 0.482260 0.032038 0.070028
4 0.322216 0.445845 0.063550 0.075630
4 0.350840 0.398226 0.026261 0.066293
4 0.167279 0.612512 0.082458 0.106443
4 0.179359 0.563025 0.069853 0.065359
4 0.605830 0.883287 0.098214 0.110177
4 0.629202 0.799253 0.094538 0.072829
4 0.619748 0.733894 0.090336 0.070962
5 0.579044 0.639589 0.036239 0.087768
4 0.580882 0.568161 0.033613 0.070028
4 0.542805 0.533147 0.030987 0.057890
4 0.598739 0.501867 0.063025 0.051354
4 0.568277 0.461718 0.028361 0.058824
4 0.570641 0.409430 0.034139 0.055089
4 0.627101 0.411765 0.040966 0.070962
4 0.661765 0.399160 0.040966 0.064426
4 0.696691 0.402428 0.037290 0.063492
5 0.506040 0.297852 0.054097 0.046685
4 0.564863 0.301120 0.046744 0.036415
4 0.623687 0.303922 0.047794 0.032680
4 0.125788 0.317460 0.054097 0.041083
4 0.215336 0.383754 0.026261 0.056022
5 0.179622 0.383287 0.032563 0.070028
4 0.146008 0.381419 0.035714 0.049486
4 0.680147 0.340803 0.052521 0.039216
1 0.640494 0.646592 0.008929 0.049486
2 0.640494 0.637255 0.007878 0.023343
2 0.397584 0.847339 0.014706 0.042017
3 0.398634 0.859010 0.014706 0.044818
2 0.523109 0.842204 0.014706 0.041083
3 0.523372 0.850140 0.013130 0.062558
1 0.534926 0.409430 0.007878 0.038282
4 0.116597 0.539216 0.064076 0.071895
4 0.101103 0.400093 0.035189 0.055089
4 0.086397 0.496265 0.048845 0.053221
5 0.337973 0.279178 0.023634 0.046685
4 0.383403 0.295518 0.023109 0.043884
4 0.404937 0.283847 0.019958 0.039216
3 0.589023 0.380019 0.040441 0.031746
3 0.712185 0.774977 0.032563 0.041083
3 0.721901 0.801120 0.026786 0.044818
1 0.076943 0.948179 0.012080 0.025210
1 0.084821 0.925770 0.015231 0.028945
10 0.125263 0.570028 0.028887 0.038282
0 0.174632 0.273109 0.036239 0.064426
0 0.663603 0.279645 0.028887 0.047619
7 0.125000 0.273109 0.025210 0.036415
1 0.083246 0.286181 0.004727 0.032680
1 0.087973 0.288982 0.009979 0.036415
10 0.424632 0.266573 0.024685 0.027077
0 0.771534 0.293651 0.038866 0.070028
1 0.454044 0.266573 0.012080 0.027077
0 0.543592 0.271242 0.087185 0.025210
1 0.675945 0.368347 0.010504 0.036415
1 0.666492 0.356209 0.010504 0.032680
