4 0.258666 0.957516 0.060399 0.079365
4 0.302258 0.842670 0.101366 0.086835
4 0.317489 0.704015 0.062500 0.104575
4 0.374737 0.661531 0.047794 0.109244
4 0.220063 0.704482 0.091387 0.070028
4 0.206145 0.654995 0.090861 0.070028
4 0.308298 0.586835 0.085084 0.071895
4 0.303834 0.527544 0.080357 0.057890
4 0.317227 0.487395 0.068277 0.050420
4 0.355042 0.461251 0.032563 0.065359
4 0.324055 0.426704 0.064076 0.072829
4 0.350578 0.382353 0.026786 0.058824
4 0.173845 0.581699 0.081933 0.100840
4 0.184874 0.533147 0.069328 0.059757
4 0.614496 0.936508 0.065126 0.125117
4 0.598214 0.835668 0.095588 0.108310
4 0.622111 0.758637 0.092962 0.070028
4 0.613445 0.697479 0.088235 0.067227
5 0.574580 0.608777 0.035714 0.082166
4 0.575893 0.541083 0.034139 0.064426
4 0.539128 0.510271 0.030987 0.060691
4 0.593225 0.479925 0.062500 0.052288
4 0.564338 0.441643 0.026786 0.052288
4 0.566439 0.394958 0.034139 0.050420
4 0.622899 0.396359 0.040966 0.070028
4 0.655987 0.382820 0.040966 0.059757
4 0.687500 0.386555 0.043067 0.056022
5 0.502889 0.287582 0.053046 0.044818
4 0.561975 0.290383 0.045168 0.035481
4 0.619485 0.293651 0.048845 0.032680
4 0.343750 0.312792 0.049895 0.033613
5 0.183824 0.364613 0.029412 0.066293
4 0.151261 0.369281 0.034664 0.045752
4 0.483981 0.332400 0.051996 0.037348
1 0.661765 0.577498 0.009454 0.053221
2 0.660977 0.566293 0.006828 0.023343
1 0.545431 0.377218 0.007878 0.037348
4 0.125263 0.490663 0.060399 0.062558
4 0.108981 0.375350 0.036239 0.061625
4 0.094013 0.465453 0.048319 0.051354
5 0.340336 0.266573 0.023109 0.047619
4 0.383666 0.281513 0.023634 0.042017
4 0.405200 0.269841 0.019433 0.035481
3 0.584296 0.362278 0.037290 0.026144
3 0.702468 0.732493 0.030987 0.038282
3 0.710609 0.756303 0.027311 0.042951
1 0.088498 0.892157 0.012080 0.025210
1 0.093750 0.876284 0.015231 0.028945
10 0.133666 0.538282 0.028887 0.038282
0 0.180410 0.247899 0.036239 0.064426
0 0.659401 0.258170 0.028887 0.047619
7 0.130515 0.260971 0.022584 0.032680
1 0.117910 0.270308 0.004727 0.032680
1 0.126838 0.273109 0.009979 0.036415
10 0.424632 0.245098 0.024685 0.027077
0 0.767857 0.279178 0.038866 0.069094
1 0.456145 0.245098 0.012080 0.027077
0 0.539128 0.249767 0.081408 0.025210
1 0.670168 0.353408 0.008403 0.038282
1 0.677521 0.342670 0.010504 0.033613
