4 0.300683 0.868347 0.067752 0.132586
4 0.366859 0.810924 0.055147 0.140990
4 0.186187 0.869281 0.107668 0.087768
4 0.173845 0.804388 0.106092 0.084967
4 0.365021 0.669935 0.066176 0.107376
4 0.292279 0.632120 0.090861 0.069094
4 0.307511 0.581232 0.075105 0.055089
4 0.349527 0.548086 0.035189 0.078431
4 0.317489 0.506536 0.070903 0.086835
4 0.349002 0.449580 0.032038 0.070028
4 0.141282 0.705415 0.093487 0.122316
4 0.155987 0.643791 0.076681 0.077498
4 0.655200 0.949580 0.108718 0.095238
4 0.643645 0.866480 0.102416 0.087768
5 0.597689 0.741830 0.039916 0.101774
4 0.599002 0.653128 0.038340 0.086835
4 0.556197 0.605509 0.035714 0.073763
4 0.617647 0.572829 0.070378 0.056956
4 0.583508 0.522876 0.029412 0.059757
4 0.586397 0.464052 0.034139 0.059757
4 0.648897 0.469655 0.046744 0.078431
4 0.684874 0.452848 0.045168 0.074697
4 0.721376 0.456583 0.046744 0.069094
5 0.516544 0.335201 0.058298 0.050420
4 0.578782 0.339869 0.049370 0.039216
4 0.642857 0.342204 0.051471 0.036415
4 0.746061 0.366480 0.055147 0.045752
4 0.207721 0.427638 0.030987 0.082166
5 0.167542 0.427171 0.035714 0.075630
4 0.131565 0.433707 0.040441 0.056956
1 0.602416 0.810924 0.015756 0.056956
2 0.601366 0.803922 0.008403 0.037348
2 0.431197 0.718021 0.013655 0.035481
3 0.431460 0.732026 0.013130 0.037348
2 0.509979 0.629318 0.012605 0.035481
3 0.510242 0.638655 0.011029 0.041083
1 0.534401 0.490663 0.007878 0.042017
4 0.084559 0.610644 0.078782 0.085901
4 0.079569 0.448179 0.039391 0.056022
4 0.056723 0.561158 0.057773 0.070962
5 0.340074 0.310924 0.023634 0.052288
4 0.387342 0.330532 0.023634 0.044818
4 0.410189 0.316527 0.021008 0.041083
3 0.605830 0.425303 0.041492 0.032680
3 0.748950 0.913165 0.034664 0.044818
3 0.760504 0.949580 0.031513 0.050420
10 0.091649 0.651261 0.028887 0.038282
0 0.162027 0.295518 0.036239 0.064426
0 0.678309 0.304855 0.028887 0.047619
7 0.112132 0.303922 0.027836 0.040149
1 0.023897 0.326331 0.004727 0.032680
1 0.023372 0.329132 0.009979 0.036415
10 0.430935 0.293651 0.024685 0.027077
0 0.792805 0.320728 0.039391 0.070028
1 0.465074 0.296452 0.012080 0.027077
0 0.556985 0.302054 0.094013 0.025210
1 0.701681 0.416433 0.010504 0.035481
1 0.692752 0.411298 0.010504 0.032680
