4 0.265231 0.974790 0.118697 0.050420
4 0.273897 0.825397 0.061450 0.141923
4 0.339548 0.853408 0.054097 0.151261
4 0.318015 0.696078 0.094013 0.073763
4 0.329569 0.584967 0.058298 0.088702
4 0.382090 0.548553 0.043592 0.094304
4 0.238445 0.581699 0.085084 0.063492
4 0.224265 0.538282 0.084034 0.055089
4 0.306460 0.493464 0.081408 0.062558
4 0.314338 0.437908 0.076155 0.052288
4 0.327731 0.401027 0.065126 0.040149
4 0.362658 0.382353 0.028887 0.058824
4 0.331670 0.349206 0.059349 0.061625
4 0.357405 0.314192 0.025735 0.051354
4 0.192752 0.479458 0.076681 0.084967
4 0.204044 0.440710 0.064601 0.054155
3 0.646796 0.877218 0.025735 0.060691
4 0.604517 0.787115 0.063025 0.132586
4 0.591387 0.693277 0.088235 0.094304
4 0.612132 0.630719 0.085609 0.066293
4 0.605042 0.580299 0.081933 0.056956
5 0.568803 0.507470 0.034664 0.073763
4 0.572216 0.450047 0.030987 0.052288
4 0.537290 0.423436 0.027311 0.047619
4 0.589023 0.398693 0.057248 0.042951
4 0.560137 0.367414 0.023634 0.045752
4 0.563288 0.325864 0.029937 0.042951
4 0.618172 0.330532 0.036765 0.059757
4 0.649422 0.316527 0.038340 0.057890
4 0.682773 0.321195 0.038866 0.052288
4 0.176733 0.241830 0.054097 0.041083
5 0.503151 0.230626 0.050420 0.041083
4 0.559874 0.236228 0.043067 0.031746
4 0.615546 0.239963 0.045168 0.031746
4 0.508666 0.258170 0.044643 0.032680
4 0.233981 0.304388 0.023634 0.048553
5 0.200105 0.300187 0.030462 0.060691
4 0.167542 0.303922 0.032563 0.042017
4 0.349790 0.265173 0.053571 0.037348
1 0.673845 0.461718 0.007353 0.040149
2 0.672794 0.454248 0.007353 0.023343
1 0.547532 0.300187 0.005777 0.034547
4 0.150210 0.416433 0.052521 0.054155
4 0.127889 0.313259 0.032038 0.053221
5 0.347426 0.213819 0.020483 0.041083
4 0.389443 0.228758 0.021534 0.035481
4 0.408613 0.217554 0.019958 0.033613
3 0.580882 0.301587 0.036765 0.026144
0 0.746061 0.858077 0.041492 0.063492
3 0.688813 0.612045 0.027836 0.036415
3 0.697742 0.631653 0.025735 0.042017
1 0.120536 0.745565 0.012080 0.025210
1 0.125788 0.724090 0.015231 0.028945
10 0.084821 0.853875 0.037290 0.058824
10 0.157300 0.446779 0.028887 0.038282
0 0.198792 0.200280 0.036239 0.064426
0 0.652574 0.225490 0.028887 0.047619
7 0.142069 0.206816 0.022584 0.032680
1 0.152048 0.207750 0.004727 0.032680
1 0.158876 0.207750 0.009979 0.036415
10 0.426733 0.202148 0.024685 0.027077
1 0.457195 0.198413 0.012080 0.027077
0 0.539128 0.210551 0.081408 0.025210
