4 0.281513 0.958917 0.067227 0.080299
4 0.361345 0.920635 0.065126 0.156863
4 0.157563 0.974790 0.121849 0.048553
4 0.145221 0.922969 0.122374 0.107376
4 0.382878 0.716153 0.053571 0.123249
4 0.282300 0.711485 0.101366 0.082166
4 0.301996 0.645658 0.082983 0.066293
4 0.348214 0.609244 0.035714 0.088702
4 0.311975 0.561158 0.080882 0.100840
4 0.348214 0.494865 0.031513 0.084034
4 0.112132 0.801587 0.106618 0.148459
4 0.133666 0.725490 0.091912 0.100840
4 0.673319 0.973856 0.109244 0.050420
5 0.621061 0.847806 0.044643 0.123249
4 0.621324 0.737162 0.040966 0.105509
4 0.574580 0.677871 0.039916 0.089636
4 0.640756 0.643324 0.077731 0.069094
4 0.603466 0.580766 0.034664 0.072829
4 0.604517 0.510271 0.037815 0.073763
4 0.672532 0.517274 0.050945 0.093371
4 0.711397 0.502334 0.049895 0.089636
4 0.752101 0.503268 0.048319 0.076564
5 0.529149 0.362745 0.061450 0.049486
4 0.596113 0.370682 0.055672 0.042951
4 0.664128 0.371615 0.058298 0.042951
4 0.501050 0.763772 0.040966 0.108310
4 0.534139 0.397292 0.058824 0.047619
4 0.210347 0.456583 0.030987 0.085901
5 0.152574 0.484127 0.037290 0.077498
4 0.113445 0.471989 0.046218 0.064426
2 0.427258 0.605509 0.013130 0.034547
3 0.428309 0.619048 0.013130 0.031746
2 0.476103 0.527544 0.012080 0.033613
3 0.476366 0.537815 0.012605 0.035481
1 0.545693 0.575630 0.008403 0.043884
4 0.059086 0.678805 0.094013 0.095238
4 0.064338 0.489729 0.046744 0.071895
4 0.032826 0.632586 0.065651 0.103641
3 0.349790 0.443044 0.018908 0.023343
1 0.351366 0.432773 0.010504 0.040149
5 0.341649 0.334734 0.029937 0.055089
4 0.390494 0.357143 0.026786 0.051354
4 0.415704 0.341270 0.023634 0.047619
4 0.807248 0.505135 0.039916 0.070962
5 0.819590 0.462185 0.051996 0.065359
4 0.745273 0.405229 0.063025 0.046685
3 0.624737 0.466853 0.044643 0.037348
10 0.069065 0.729692 0.028887 0.038282
1 0.017069 0.540149 0.013130 0.055089
1 0.025473 0.539216 0.015231 0.053221
0 0.163603 0.314659 0.035189 0.074697
0 0.709296 0.334734 0.028887 0.047619
7 0.104517 0.326331 0.031513 0.045752
10 0.438288 0.316993 0.024685 0.027077
0 0.826943 0.343137 0.039391 0.070028
1 0.472426 0.316993 0.012080 0.027077
0 0.575893 0.326331 0.094013 0.025210
1 0.728992 0.457049 0.011555 0.036415
1 0.716387 0.450047 0.013655 0.033613
