3 0.312500 0.931878 0.063988 0.134921
3 0.397693 0.920635 0.066220 0.129630
3 0.465960 0.888889 0.070312 0.119048
3 0.533668 0.876984 0.071057 0.111111
3 0.580171 0.820437 0.072545 0.105159
4 0.675967 0.957011 0.090774 0.085979
3 0.483445 0.625992 0.033110 0.061508
3 0.957031 0.618717 0.062872 0.053571
3 0.856213 0.612434 0.085193 0.059524
3 0.942522 0.555225 0.074033 0.050926
3 0.967634 0.537698 0.063244 0.044974
3 0.262649 0.460648 0.057292 0.029762
3 0.176153 0.445106 0.050967 0.034392
3 0.404018 0.425595 0.046131 0.032407
3 0.745908 0.519841 0.060268 0.043651
4 0.670015 0.526124 0.069940 0.062831
3 0.482887 0.516865 0.058036 0.045635
3 0.517485 0.502646 0.058780 0.043651
3 0.351004 0.469246 0.050967 0.037698
3 0.470052 0.479497 0.053943 0.038360
3 0.367746 0.509921 0.053943 0.044974
3 0.259859 0.448082 0.053943 0.037698
3 0.452195 0.446429 0.046503 0.038360
3 0.363653 0.487765 0.053199 0.042989
3 0.011161 0.446429 0.021577 0.041005
3 0.008371 0.430886 0.016741 0.032407
3 0.237351 0.493386 0.058036 0.043651
3 0.258557 0.477513 0.055060 0.038360
3 0.400670 0.463955 0.048363 0.036376
3 0.531064 0.451058 0.049479 0.039683
3 0.132068 0.495040 0.063988 0.042989
3 0.130208 0.468585 0.052083 0.036376
3 0.085565 0.451720 0.048363 0.038360
3 0.343750 0.408399 0.024554 0.031085
8 0.540551 0.455026 0.128720 0.076720
3 0.718006 0.466931 0.057292 0.038360
3 0.797433 0.467593 0.050223 0.034392
8 0.792411 0.486772 0.142857 0.091270
8 0.030692 0.561177 0.061384 0.138228
3 0.684338 0.479497 0.049479 0.039683
3 0.626116 0.460979 0.046875 0.038360
3 0.877604 0.479828 0.049107 0.041667
3 0.948289 0.481481 0.063988 0.039683
0 0.179501 0.317791 0.359003 0.160714
0 0.714100 0.664352 0.368676 0.230820
0 0.163876 0.712963 0.019717 0.060847
0 0.164807 0.703042 0.019345 0.054233
2 0.341704 0.683862 0.028646 0.030423
1 0.339658 0.667659 0.014881 0.050926
0 0.254464 0.745040 0.493304 0.171296
0 0.435640 0.557870 0.343750 0.098545
2 0.237165 0.558532 0.026414 0.027116
1 0.234375 0.542659 0.015625 0.032407
2 0.189546 0.539352 0.022693 0.021825
1 0.185268 0.524140 0.013393 0.029762
0 0.570685 0.386574 0.284226 0.087963
