3 0.284970 0.931217 0.065476 0.134921
3 0.370722 0.917328 0.067336 0.129630
3 0.438058 0.880622 0.071057 0.118386
3 0.506510 0.866071 0.071801 0.109127
3 0.552083 0.809854 0.072173 0.103836
4 0.650298 0.947421 0.100446 0.105159
3 0.450521 0.618056 0.033482 0.061508
3 0.912388 0.597553 0.062872 0.053571
3 0.816034 0.593254 0.085193 0.059524
3 0.952939 0.539352 0.074033 0.050926
3 0.977121 0.517857 0.044271 0.044974
3 0.199033 0.461971 0.058036 0.029762
3 0.114397 0.446429 0.056176 0.038360
3 0.363281 0.419312 0.046503 0.033069
3 0.761533 0.509259 0.060268 0.043651
4 0.678199 0.516865 0.069940 0.062831
3 0.480283 0.512235 0.058036 0.045635
3 0.519159 0.496032 0.058408 0.044974
3 0.292411 0.462963 0.051339 0.038360
3 0.410900 0.470899 0.053943 0.038360
3 0.356771 0.503968 0.055804 0.043651
3 0.199591 0.444775 0.056176 0.037698
3 0.401972 0.438492 0.046503 0.038360
3 0.358631 0.484788 0.055060 0.042328
3 0.223958 0.493386 0.058036 0.043651
3 0.238839 0.476521 0.057292 0.037698
3 0.340774 0.454696 0.048363 0.036376
3 0.499442 0.445106 0.049479 0.039683
3 0.113467 0.500661 0.066220 0.043651
3 0.114211 0.472553 0.052083 0.036376
3 0.024182 0.454365 0.037946 0.038360
3 0.307106 0.403439 0.024182 0.034392
8 0.480469 0.445767 0.126860 0.076720
3 0.675223 0.455688 0.057292 0.038360
3 0.760975 0.454365 0.050223 0.034392
8 0.739397 0.470899 0.135789 0.091270
3 0.026228 0.496032 0.052455 0.038360
3 0.018601 0.474868 0.037202 0.043651
3 0.620722 0.466270 0.047991 0.038360
3 0.580171 0.450397 0.046503 0.038360
3 0.825335 0.461971 0.049479 0.041667
3 0.896577 0.462963 0.063988 0.039683
3 0.930990 0.495370 0.065104 0.043651
3 0.957217 0.445767 0.060268 0.034392
0 0.166853 0.341601 0.333705 0.162037
0 0.671689 0.651455 0.391741 0.255291
0 0.145275 0.711640 0.019717 0.060847
0 0.138021 0.703042 0.019345 0.054233
2 0.325707 0.678571 0.028646 0.030423
1 0.323661 0.663029 0.014881 0.050926
0 0.238653 0.744709 0.461682 0.170635
0 0.385789 0.557540 0.244048 0.097884
2 0.224888 0.559854 0.026414 0.027116
1 0.221354 0.542659 0.015625 0.032407
2 0.174293 0.541336 0.022693 0.021825
1 0.169643 0.526124 0.013393 0.029762
2 0.850260 0.821759 0.023438 0.054894
1 0.855655 0.804563 0.014881 0.057540
9 0.883929 0.924603 0.029762 0.059524
0 0.946243 0.874669 0.017485 0.077381
0 0.978981 0.927579 0.024182 0.072090
0 0.537760 0.380622 0.300967 0.087963
0 0.948847 0.746032 0.014509 0.060847
0 0.957775 0.744709 0.014509 0.063492
