3 0.096912 0.910714 0.085938 0.133598
3 0.173921 0.850529 0.082961 0.119048
3 0.249256 0.814815 0.078125 0.107143
3 0.293899 0.743717 0.078125 0.094577
3 0.255580 0.958664 0.107887 0.080026
5 0.371280 0.943452 0.125744 0.111772
4 0.406994 0.869378 0.102679 0.130291
3 0.173363 0.587963 0.039435 0.064815
3 0.617746 0.483466 0.064360 0.050265
3 0.571429 0.433532 0.055060 0.042989
3 0.648996 0.411706 0.056920 0.042989
3 0.446987 0.447090 0.064360 0.043651
3 0.477679 0.427910 0.061012 0.039683
3 0.027158 0.412698 0.054315 0.043651
3 0.299851 0.468254 0.072917 0.050265
3 0.227121 0.456019 0.061384 0.052249
3 0.247768 0.403770 0.057292 0.037698
3 0.323661 0.397487 0.054315 0.038360
8 0.209821 0.420966 0.139881 0.091931
3 0.128348 0.485780 0.074405 0.045635
3 0.080915 0.471230 0.070312 0.052249
3 0.132440 0.416336 0.052083 0.045635
3 0.393787 0.390212 0.053199 0.038360
3 0.503162 0.384259 0.053199 0.039683
3 0.379836 0.415013 0.052083 0.040344
3 0.644531 0.347884 0.052455 0.034392
3 0.581659 0.374008 0.047247 0.035053
3 0.693452 0.342593 0.045387 0.033069
3 0.646019 0.365410 0.046503 0.037698
0 0.439360 0.632937 0.206845 0.238095
9 0.035528 0.638889 0.039062 0.039683
2 0.124442 0.568783 0.035342 0.038360
2 0.176525 0.553902 0.030134 0.032407
0 0.088728 0.643188 0.021205 0.061508
0 0.202195 0.671296 0.199033 0.145503
0 0.119792 0.555556 0.013393 0.039683
0 0.255766 0.549934 0.156622 0.121032
2 0.489955 0.768519 0.037202 0.055556
0 0.489211 0.760582 0.022321 0.064815
9 0.482887 0.727513 0.037202 0.066138
1 0.481399 0.727183 0.022321 0.073413
9 0.605097 0.760582 0.030134 0.059524
0 0.673921 0.688161 0.016741 0.065476
0 0.696801 0.762897 0.018601 0.062831
0 0.580729 0.833664 0.027530 0.077381
0 0.662016 0.618056 0.014509 0.052249
0 0.670201 0.612103 0.013765 0.064153
6 0.674107 0.830688 0.049107 0.054233
2 0.721912 0.843585 0.029390 0.066799
9 0.742001 0.859788 0.026414 0.097884
0 0.731213 0.709656 0.015997 0.068783
0 0.813802 0.729828 0.025670 0.066799
1 0.836496 0.723876 0.021205 0.046958
1 0.824033 0.709987 0.019345 0.040344
9 0.773251 0.872024 0.046503 0.095899
2 0.690662 0.743717 0.038318 0.050926
1 0.692522 0.727183 0.023438 0.052249
0 0.873698 0.739087 0.023438 0.072090
0 0.923177 0.945767 0.026414 0.082011
0 0.664062 0.550926 0.011905 0.056878
0 0.656250 0.553571 0.011905 0.051587
0 0.217820 0.340939 0.435640 0.087963
0 0.712240 0.631283 0.015253 0.056217
0 0.727865 0.680225 0.017485 0.061508
0 0.705171 0.704696 0.014509 0.061508
0 0.709635 0.698743 0.011533 0.064153
0 0.795201 0.961640 0.020461 0.075397
0 0.573475 0.532077 0.011533 0.049603
0 0.734933 0.594907 0.014509 0.058862
2 0.484933 0.852183 0.044271 0.053571
2 0.628534 0.791997 0.025670 0.049603
2 0.644531 0.801918 0.028646 0.042989
