3 0.399926 0.824074 0.051339 0.105820
3 0.470982 0.821759 0.052827 0.102513
3 0.529204 0.803571 0.057664 0.093915
3 0.588542 0.801918 0.060268 0.089286
3 0.632626 0.763558 0.062872 0.086640
3 0.430060 0.946098 0.066964 0.107804
3 0.507254 0.934854 0.068080 0.117063
3 0.576265 0.932209 0.075893 0.117063
5 0.667039 0.946759 0.095982 0.105159
4 0.714100 0.901124 0.088914 0.121032
3 0.549107 0.605489 0.030506 0.053571
3 0.902344 0.608796 0.071801 0.048280
3 0.885417 0.552579 0.068452 0.048280
3 0.966146 0.540344 0.052827 0.048942
3 0.725632 0.532077 0.062872 0.042989
3 0.740885 0.515212 0.065104 0.043651
3 0.463728 0.461971 0.050223 0.032407
3 0.379464 0.438823 0.046875 0.036376
3 0.529576 0.440807 0.046503 0.032407
3 0.582403 0.495040 0.056920 0.037698
4 0.545759 0.498677 0.061012 0.050265
3 0.431548 0.486772 0.052827 0.038360
3 0.436942 0.472884 0.053199 0.038360
3 0.547247 0.473214 0.049107 0.037698
3 0.642671 0.485780 0.053943 0.032407
3 0.330171 0.476190 0.050223 0.041005
3 0.470796 0.450728 0.045015 0.037698
3 0.585379 0.448413 0.045759 0.037037
3 0.338356 0.457341 0.049479 0.035053
3 0.217076 0.432540 0.049479 0.038360
3 0.244606 0.424603 0.038318 0.033069
3 0.239955 0.459656 0.053571 0.042328
3 0.257999 0.450066 0.050223 0.035053
3 0.603795 0.466270 0.046131 0.033069
3 0.646949 0.458003 0.049107 0.039021
3 0.311384 0.441468 0.043155 0.036376
3 0.442150 0.422950 0.032366 0.031085
8 0.727865 0.466601 0.120908 0.077381
3 0.809524 0.479497 0.048363 0.039683
3 0.884859 0.483135 0.050223 0.035053
8 0.936198 0.499339 0.126860 0.091270
3 0.704799 0.457341 0.038318 0.035053
3 0.084263 0.417328 0.043527 0.033069
3 0.167225 0.420966 0.034598 0.031085
0 0.236049 0.283730 0.386533 0.248677
0 0.693638 0.646495 0.216890 0.221561
0 0.020461 0.336640 0.040923 0.154762
10 0.013951 0.770503 0.020461 0.060847
0 0.190290 0.647156 0.013021 0.050926
0 0.043341 0.706680 0.013021 0.048280
0 0.059338 0.694775 0.017485 0.052249
0 0.039807 0.733466 0.019345 0.052910
0 0.225446 0.641534 0.012649 0.046296
0 0.092076 0.717593 0.015997 0.052910
0 0.130952 0.707672 0.016369 0.054233
0 0.110119 0.683862 0.017857 0.058201
2 0.346726 0.630952 0.028274 0.029101
1 0.345238 0.619709 0.014881 0.039683
0 0.369978 0.676587 0.428943 0.130952
0 0.450893 0.531746 0.343750 0.097884
2 0.220982 0.520833 0.019345 0.021825
1 0.219308 0.508929 0.015253 0.032407
2 0.190662 0.499339 0.022693 0.022487
1 0.187128 0.491071 0.010417 0.027116
0 0.900670 0.778770 0.197173 0.442460
0 0.598958 0.381283 0.219494 0.087963
