3 0.395647 0.868056 0.053943 0.114418
3 0.473214 0.865741 0.057292 0.111111
3 0.535342 0.844907 0.062500 0.105159
3 0.597842 0.842593 0.063988 0.100529
3 0.645647 0.798280 0.068080 0.093915
3 0.507999 0.964286 0.068824 0.070106
3 0.581287 0.963624 0.077009 0.071429
4 0.733073 0.943783 0.091146 0.112434
3 0.555432 0.624339 0.034226 0.054233
3 0.923177 0.629960 0.071801 0.048280
3 0.971540 0.576720 0.056176 0.048942
3 0.797805 0.553902 0.069568 0.042989
3 0.819568 0.536045 0.067708 0.045635
3 0.438430 0.466601 0.050223 0.032407
3 0.352865 0.444775 0.047247 0.036376
3 0.524926 0.446759 0.046131 0.032407
3 0.637463 0.511574 0.056920 0.037698
4 0.592634 0.515873 0.063988 0.054233
3 0.461682 0.501323 0.054315 0.039683
3 0.483445 0.490079 0.053199 0.038360
3 0.528646 0.479167 0.051339 0.037698
3 0.632626 0.494709 0.053943 0.033069
3 0.358259 0.488426 0.051339 0.044312
3 0.440476 0.453704 0.048363 0.038360
3 0.581287 0.457341 0.046503 0.037698
3 0.362351 0.470899 0.051339 0.042328
3 0.186756 0.437169 0.053571 0.038360
3 0.209263 0.428571 0.040551 0.033069
3 0.256696 0.471230 0.054315 0.042989
3 0.280692 0.457341 0.050223 0.035053
3 0.583147 0.474537 0.047991 0.036376
3 0.646949 0.465608 0.049107 0.039683
3 0.153832 0.468585 0.059896 0.044312
3 0.281808 0.442791 0.045015 0.035053
3 0.438430 0.424934 0.032366 0.031085
8 0.715402 0.471892 0.120536 0.077381
3 0.813058 0.486111 0.055432 0.038360
3 0.899368 0.487103 0.050223 0.035053
8 0.931176 0.509259 0.130208 0.091270
3 0.701451 0.465608 0.038318 0.035714
3 0.047433 0.419643 0.045015 0.032407
3 0.131696 0.426257 0.034226 0.031085
0 0.223586 0.288360 0.391369 0.248677
0 0.696987 0.661706 0.216890 0.221561
0 0.012463 0.336640 0.024926 0.154762
0 0.198661 0.667659 0.013393 0.053571
0 0.014323 0.734788 0.013765 0.050265
0 0.033296 0.725860 0.017485 0.052249
0 0.228423 0.662698 0.010417 0.050265
0 0.053571 0.751984 0.016369 0.055556
0 0.032366 0.740079 0.013393 0.048942
0 0.096726 0.737434 0.018601 0.058201
0 0.071987 0.708333 0.018229 0.060847
2 0.362909 0.651124 0.028646 0.029762
1 0.361049 0.638889 0.015253 0.044974
0 0.344680 0.704034 0.454241 0.143519
0 0.469122 0.548280 0.343750 0.097884
2 0.242374 0.533730 0.019717 0.022487
1 0.241257 0.522156 0.015253 0.032407
2 0.208147 0.512897 0.022693 0.021825
1 0.204985 0.501653 0.010417 0.029762
0 0.898624 0.791005 0.192336 0.417989
0 0.599330 0.383929 0.232143 0.087963
