3 0.321987 0.932209 0.062872 0.134259
3 0.407180 0.922619 0.065848 0.129630
3 0.475074 0.891204 0.069940 0.119709
3 0.542783 0.881614 0.070685 0.112434
3 0.589844 0.824405 0.073289 0.105159
4 0.684896 0.959656 0.090774 0.080688
3 0.493490 0.629630 0.033110 0.060847
3 0.869792 0.619378 0.086310 0.058862
3 0.933594 0.559193 0.074033 0.050926
3 0.963542 0.541667 0.070685 0.044974
3 0.284226 0.463955 0.055804 0.031085
3 0.197359 0.445106 0.050967 0.034392
3 0.418899 0.429563 0.046131 0.032407
3 0.739583 0.523810 0.060268 0.043651
4 0.666295 0.529431 0.069940 0.062831
3 0.483259 0.517526 0.058036 0.045635
3 0.516183 0.505291 0.059152 0.041005
3 0.373512 0.470569 0.051339 0.037698
3 0.489769 0.482143 0.053943 0.038360
3 0.368862 0.509921 0.053943 0.044974
3 0.281064 0.449405 0.053199 0.037698
3 0.470052 0.449074 0.046503 0.038360
3 0.365141 0.488426 0.053199 0.042989
3 0.022879 0.446098 0.042783 0.040344
3 0.018973 0.432870 0.037946 0.032407
3 0.241443 0.493386 0.058036 0.043651
3 0.264323 0.478175 0.053943 0.038360
3 0.423363 0.466601 0.048363 0.036376
3 0.551897 0.453042 0.049479 0.039683
3 0.135603 0.494378 0.062128 0.042989
3 0.132440 0.467923 0.052083 0.036376
3 0.109003 0.451058 0.048363 0.038360
3 0.356027 0.411045 0.024554 0.029762
8 0.562686 0.458995 0.128348 0.076720
3 0.733259 0.471892 0.057292 0.037698
3 0.811198 0.472222 0.050223 0.034392
8 0.812314 0.493386 0.149926 0.091270
8 0.036644 0.555886 0.073289 0.138228
3 0.707031 0.484788 0.051711 0.042328
3 0.643601 0.464947 0.043155 0.038360
3 0.891741 0.487103 0.049107 0.041667
3 0.962798 0.485780 0.058036 0.040344
0 0.184152 0.312500 0.368304 0.180556
0 0.730841 0.669643 0.359003 0.220238
0 0.169457 0.712963 0.019717 0.060847
0 0.174479 0.703042 0.019345 0.054233
2 0.346540 0.685847 0.028646 0.030423
1 0.344494 0.668320 0.014881 0.050926
0 0.260231 0.745040 0.504836 0.171296
0 0.437872 0.559193 0.343750 0.098545
2 0.239025 0.559854 0.026414 0.027116
1 0.236607 0.543320 0.015625 0.032407
2 0.192522 0.539352 0.022693 0.021825
1 0.188616 0.524802 0.013393 0.029762
0 0.581845 0.387897 0.276042 0.087963
