3 0.150856 0.933862 0.074033 0.129630
3 0.243676 0.907407 0.073661 0.129630
3 0.313430 0.862765 0.074777 0.114418
3 0.382999 0.837963 0.072545 0.108466
3 0.426897 0.773810 0.071801 0.099206
5 0.485305 0.962963 0.109747 0.071429
4 0.527158 0.913690 0.098958 0.136905
3 0.316964 0.602513 0.033482 0.060847
3 0.757812 0.535384 0.069940 0.052249
3 0.668899 0.541667 0.078869 0.059524
3 0.195126 0.406085 0.046503 0.033069
4 0.747954 0.471561 0.070312 0.059524
3 0.506696 0.488757 0.061012 0.044974
3 0.566034 0.468254 0.058408 0.044974
3 0.023996 0.468915 0.047991 0.044974
3 0.135231 0.463624 0.062872 0.038360
3 0.359933 0.492725 0.056176 0.043651
3 0.215030 0.421296 0.046131 0.038360
3 0.401042 0.470899 0.057292 0.042328
3 0.209635 0.493056 0.064360 0.042989
3 0.217448 0.473545 0.059896 0.038360
3 0.076823 0.452050 0.059896 0.040344
3 0.276042 0.426257 0.049107 0.040344
3 0.084263 0.511243 0.076265 0.047619
3 0.071243 0.484458 0.061384 0.040344
3 0.147693 0.385582 0.024554 0.034392
8 0.216704 0.429563 0.130580 0.076058
3 0.491257 0.425265 0.056920 0.038360
3 0.575707 0.419643 0.050223 0.035053
8 0.510975 0.434524 0.126860 0.091270
3 0.346540 0.443122 0.047991 0.038360
3 0.384115 0.424603 0.046503 0.038360
3 0.642485 0.419643 0.054315 0.040344
3 0.715588 0.409392 0.059152 0.039683
3 0.689918 0.440807 0.059896 0.037698
3 0.789435 0.391534 0.052083 0.034392
3 0.797061 0.413029 0.053199 0.035053
3 0.843936 0.388228 0.045015 0.038360
0 0.107887 0.270833 0.215774 0.248016
0 0.524368 0.625661 0.390997 0.255291
0 0.075893 0.690476 0.019345 0.060847
0 0.035342 0.711640 0.019345 0.054233
2 0.266555 0.659392 0.028646 0.030423
1 0.265067 0.643188 0.015253 0.050926
0 0.161086 0.698413 0.322173 0.170635
0 0.276414 0.551587 0.107887 0.097884
2 0.194010 0.552910 0.026414 0.027778
1 0.191034 0.536706 0.015253 0.032407
2 0.132999 0.539352 0.025670 0.029762
1 0.129836 0.532077 0.012649 0.039021
0 0.161644 0.580688 0.014509 0.039683
2 0.665737 0.704365 0.023438 0.054233
1 0.667969 0.691468 0.014509 0.057540
9 0.735119 0.829034 0.030506 0.058862
0 0.786644 0.780754 0.017485 0.077381
0 0.813244 0.822421 0.020089 0.070767
0 0.780506 0.889550 0.021577 0.070106
0 0.842262 0.780093 0.015625 0.070767
0 0.856585 0.772817 0.018973 0.078704
6 0.811756 0.920635 0.049107 0.054233
2 0.854725 0.945767 0.029390 0.066138
2 0.627046 0.780423 0.026414 0.054233
1 0.629464 0.766865 0.018601 0.064153
0 0.806548 0.618717 0.014881 0.057540
0 0.794271 0.615079 0.011905 0.056878
0 0.371094 0.357474 0.300967 0.087963
0 0.881510 0.783399 0.019717 0.068122
0 0.794085 0.696098 0.014509 0.061508
0 0.801153 0.694114 0.014509 0.064153
0 0.768415 0.564484 0.016741 0.049603
0 0.869234 0.659061 0.015997 0.068122
2 0.606585 0.907077 0.044271 0.053571
2 0.760417 0.873347 0.031994 0.058862
2 0.779204 0.887897 0.032366 0.050926
