3 0.190290 0.932209 0.071057 0.131614
3 0.281064 0.909392 0.071057 0.128307
3 0.349516 0.867725 0.072545 0.113757
3 0.417597 0.844246 0.071801 0.109127
3 0.462240 0.782077 0.071801 0.099868
4 0.562872 0.928241 0.098958 0.138228
3 0.358631 0.608135 0.033482 0.061508
3 0.802083 0.551918 0.069940 0.052249
3 0.711682 0.553571 0.078869 0.059524
3 0.020275 0.465278 0.040551 0.041667
3 0.243862 0.406415 0.046503 0.032407
3 0.818638 0.476190 0.059896 0.043651
4 0.719680 0.489418 0.070312 0.059524
3 0.489583 0.502315 0.061012 0.045635
3 0.543713 0.480820 0.058408 0.044974
3 0.109003 0.462302 0.060268 0.035714
3 0.222842 0.460979 0.057292 0.038360
3 0.347656 0.498677 0.056176 0.043651
3 0.019345 0.447421 0.038690 0.037698
3 0.254464 0.426587 0.046131 0.038360
3 0.374256 0.476521 0.057292 0.041667
3 0.205171 0.494378 0.064360 0.042989
3 0.209635 0.476852 0.058408 0.037037
3 0.162202 0.448413 0.051339 0.039683
3 0.337054 0.433532 0.049107 0.040344
3 0.085565 0.509921 0.075149 0.043651
3 0.079799 0.482474 0.058408 0.040344
3 0.197545 0.390212 0.024554 0.034392
8 0.299293 0.430556 0.123884 0.076720
3 0.543713 0.429563 0.056920 0.037698
3 0.634115 0.429563 0.050223 0.035053
8 0.579985 0.444775 0.127976 0.090608
3 0.007999 0.509921 0.015997 0.038360
3 0.432850 0.446429 0.047991 0.038360
3 0.444382 0.430556 0.046503 0.038360
3 0.697545 0.430886 0.054315 0.040344
3 0.766183 0.426257 0.059152 0.040344
3 0.757254 0.452712 0.059896 0.041667
3 0.834263 0.407407 0.056176 0.034392
3 0.852121 0.426257 0.053199 0.035053
3 0.890997 0.404101 0.045387 0.038360
0 0.116071 0.270833 0.232143 0.248016
0 0.570126 0.629630 0.391741 0.255291
0 0.092634 0.700728 0.019345 0.061508
0 0.065476 0.706349 0.019345 0.054233
2 0.284784 0.668651 0.028646 0.030423
1 0.279018 0.654431 0.014881 0.050926
0 0.186384 0.699074 0.372768 0.170635
0 0.302827 0.550595 0.140625 0.095899
2 0.201451 0.560847 0.026414 0.027778
1 0.197545 0.540344 0.015625 0.033069
2 0.141555 0.541997 0.025670 0.029762
1 0.139137 0.526786 0.013393 0.029762
0 0.188058 0.582672 0.014509 0.039683
2 0.720052 0.734788 0.023438 0.054233
1 0.724516 0.723214 0.014509 0.057540
9 0.777902 0.854167 0.030506 0.058862
0 0.831659 0.807209 0.017485 0.077381
0 0.859933 0.849206 0.024182 0.071429
0 0.832961 0.914683 0.021577 0.070106
0 0.904018 0.825066 0.016369 0.077381
0 0.917225 0.815807 0.022693 0.078704
2 0.690290 0.831349 0.026414 0.054233
1 0.691592 0.814815 0.018601 0.064815
0 0.853795 0.640873 0.014881 0.054233
0 0.841890 0.638889 0.011905 0.056878
0 0.420573 0.365410 0.300967 0.087963
0 0.930246 0.816799 0.019717 0.067460
0 0.835379 0.708003 0.014509 0.061508
0 0.845424 0.704696 0.014509 0.064153
0 0.796317 0.586310 0.016741 0.049603
0 0.910900 0.676918 0.015997 0.068122
2 0.644531 0.927249 0.044271 0.054233
2 0.800781 0.901124 0.033854 0.061508
2 0.823103 0.919643 0.033854 0.056217
