3 0.389881 0.765873 0.047619 0.088624
3 0.454985 0.762897 0.052083 0.085317
3 0.506324 0.747685 0.051339 0.081349
3 0.560454 0.745370 0.053943 0.076720
3 0.600446 0.711310 0.055060 0.072090
3 0.419271 0.880622 0.060268 0.122354
3 0.487165 0.864418 0.062128 0.117725
3 0.547805 0.858466 0.068080 0.115079
5 0.630766 0.883598 0.087426 0.142857
4 0.671131 0.824405 0.077381 0.102513
3 0.604539 0.978175 0.069196 0.039683
3 0.759487 0.965608 0.097842 0.066138
3 0.526042 0.578704 0.030506 0.047619
3 0.950335 0.591601 0.071801 0.049603
3 0.851376 0.576389 0.071057 0.045635
3 0.744792 0.518519 0.055804 0.048942
3 0.898996 0.531746 0.065848 0.038360
3 0.820126 0.506944 0.057664 0.037698
3 0.611049 0.498347 0.056176 0.037698
3 0.623698 0.483135 0.056176 0.036376
3 0.479911 0.455357 0.049107 0.032407
3 0.403832 0.434854 0.044271 0.029762
3 0.518043 0.433201 0.047247 0.027778
3 0.502046 0.472553 0.047991 0.037698
4 0.470610 0.476852 0.055804 0.050265
3 0.375372 0.465939 0.050595 0.036376
3 0.396391 0.459325 0.053943 0.035053
3 0.555060 0.463624 0.046131 0.038360
3 0.641927 0.472884 0.047991 0.033069
3 0.281808 0.459325 0.047247 0.040344
3 0.502790 0.443452 0.043527 0.031085
3 0.573289 0.438492 0.041667 0.033069
3 0.288318 0.446098 0.045387 0.036376
3 0.245164 0.431878 0.045387 0.038360
3 0.275856 0.421958 0.038318 0.033069
3 0.610491 0.458003 0.046131 0.032407
3 0.629092 0.441799 0.046131 0.034392
3 0.340774 0.435516 0.042411 0.035053
3 0.432850 0.421296 0.033110 0.030423
3 0.700335 0.454034 0.038318 0.035053
3 0.124442 0.415344 0.043527 0.033069
3 0.201451 0.418651 0.030878 0.026455
0 0.251860 0.277447 0.366815 0.246693
0 0.670573 0.618056 0.216890 0.221561
0 0.034598 0.334656 0.069196 0.154762
0 0.030692 0.768188 0.013021 0.053571
10 0.033296 0.726852 0.021949 0.060847
0 0.021949 0.680556 0.011905 0.041005
0 0.163132 0.624339 0.016741 0.048942
0 0.067150 0.676257 0.013021 0.044312
0 0.077939 0.661706 0.013021 0.046958
0 0.084821 0.691799 0.015625 0.047619
0 0.207403 0.616733 0.015997 0.044312
0 0.129278 0.680886 0.015997 0.049603
0 0.162202 0.672619 0.018601 0.048942
0 0.147879 0.653108 0.015253 0.052249
2 0.306362 0.610119 0.025670 0.024471
1 0.304501 0.596230 0.011533 0.040344
0 0.371652 0.641865 0.376488 0.117063
0 0.414435 0.511243 0.343750 0.097884
0 0.888951 0.768849 0.221354 0.453042
0 0.598214 0.376653 0.199405 0.087963
