3 0.091332 0.918981 0.087426 0.140873
3 0.169085 0.858466 0.082961 0.119048
3 0.248140 0.822421 0.080357 0.107804
3 0.294457 0.748347 0.077753 0.094577
3 0.249256 0.962963 0.107887 0.072751
5 0.367188 0.946759 0.125744 0.105159
4 0.403646 0.875331 0.102679 0.130291
3 0.173735 0.589616 0.039435 0.066799
3 0.624442 0.486111 0.064360 0.050265
3 0.687872 0.422950 0.053571 0.042989
3 0.571801 0.435847 0.057292 0.043651
3 0.689546 0.406085 0.056176 0.039683
3 0.470052 0.447751 0.067336 0.048942
3 0.410900 0.437500 0.061384 0.052249
3 0.189732 0.415675 0.057292 0.037698
3 0.279018 0.400794 0.055804 0.038360
8 0.161458 0.422950 0.145833 0.091931
3 0.341890 0.462302 0.066220 0.043651
3 0.249256 0.454034 0.063988 0.052249
3 0.212612 0.470899 0.073289 0.043651
3 0.075335 0.497024 0.079241 0.053571
3 0.042783 0.474868 0.069940 0.050265
3 0.065290 0.413690 0.053943 0.045635
3 0.354353 0.394841 0.056176 0.038360
3 0.465216 0.391534 0.050967 0.039683
3 0.316406 0.424603 0.055432 0.039683
3 0.647135 0.351190 0.052455 0.034392
3 0.543713 0.380291 0.044271 0.034392
3 0.699405 0.345899 0.045387 0.033069
3 0.616257 0.374669 0.046503 0.037698
0 0.552455 0.645172 0.069940 0.245370
0 0.042597 0.658069 0.018229 0.056878
9 0.001860 0.636905 0.003720 0.039683
2 0.166853 0.559524 0.035342 0.038360
0 0.162202 0.633267 0.021577 0.061508
0 0.392113 0.663690 0.245536 0.143519
0 0.161272 0.546296 0.017485 0.038360
0 0.353237 0.531085 0.324777 0.133598
2 0.574777 0.851521 0.040179 0.068122
1 0.578311 0.840608 0.023438 0.080688
2 0.571057 0.813161 0.037202 0.062831
1 0.575149 0.797950 0.025298 0.069444
9 0.609561 0.772487 0.030134 0.059524
0 0.682106 0.700066 0.016741 0.065476
0 0.739025 0.803241 0.018229 0.070767
0 0.525670 0.827381 0.027530 0.076720
0 0.658668 0.594246 0.012277 0.053571
0 0.669271 0.594246 0.011905 0.057540
6 0.681920 0.845238 0.049107 0.054233
2 0.731585 0.857474 0.029390 0.066799
9 0.752790 0.873016 0.026414 0.097884
0 0.693638 0.678571 0.015253 0.062169
0 0.825893 0.742394 0.016369 0.066799
1 0.849144 0.735780 0.021205 0.046958
1 0.835007 0.722553 0.018973 0.040344
9 0.781808 0.891534 0.044271 0.096561
2 0.591704 0.720569 0.034598 0.052249
1 0.593006 0.704696 0.021577 0.052249
0 0.836124 0.775132 0.023438 0.071429
0 0.933966 0.926918 0.026414 0.085317
0 0.946429 0.891204 0.028274 0.087963
0 0.670759 0.558201 0.011905 0.056878
0 0.662574 0.557540 0.011905 0.051587
0 0.195126 0.341270 0.390253 0.089947
0 0.751674 0.625992 0.015253 0.056217
0 0.731957 0.688161 0.017485 0.061508
0 0.753906 0.761243 0.014509 0.066138
0 0.761719 0.758598 0.011533 0.074074
0 0.811198 0.973876 0.020461 0.050926
0 0.592820 0.551257 0.011533 0.049603
0 0.646391 0.557870 0.011533 0.045635
0 0.643415 0.545966 0.011533 0.045635
0 0.744234 0.603505 0.014509 0.058862
2 0.486049 0.861442 0.044271 0.053571
2 0.633743 0.805225 0.025670 0.049603
2 0.650484 0.816468 0.028646 0.042989
