3 0.382999 0.657738 0.040551 0.068122
3 0.435826 0.655423 0.042039 0.063492
3 0.479167 0.645172 0.042411 0.062831
3 0.524182 0.643188 0.043899 0.065476
3 0.558594 0.620701 0.047247 0.057540
3 0.409226 0.735780 0.049107 0.090608
3 0.463542 0.723214 0.049851 0.083995
3 0.512649 0.720569 0.053571 0.078704
5 0.579613 0.735780 0.067708 0.106481
4 0.612165 0.695106 0.059152 0.075397
3 0.441778 0.875331 0.059896 0.114418
3 0.502232 0.839286 0.054315 0.087302
3 0.558036 0.826720 0.058780 0.089947
3 0.625744 0.841601 0.069196 0.098545
3 0.674107 0.812500 0.073661 0.094577
3 0.545573 0.952381 0.071801 0.091270
3 0.604539 0.927579 0.077381 0.115741
3 0.730469 0.919643 0.083705 0.111772
3 0.722098 0.974868 0.090774 0.047619
3 0.498140 0.533069 0.031250 0.038360
3 0.857515 0.527116 0.054315 0.044974
3 0.779576 0.518188 0.064360 0.042989
3 0.840588 0.484788 0.050967 0.044974
3 0.555432 0.461310 0.047619 0.037698
3 0.652902 0.467262 0.050595 0.036376
3 0.707031 0.462632 0.049479 0.032407
0 0.030134 0.917659 0.022321 0.078704
3 0.608445 0.450728 0.045015 0.035053
3 0.453683 0.448413 0.047991 0.030423
3 0.472842 0.436839 0.046131 0.032407
3 0.505766 0.431878 0.042039 0.027778
3 0.465588 0.418320 0.041295 0.031085
3 0.509487 0.409392 0.047247 0.027778
3 0.396949 0.429894 0.043155 0.033069
4 0.361049 0.432870 0.049479 0.041667
3 0.284040 0.427579 0.043527 0.032407
3 0.322545 0.421296 0.037202 0.030423
3 0.684338 0.427249 0.045015 0.038360
3 0.212240 0.399140 0.040551 0.032407
3 0.279576 0.400794 0.029390 0.027778
0 0.277344 0.268188 0.299479 0.237434
0 0.009487 0.528770 0.018973 0.216270
0 0.635603 0.562169 0.216890 0.191799
0 0.087984 0.317791 0.079241 0.154101
0 0.084077 0.667659 0.011905 0.049603
10 0.080915 0.642526 0.016741 0.049603
0 0.035156 0.607143 0.014509 0.044974
0 0.082031 0.599537 0.010789 0.048280
0 0.100632 0.609127 0.013765 0.042328
0 0.088356 0.609127 0.014509 0.041005
0 0.127790 0.569775 0.013765 0.046958
0 0.129464 0.602183 0.010417 0.036376
0 0.129464 0.589616 0.012649 0.039021
0 0.172061 0.610119 0.015253 0.044312
0 0.187128 0.562500 0.011161 0.039021
0 0.201823 0.599868 0.011533 0.039683
0 0.228237 0.596892 0.013021 0.042989
0 0.230097 0.583333 0.015997 0.047619
2 0.245350 0.555556 0.025670 0.023810
1 0.242188 0.540675 0.011905 0.032407
0 0.377418 0.572751 0.266741 0.092593
0 0.354725 0.477183 0.344122 0.098545
0 0.921503 0.767857 0.153274 0.460317
0 0.594122 0.359127 0.170387 0.087302
0 0.792969 0.665344 0.101562 0.277778
