3 0.197359 0.931548 0.070312 0.131614
3 0.287760 0.909722 0.070312 0.128968
3 0.356213 0.868386 0.071801 0.113757
3 0.423921 0.845569 0.071801 0.109127
3 0.468564 0.784061 0.071801 0.099868
4 0.569754 0.929233 0.099330 0.136243
3 0.364955 0.607474 0.033482 0.061508
3 0.808036 0.554563 0.069940 0.052249
3 0.718378 0.555556 0.078869 0.059524
3 0.027530 0.467262 0.055060 0.041667
3 0.253162 0.407738 0.046503 0.032407
3 0.813802 0.478836 0.059896 0.043651
4 0.715216 0.490741 0.070312 0.059524
3 0.488095 0.502315 0.061012 0.045635
3 0.540365 0.482143 0.058408 0.044974
3 0.124256 0.462963 0.058780 0.035714
3 0.237351 0.461640 0.057292 0.038360
3 0.346168 0.499339 0.056176 0.043651
3 0.026972 0.448743 0.053943 0.037698
3 0.265625 0.427910 0.046131 0.038360
3 0.372396 0.477183 0.057292 0.041667
3 0.204613 0.495040 0.063988 0.042989
3 0.208519 0.477844 0.058408 0.036376
3 0.176339 0.448413 0.051339 0.039683
3 0.347098 0.436177 0.049107 0.040344
3 0.086310 0.509921 0.074405 0.043651
3 0.082031 0.481812 0.058408 0.040344
3 0.205729 0.390873 0.024554 0.034392
8 0.313430 0.431878 0.123884 0.076720
3 0.554874 0.430886 0.056920 0.037698
3 0.643415 0.431548 0.050223 0.035053
8 0.591890 0.445437 0.130208 0.090608
3 0.009115 0.509259 0.018229 0.038360
3 0.446987 0.447090 0.047991 0.038360
3 0.454427 0.431878 0.046503 0.038360
3 0.705729 0.433532 0.054315 0.040344
3 0.777344 0.425265 0.059152 0.039683
3 0.768787 0.454034 0.059896 0.041667
3 0.843936 0.408730 0.059152 0.034392
3 0.862537 0.428241 0.053199 0.035053
3 0.899182 0.407407 0.045387 0.038360
0 0.119606 0.270172 0.239211 0.248016
0 0.578683 0.630291 0.391741 0.255291
2 0.287016 0.668651 0.028646 0.030423
1 0.281994 0.655093 0.014881 0.050926
0 0.191034 0.700397 0.382068 0.170635
0 0.311756 0.547950 0.140625 0.091931
2 0.202939 0.561177 0.026414 0.027116
1 0.198661 0.540344 0.015625 0.033069
2 0.143229 0.541667 0.025298 0.029101
1 0.140997 0.526786 0.013393 0.029762
0 0.192150 0.583333 0.014509 0.039683
2 0.729725 0.740079 0.023438 0.054233
1 0.734189 0.728505 0.014509 0.057540
9 0.785342 0.860780 0.030506 0.058862
0 0.840216 0.810516 0.017485 0.077381
0 0.868490 0.855159 0.024182 0.071429
0 0.842262 0.917989 0.021577 0.070106
0 0.914993 0.833664 0.018973 0.076058
0 0.927455 0.824405 0.022321 0.078704
2 0.702009 0.840608 0.027530 0.055556
1 0.703125 0.824074 0.019345 0.064815
0 0.862723 0.644180 0.014881 0.052910
0 0.849702 0.642857 0.011905 0.056878
0 0.427641 0.365410 0.300967 0.087963
0 0.939174 0.822090 0.019717 0.067460
0 0.842448 0.710648 0.014509 0.061508
0 0.853237 0.706019 0.014509 0.064153
0 0.801153 0.590939 0.016741 0.049603
0 0.918713 0.679563 0.015997 0.068122
2 0.651228 0.930556 0.044271 0.055556
2 0.808966 0.906415 0.033854 0.061508
2 0.830915 0.924934 0.033854 0.056217
