3 0.396577 0.859458 0.053571 0.113095
3 0.472842 0.857143 0.056548 0.109788
3 0.534226 0.836640 0.061756 0.103175
3 0.595982 0.834656 0.063244 0.097884
3 0.643043 0.791336 0.067336 0.091931
3 0.426711 0.965939 0.066964 0.068122
3 0.508743 0.958333 0.068824 0.080688
3 0.581287 0.957341 0.077009 0.082672
5 0.680060 0.969577 0.095982 0.059524
4 0.729725 0.935516 0.091146 0.115741
3 0.555432 0.620370 0.034226 0.054233
3 0.919829 0.622685 0.071801 0.048280
3 0.957961 0.572090 0.066964 0.048942
3 0.783482 0.548942 0.066964 0.043651
3 0.803571 0.532077 0.066964 0.044312
3 0.445126 0.465939 0.050223 0.032407
3 0.358817 0.446098 0.047247 0.036376
3 0.527344 0.446098 0.046503 0.032407
3 0.626674 0.508267 0.056920 0.037698
4 0.583333 0.511905 0.062500 0.052910
3 0.456473 0.498016 0.054315 0.039683
3 0.476749 0.487434 0.053199 0.038360
3 0.533482 0.477844 0.051339 0.037698
3 0.635975 0.492725 0.053943 0.033069
3 0.352679 0.485780 0.051339 0.044312
3 0.446801 0.453042 0.047619 0.038360
3 0.582775 0.455357 0.046503 0.037698
3 0.357515 0.468254 0.050595 0.041005
3 0.192708 0.435847 0.052827 0.038360
3 0.216332 0.427910 0.039807 0.033069
3 0.254092 0.468585 0.054315 0.042989
3 0.278832 0.455357 0.050223 0.035053
3 0.587612 0.472884 0.047991 0.035714
3 0.646949 0.464286 0.049107 0.039683
3 0.150856 0.466270 0.059896 0.043651
3 0.288690 0.442460 0.044643 0.035714
3 0.439918 0.424272 0.032366 0.031085
8 0.718006 0.470569 0.120536 0.077381
3 0.812128 0.483466 0.054315 0.038360
3 0.899368 0.487103 0.050223 0.035053
8 0.934896 0.508598 0.127232 0.091270
3 0.702195 0.463624 0.038318 0.035714
3 0.056176 0.419643 0.043899 0.032407
3 0.138765 0.424934 0.034226 0.031085
0 0.226004 0.287698 0.390253 0.248677
0 0.701823 0.661045 0.216890 0.221561
0 0.013951 0.336640 0.027902 0.154762
0 0.197731 0.663360 0.013021 0.052910
0 0.021763 0.729167 0.013021 0.049603
0 0.038876 0.715939 0.017485 0.052249
0 0.229167 0.658730 0.009673 0.047619
0 0.062686 0.743056 0.015997 0.054894
0 0.038318 0.732804 0.013393 0.048942
0 0.104911 0.732143 0.021577 0.055556
0 0.080543 0.703042 0.018229 0.059524
2 0.360305 0.645833 0.028646 0.029762
1 0.358631 0.633267 0.015625 0.041667
0 0.350260 0.698743 0.449033 0.140873
0 0.468378 0.542328 0.343750 0.097884
2 0.238281 0.531085 0.019717 0.022487
1 0.237165 0.519511 0.015253 0.032407
2 0.205171 0.510251 0.022693 0.021825
1 0.202381 0.499669 0.010417 0.028439
0 0.899740 0.788360 0.192336 0.423280
0 0.599144 0.383267 0.229539 0.087963
