3 0.040737 0.938161 0.070312 0.121032
3 0.138393 0.907407 0.081101 0.133598
3 0.212612 0.850860 0.079985 0.117063
3 0.285714 0.817791 0.076637 0.107804
3 0.331101 0.748347 0.075149 0.095899
3 0.285714 0.957672 0.102679 0.082011
5 0.399554 0.945106 0.125000 0.108466
4 0.435268 0.875000 0.102679 0.129630
3 0.211682 0.587963 0.039435 0.060847
3 0.653832 0.490410 0.064360 0.050926
3 0.569568 0.502976 0.078125 0.058862
3 0.034040 0.387566 0.049479 0.035714
3 0.637463 0.436508 0.061384 0.044974
3 0.718750 0.415344 0.060268 0.043651
3 0.475260 0.456349 0.059152 0.043651
3 0.544457 0.433201 0.056920 0.043651
3 0.322545 0.469246 0.063988 0.042989
3 0.321615 0.451389 0.061384 0.040344
3 0.109561 0.415675 0.056920 0.045635
3 0.161830 0.494048 0.075893 0.050265
3 0.117560 0.473876 0.066964 0.052249
3 0.010789 0.365410 0.021577 0.035053
3 0.330357 0.401786 0.057292 0.037698
3 0.403832 0.399471 0.053199 0.034392
8 0.300037 0.417989 0.132812 0.091270
3 0.026042 0.501653 0.052083 0.045635
3 0.088914 0.438492 0.055060 0.038360
3 0.209821 0.413690 0.052083 0.044312
3 0.473028 0.394841 0.046503 0.039683
3 0.570126 0.384921 0.052455 0.039683
3 0.473400 0.419974 0.050223 0.038360
3 0.678943 0.355820 0.052083 0.034392
3 0.652716 0.378968 0.047247 0.034392
3 0.727679 0.350860 0.045387 0.032407
3 0.710938 0.372354 0.046131 0.037037
0 0.027530 0.250331 0.055060 0.248016
0 0.385603 0.612434 0.364955 0.255291
0 0.057664 0.660714 0.021577 0.060847
0 0.095982 0.669312 0.106399 0.119048
0 0.177455 0.535714 0.054315 0.097884
0 0.121280 0.563823 0.013393 0.040344
2 0.611607 0.870701 0.037202 0.069444
0 0.610863 0.853836 0.022321 0.064815
9 0.624442 0.851852 0.043527 0.066138
1 0.623326 0.840278 0.022693 0.073413
9 0.637649 0.774140 0.030506 0.058862
0 0.705543 0.703373 0.015253 0.060185
0 0.710751 0.755291 0.018229 0.068783
0 0.665737 0.844907 0.021205 0.069444
0 0.713542 0.668981 0.015625 0.068122
0 0.722284 0.653439 0.016741 0.066138
6 0.706101 0.849206 0.049107 0.054233
2 0.753906 0.867394 0.029390 0.066799
9 0.775112 0.877646 0.026414 0.097884
0 0.801897 0.769841 0.029390 0.075397
0 0.848772 0.750992 0.027158 0.066799
1 0.872582 0.747024 0.021205 0.046958
1 0.858631 0.733796 0.019345 0.040344
9 0.807478 0.900463 0.047247 0.095899
2 0.829613 0.819114 0.046131 0.066799
1 0.828683 0.806217 0.030134 0.071429
0 0.922433 0.737765 0.023438 0.072090
0 0.699777 0.568122 0.011905 0.056878
0 0.691778 0.566468 0.011533 0.050926
0 0.315104 0.342262 0.321429 0.087963
0 0.700707 0.627315 0.016741 0.056217
0 0.772879 0.704034 0.014509 0.061508
0 0.707775 0.687500 0.014509 0.061508
0 0.715960 0.683532 0.014509 0.064153
0 0.836868 0.966270 0.020461 0.066138
0 0.708147 0.507606 0.012277 0.049603
0 0.598028 0.533399 0.011533 0.049603
0 0.761719 0.602844 0.015997 0.068122
2 0.513579 0.856812 0.044271 0.053571
2 0.663876 0.810516 0.026414 0.050926
2 0.680060 0.821759 0.029018 0.042989
