3 0.218936 0.930886 0.068824 0.132937
3 0.308222 0.911045 0.068824 0.128968
3 0.376116 0.870370 0.070685 0.113757
3 0.443266 0.848876 0.071801 0.109127
3 0.488281 0.788029 0.071801 0.099868
4 0.590960 0.933532 0.100818 0.128968
3 0.385045 0.606812 0.033482 0.061508
3 0.832217 0.563823 0.069940 0.052249
3 0.741815 0.562169 0.081845 0.059524
3 0.066592 0.465939 0.058036 0.041667
3 0.278460 0.409722 0.046503 0.032407
3 0.799107 0.486772 0.060268 0.043651
4 0.701823 0.495370 0.070312 0.059524
3 0.483631 0.502315 0.061012 0.045635
3 0.531064 0.484788 0.058408 0.044974
3 0.167411 0.462302 0.055060 0.037037
3 0.280506 0.463955 0.057292 0.037698
3 0.345424 0.501323 0.056176 0.043651
3 0.067708 0.446098 0.059524 0.037698
3 0.299479 0.429894 0.046131 0.038360
3 0.366071 0.479167 0.057292 0.041667
3 0.209449 0.494378 0.062500 0.042989
3 0.216146 0.477183 0.058036 0.036376
3 0.216890 0.449405 0.048363 0.036376
3 0.384301 0.436839 0.049107 0.040344
3 0.088914 0.509259 0.072173 0.043651
3 0.088728 0.479828 0.058408 0.040344
3 0.229911 0.393519 0.024554 0.034392
8 0.356213 0.434524 0.123884 0.076720
3 0.583891 0.436839 0.056920 0.037698
3 0.673921 0.436839 0.050223 0.035053
8 0.628162 0.448413 0.135789 0.091270
3 0.011719 0.505952 0.023438 0.038360
3 0.490141 0.449735 0.047991 0.038360
3 0.486049 0.435185 0.046503 0.038360
3 0.734375 0.438161 0.054315 0.040344
3 0.802641 0.435185 0.059152 0.039683
3 0.807292 0.461310 0.060268 0.042989
3 0.871652 0.415013 0.060268 0.035053
3 0.892299 0.438161 0.053199 0.035053
3 0.932106 0.413360 0.059896 0.038360
0 0.177641 0.267196 0.193080 0.247354
0 0.605097 0.631614 0.391741 0.255291
2 0.293713 0.669974 0.028646 0.030423
1 0.291295 0.657738 0.014881 0.050926
0 0.205171 0.727513 0.410342 0.170635
0 0.335565 0.542328 0.144345 0.083333
2 0.205915 0.559854 0.026414 0.027116
1 0.201637 0.540013 0.015625 0.032407
2 0.148438 0.541667 0.023810 0.025132
1 0.145461 0.526786 0.013393 0.029762
0 0.204799 0.580026 0.014509 0.039683
2 0.759487 0.757937 0.023438 0.054233
1 0.763207 0.745701 0.014509 0.057540
9 0.806548 0.874669 0.030506 0.058862
0 0.867374 0.826058 0.017485 0.076720
0 0.894531 0.870370 0.024182 0.071429
0 0.873512 0.932540 0.021577 0.070106
2 0.737723 0.869378 0.031250 0.061508
1 0.738839 0.852513 0.021577 0.066138
0 0.451823 0.365410 0.300967 0.087963
0 0.866629 0.715278 0.014509 0.061508
0 0.876302 0.714616 0.014509 0.064153
0 0.942150 0.687500 0.015997 0.068122
2 0.671317 0.940146 0.044271 0.060185
2 0.833519 0.922288 0.033854 0.061508
2 0.854353 0.940807 0.033854 0.056217
