3 0.398251 0.841601 0.052455 0.109127
3 0.471912 0.839286 0.054688 0.105820
3 0.531622 0.820106 0.059524 0.097884
3 0.592262 0.818122 0.061756 0.093915
3 0.637835 0.777447 0.065104 0.089286
3 0.430060 0.956019 0.066964 0.087963
3 0.510417 0.947751 0.069196 0.101852
3 0.581287 0.945437 0.077009 0.106481
5 0.673735 0.958333 0.095982 0.082011
4 0.723772 0.919643 0.091146 0.122354
3 0.552455 0.612434 0.032738 0.054233
3 0.911272 0.614749 0.071801 0.048280
3 0.923921 0.561177 0.070312 0.048280
3 0.989397 0.546958 0.020461 0.048942
3 0.754836 0.540344 0.063988 0.043651
3 0.771949 0.523810 0.066220 0.043651
3 0.453683 0.463294 0.050223 0.037698
3 0.369606 0.442130 0.047247 0.036376
3 0.528832 0.443452 0.046503 0.032407
3 0.604725 0.500992 0.056920 0.037698
4 0.564732 0.503968 0.061012 0.050265
3 0.445126 0.492394 0.053943 0.039021
3 0.417969 0.474206 0.053199 0.038360
3 0.543341 0.475860 0.050967 0.037698
3 0.642671 0.488095 0.053943 0.033069
3 0.341518 0.481151 0.050595 0.042989
3 0.459821 0.452050 0.046131 0.039021
3 0.585379 0.451389 0.046503 0.037698
3 0.347842 0.462632 0.049851 0.037698
3 0.204799 0.433862 0.050967 0.038360
3 0.230469 0.425926 0.039062 0.033069
3 0.246838 0.463955 0.053943 0.042989
3 0.268415 0.452712 0.050223 0.035053
3 0.596540 0.469246 0.046503 0.033730
3 0.647693 0.461640 0.049107 0.039683
3 0.302269 0.442130 0.043527 0.036376
3 0.442894 0.422950 0.032366 0.031085
8 0.722842 0.468585 0.120536 0.077381
3 0.810826 0.481151 0.051711 0.039021
3 0.893043 0.485119 0.050223 0.035053
8 0.936570 0.504630 0.126116 0.091270
3 0.703683 0.459987 0.038318 0.035053
3 0.070871 0.418651 0.043527 0.033069
3 0.152902 0.422950 0.034226 0.031085
0 0.231027 0.285714 0.388393 0.248677
0 0.697731 0.653770 0.216890 0.221561
0 0.016927 0.336640 0.033854 0.154762
10 0.008743 0.781746 0.015253 0.062169
0 0.195871 0.654101 0.013021 0.052910
0 0.035900 0.718254 0.013021 0.050265
0 0.051153 0.704696 0.017485 0.052249
0 0.024368 0.747024 0.019717 0.056217
0 0.229167 0.650132 0.009673 0.047619
0 0.080543 0.730489 0.015997 0.054894
0 0.119606 0.718585 0.018229 0.054894
0 0.097284 0.693122 0.018229 0.059524
2 0.354725 0.637897 0.028646 0.029762
1 0.353423 0.625661 0.015625 0.039683
0 0.361235 0.688161 0.439732 0.136905
0 0.459449 0.537037 0.343750 0.097884
2 0.230841 0.525132 0.019717 0.022487
1 0.228981 0.515542 0.015253 0.032407
2 0.199591 0.504960 0.022693 0.021825
1 0.197173 0.496362 0.010417 0.027116
0 0.902344 0.783069 0.192336 0.433862
0 0.598958 0.381944 0.224702 0.087963
