3 0.393415 0.783730 0.048735 0.093915
3 0.460193 0.781085 0.052083 0.091270
3 0.513765 0.764881 0.053571 0.085317
3 0.569382 0.762897 0.056176 0.080026
3 0.610863 0.727513 0.057292 0.076720
3 0.423363 0.904431 0.063244 0.127646
3 0.493304 0.889220 0.063988 0.125000
3 0.556920 0.883929 0.070685 0.119709
5 0.643601 0.905754 0.091518 0.138228
4 0.684524 0.847884 0.081101 0.108466
3 0.534226 0.588624 0.030506 0.054233
3 0.965216 0.603836 0.067336 0.055556
3 0.866257 0.588294 0.077753 0.048280
3 0.785342 0.527447 0.058036 0.048280
3 0.949405 0.544974 0.066220 0.044974
3 0.863467 0.517857 0.060268 0.042328
3 0.643229 0.508598 0.058036 0.039683
3 0.657924 0.492063 0.060640 0.038360
3 0.476004 0.457341 0.050223 0.032407
3 0.396949 0.435516 0.044643 0.029762
3 0.522135 0.437169 0.047247 0.027778
3 0.525484 0.479167 0.051711 0.037698
4 0.493304 0.483796 0.057292 0.050926
3 0.393043 0.471892 0.050967 0.036376
3 0.412574 0.464616 0.053571 0.036376
3 0.553757 0.466601 0.046503 0.037698
3 0.642485 0.477844 0.050595 0.032407
3 0.297433 0.464286 0.047991 0.039683
3 0.494048 0.445437 0.043155 0.031085
3 0.577567 0.442460 0.042039 0.033069
3 0.303199 0.451389 0.045387 0.036376
3 0.236607 0.432540 0.045387 0.038360
3 0.266927 0.423942 0.038318 0.033069
3 0.608631 0.461640 0.046131 0.033069
3 0.635975 0.444775 0.046503 0.035053
3 0.332217 0.438161 0.043155 0.036376
3 0.435826 0.422950 0.032366 0.031085
8 0.736421 0.459656 0.120908 0.078042
3 0.798177 0.467593 0.045015 0.039683
3 0.861235 0.475860 0.049851 0.035053
8 0.934338 0.493056 0.130580 0.090608
3 0.704799 0.457341 0.038318 0.035053
3 0.111793 0.416667 0.043527 0.033069
3 0.191406 0.420304 0.033110 0.028439
0 0.248326 0.279101 0.376860 0.248677
0 0.679501 0.627315 0.216890 0.221561
0 0.030320 0.334656 0.060640 0.154762
0 0.024740 0.780093 0.013021 0.053571
10 0.028088 0.738095 0.021949 0.060847
0 0.013765 0.691468 0.019345 0.049603
0 0.170573 0.631283 0.013765 0.049603
0 0.058966 0.687500 0.013021 0.044312
0 0.072731 0.672950 0.013021 0.046958
0 0.071615 0.703704 0.015997 0.047619
0 0.213356 0.625331 0.015997 0.044312
0 0.118862 0.691799 0.015997 0.050265
0 0.152716 0.684854 0.020461 0.050926
0 0.136719 0.661706 0.015253 0.052249
2 0.319382 0.616733 0.025670 0.024471
1 0.316778 0.602844 0.011533 0.040344
0 0.371652 0.649140 0.392857 0.118386
0 0.428199 0.515212 0.343750 0.097884
2 0.190104 0.505622 0.019345 0.021825
1 0.188616 0.495040 0.015625 0.032407
2 0.158668 0.489087 0.021949 0.023148
1 0.157180 0.480159 0.010789 0.026455
0 0.892671 0.763558 0.213914 0.453042
0 0.598400 0.377976 0.205729 0.087963
