3 0.179501 0.932540 0.071801 0.130952
3 0.270833 0.908730 0.071429 0.128307
3 0.339658 0.866733 0.072917 0.114418
3 0.407924 0.842923 0.071801 0.109127
3 0.452195 0.780093 0.071801 0.099868
4 0.552827 0.924272 0.098958 0.138228
3 0.348214 0.607804 0.033482 0.060847
3 0.791667 0.547950 0.069940 0.052249
3 0.700893 0.550926 0.078869 0.059524
3 0.230469 0.405754 0.046503 0.032407
3 0.825707 0.471561 0.059896 0.043651
4 0.726004 0.485450 0.070312 0.059524
3 0.492560 0.499669 0.061012 0.045635
3 0.549293 0.478836 0.058408 0.044974
3 0.086124 0.461310 0.062128 0.035053
3 0.201265 0.460979 0.057292 0.038360
3 0.349888 0.496693 0.056176 0.043651
3 0.237723 0.425926 0.046131 0.038360
3 0.377604 0.475860 0.057292 0.041667
3 0.206287 0.494378 0.064360 0.042989
3 0.211682 0.476190 0.058780 0.037037
3 0.140997 0.448413 0.051339 0.039683
3 0.322545 0.430225 0.049107 0.040344
3 0.084263 0.510251 0.076265 0.042989
3 0.076451 0.483796 0.058408 0.040344
3 0.184896 0.389550 0.024554 0.034392
8 0.277716 0.429233 0.123884 0.076720
3 0.527716 0.428571 0.056920 0.038360
3 0.619978 0.426257 0.050223 0.035053
8 0.562314 0.440807 0.126860 0.090608
3 0.006324 0.509921 0.012649 0.038360
3 0.411644 0.445106 0.047991 0.038360
3 0.429129 0.429233 0.046503 0.038360
3 0.684896 0.426918 0.054315 0.040344
3 0.752232 0.422619 0.055060 0.039683
3 0.741257 0.450066 0.059896 0.041667
3 0.819940 0.406085 0.052083 0.034392
3 0.836496 0.422950 0.053199 0.035053
3 0.878348 0.398810 0.045387 0.038360
0 0.114025 0.270833 0.228051 0.248016
0 0.556734 0.628968 0.391741 0.255291
0 0.088914 0.698413 0.019345 0.060847
0 0.057664 0.708333 0.019345 0.054233
2 0.279948 0.666005 0.028646 0.030423
1 0.275670 0.651786 0.014881 0.050926
0 0.179315 0.697090 0.358631 0.170635
0 0.294643 0.551587 0.134673 0.097884
2 0.199219 0.558862 0.026414 0.027778
1 0.195871 0.540344 0.015253 0.033069
2 0.138951 0.541997 0.025670 0.029762
1 0.136533 0.526786 0.013393 0.029762
0 0.181362 0.580026 0.014509 0.039683
2 0.705915 0.726852 0.023438 0.054233
1 0.709263 0.715278 0.014509 0.057540
9 0.767113 0.848214 0.030506 0.058862
0 0.821615 0.799272 0.017485 0.077381
0 0.849888 0.842593 0.024182 0.071429
0 0.819940 0.908730 0.021577 0.070106
0 0.888393 0.817130 0.016369 0.077381
0 0.901972 0.803241 0.022693 0.078704
2 0.673921 0.816799 0.026414 0.054233
1 0.675967 0.800926 0.018601 0.064815
0 0.840774 0.635913 0.014881 0.056217
0 0.830729 0.632937 0.011905 0.056878
0 0.409412 0.365410 0.300967 0.087963
0 0.916853 0.807209 0.019717 0.068122
0 0.824591 0.704034 0.014509 0.061508
0 0.833891 0.702050 0.014509 0.064153
0 0.789249 0.579696 0.016741 0.049603
0 0.899740 0.672288 0.015997 0.068122
2 0.634859 0.922288 0.044271 0.053571
2 0.789621 0.893188 0.033854 0.061508
2 0.811198 0.910384 0.033854 0.056217
