3 0.145461 0.933862 0.074405 0.129630
3 0.238467 0.907077 0.074405 0.130291
3 0.308594 0.862103 0.075521 0.114418
3 0.378348 0.836971 0.072917 0.109127
3 0.422061 0.772156 0.071801 0.098545
5 0.480655 0.961971 0.110863 0.073413
4 0.522135 0.911045 0.098586 0.136905
3 0.311012 0.601521 0.033482 0.061508
3 0.752604 0.534061 0.069940 0.052249
3 0.664062 0.538360 0.078869 0.059524
3 0.186198 0.406085 0.046503 0.033069
4 0.753534 0.468915 0.070312 0.059524
3 0.511161 0.486772 0.061012 0.044974
3 0.572173 0.468254 0.058036 0.044974
3 0.121838 0.464286 0.062872 0.038360
3 0.364025 0.492725 0.056176 0.043651
3 0.209821 0.419974 0.046131 0.038360
3 0.407738 0.469577 0.057292 0.042328
3 0.210379 0.493056 0.064360 0.042989
3 0.218750 0.472884 0.060268 0.039683
3 0.064732 0.452050 0.060268 0.040344
3 0.267857 0.426257 0.049107 0.040344
3 0.084635 0.511243 0.076265 0.048942
3 0.070499 0.484458 0.062128 0.040344
3 0.140997 0.384259 0.024554 0.034392
8 0.203497 0.429894 0.132440 0.075397
3 0.485305 0.424272 0.056920 0.037698
3 0.565662 0.418320 0.050223 0.035053
8 0.499814 0.434524 0.126860 0.091270
3 0.334635 0.441799 0.047991 0.038360
3 0.375186 0.423942 0.047247 0.038360
3 0.632812 0.418320 0.054315 0.040344
3 0.708519 0.408730 0.059152 0.039683
3 0.678757 0.439815 0.059896 0.038360
3 0.782738 0.390873 0.052083 0.034392
3 0.788876 0.411706 0.053199 0.035053
3 0.837984 0.385582 0.045015 0.038360
0 0.101376 0.270172 0.202753 0.248016
0 0.519159 0.624669 0.390253 0.255952
0 0.074033 0.689815 0.019345 0.060847
0 0.031622 0.710979 0.019345 0.054233
2 0.263951 0.658069 0.028646 0.030423
1 0.262091 0.641204 0.015253 0.050926
0 0.159412 0.699735 0.318824 0.170635
0 0.272321 0.549603 0.107887 0.097884
2 0.194010 0.552249 0.026414 0.027778
1 0.191406 0.536045 0.015253 0.032407
2 0.133743 0.539352 0.025670 0.029762
1 0.130580 0.532077 0.012649 0.040344
0 0.158296 0.580688 0.014509 0.039683
2 0.659784 0.700397 0.023438 0.054233
1 0.661272 0.687500 0.014509 0.057540
9 0.728051 0.825066 0.030506 0.058862
0 0.779576 0.778108 0.017485 0.077381
0 0.805990 0.819444 0.018229 0.070106
0 0.771949 0.885582 0.021577 0.070106
0 0.832589 0.772156 0.015625 0.068122
0 0.847284 0.766204 0.017485 0.078704
6 0.805804 0.916667 0.049107 0.054233
2 0.850260 0.941138 0.029390 0.066138
2 0.616629 0.773810 0.026414 0.054233
1 0.619048 0.761574 0.018601 0.064153
0 0.801339 0.615410 0.014881 0.057540
0 0.789435 0.612434 0.011905 0.056878
0 0.362165 0.354828 0.300967 0.087963
0 0.723772 0.642857 0.012277 0.052910
0 0.874070 0.778770 0.019717 0.068122
0 0.787388 0.694775 0.014509 0.061508
0 0.794085 0.692130 0.014509 0.064153
0 0.765067 0.563823 0.016741 0.049603
0 0.864397 0.655754 0.015997 0.068122
2 0.602121 0.904431 0.044271 0.053571
2 0.754836 0.870701 0.030506 0.057540
2 0.773251 0.884590 0.031622 0.048280
