3 0.050967 0.936839 0.078125 0.123677
3 0.151972 0.906746 0.080729 0.133598
3 0.224888 0.850529 0.079241 0.115079
3 0.297433 0.819444 0.075521 0.108466
3 0.342262 0.751653 0.075149 0.095899
3 0.297805 0.958003 0.100074 0.081349
5 0.411644 0.946098 0.124628 0.106481
4 0.447545 0.877976 0.102679 0.130291
3 0.226190 0.590278 0.039435 0.061508
3 0.666853 0.499008 0.064360 0.050926
3 0.580171 0.502976 0.077753 0.058862
3 0.059524 0.390212 0.046131 0.033069
3 0.613839 0.441799 0.061012 0.044974
3 0.693080 0.422619 0.060268 0.043651
3 0.451451 0.462302 0.059152 0.043651
3 0.524368 0.439153 0.056920 0.043651
3 0.292411 0.474537 0.063988 0.042989
3 0.290365 0.458003 0.061384 0.040344
3 0.131882 0.417659 0.056920 0.045635
3 0.142113 0.497354 0.075893 0.050265
3 0.104911 0.477183 0.066964 0.052249
3 0.027716 0.366071 0.029390 0.035053
3 0.350446 0.404431 0.057292 0.037698
3 0.428385 0.401455 0.053199 0.034392
8 0.328497 0.419312 0.130952 0.091270
3 0.020647 0.504299 0.041295 0.042989
3 0.126488 0.437831 0.055060 0.038360
3 0.236235 0.414021 0.052083 0.039683
3 0.495908 0.395503 0.046131 0.039683
3 0.592076 0.390212 0.050223 0.039683
3 0.503906 0.420304 0.049479 0.037698
3 0.691592 0.357804 0.052083 0.034392
3 0.670573 0.380952 0.047247 0.034392
3 0.743118 0.353836 0.045015 0.033069
0 0.035156 0.251653 0.070312 0.248016
0 0.401228 0.612765 0.359747 0.254630
0 0.057664 0.660714 0.021577 0.060847
0 0.121838 0.667328 0.089658 0.101852
0 0.188244 0.535714 0.069196 0.097884
0 0.125744 0.565476 0.013393 0.039683
2 0.648251 0.904762 0.041295 0.070106
0 0.648438 0.887897 0.023810 0.072090
9 0.667783 0.888558 0.045387 0.069444
1 0.669829 0.876653 0.022693 0.073413
9 0.650298 0.780754 0.030506 0.058862
0 0.712054 0.728505 0.017113 0.074735
0 0.723772 0.760582 0.018229 0.070106
0 0.683966 0.848214 0.021205 0.069444
0 0.730655 0.682870 0.015625 0.068122
0 0.741257 0.669643 0.016741 0.070767
6 0.721726 0.858466 0.049107 0.054233
2 0.769159 0.872024 0.029390 0.066799
9 0.790365 0.890873 0.026414 0.097884
0 0.830915 0.785053 0.029390 0.075397
0 0.863281 0.760251 0.027158 0.066799
1 0.889323 0.756283 0.021205 0.046958
1 0.876860 0.745040 0.019345 0.040344
9 0.825707 0.909722 0.047247 0.095899
2 0.872396 0.844907 0.046131 0.066799
1 0.875558 0.830688 0.030134 0.071429
0 0.945871 0.745040 0.023438 0.072090
0 0.711682 0.572090 0.011905 0.056878
0 0.703683 0.570767 0.011533 0.052910
0 0.301153 0.343915 0.344122 0.087302
0 0.703869 0.628638 0.014881 0.056217
0 0.784784 0.711310 0.014509 0.061508
0 0.715588 0.686839 0.014509 0.061508
0 0.723400 0.682870 0.014509 0.064153
0 0.717820 0.515542 0.012277 0.049603
0 0.611793 0.536045 0.011533 0.049603
0 0.775856 0.608135 0.015997 0.068122
2 0.526972 0.863426 0.044271 0.053571
2 0.676153 0.818452 0.027158 0.052249
2 0.691592 0.829696 0.029762 0.042989
