3 0.265067 0.930886 0.066592 0.134259
3 0.352121 0.915344 0.067336 0.129630
3 0.418341 0.875661 0.071057 0.116402
3 0.487165 0.860780 0.071801 0.109127
3 0.532924 0.802910 0.071801 0.103175
4 0.633371 0.942130 0.104539 0.114418
3 0.430060 0.612765 0.033482 0.061508
3 0.885603 0.584987 0.063616 0.053571
3 0.792411 0.583333 0.084821 0.059524
3 0.960007 0.531415 0.073289 0.050926
3 0.980841 0.498677 0.036830 0.044974
3 0.160156 0.459325 0.058408 0.029762
3 0.074219 0.447090 0.056176 0.038360
3 0.336124 0.416005 0.046503 0.033069
3 0.770089 0.501984 0.060268 0.043651
4 0.682664 0.511574 0.069940 0.062831
3 0.478051 0.508267 0.058036 0.045635
3 0.520275 0.491402 0.058408 0.044974
3 0.254650 0.461640 0.052455 0.038360
3 0.371280 0.467262 0.053571 0.037698
3 0.350632 0.501323 0.056176 0.043651
3 0.160528 0.444775 0.056176 0.037698
3 0.371466 0.431878 0.046503 0.038360
3 0.355097 0.482474 0.056920 0.041667
3 0.219494 0.493386 0.059524 0.043651
3 0.231957 0.476521 0.057664 0.037698
3 0.302827 0.450728 0.048363 0.036376
3 0.471168 0.442130 0.049479 0.040344
3 0.104911 0.506614 0.066220 0.043651
3 0.107515 0.473214 0.052083 0.036376
3 0.281994 0.398810 0.024554 0.034392
8 0.442522 0.441138 0.124628 0.076720
3 0.648065 0.448082 0.057292 0.037698
3 0.738281 0.446098 0.050223 0.035053
8 0.706287 0.462302 0.135789 0.091270
3 0.021019 0.498677 0.042039 0.038360
3 0.014509 0.474868 0.029018 0.043651
3 0.580543 0.458995 0.047991 0.038360
3 0.552269 0.443783 0.046503 0.038360
3 0.792969 0.455357 0.049479 0.041667
3 0.865327 0.451058 0.063988 0.039683
3 0.893043 0.482143 0.065104 0.043651
3 0.925967 0.431217 0.060268 0.034392
3 0.960007 0.458003 0.056920 0.041667
0 0.154204 0.331680 0.308408 0.187169
0 0.652716 0.644841 0.391741 0.255291
0 0.133557 0.708995 0.019345 0.060847
0 0.121652 0.703704 0.019345 0.054233
2 0.314918 0.675265 0.028646 0.030423
1 0.312872 0.659061 0.014881 0.050926
0 0.228795 0.744709 0.441964 0.170635
0 0.358631 0.556217 0.190476 0.096561
2 0.217820 0.559854 0.026414 0.027116
1 0.213542 0.541997 0.015625 0.032407
2 0.164807 0.541997 0.022321 0.021825
1 0.160342 0.526786 0.013393 0.029762
0 0.236235 0.575397 0.014137 0.039683
2 0.822731 0.800265 0.023438 0.054233
1 0.825707 0.784061 0.014509 0.057540
9 0.859561 0.908730 0.030134 0.059524
0 0.919829 0.855820 0.017485 0.076720
0 0.951451 0.906746 0.024182 0.071429
0 0.948103 0.962302 0.021949 0.066138
2 0.820499 0.940476 0.039062 0.068783
1 0.823661 0.921296 0.020833 0.066138
0 0.510231 0.372685 0.300967 0.087963
0 0.922061 0.733796 0.014509 0.061508
0 0.932106 0.733135 0.014509 0.064153
