3 0.382440 0.701389 0.043155 0.072090
3 0.439546 0.700397 0.045015 0.070106
3 0.486421 0.687831 0.045759 0.070106
3 0.535156 0.685516 0.047247 0.073413
3 0.571801 0.659392 0.050595 0.063492
3 0.411458 0.793651 0.054315 0.100529
3 0.470052 0.779762 0.053943 0.095238
3 0.522879 0.775463 0.060640 0.090608
5 0.597284 0.796296 0.075521 0.120370
4 0.630952 0.747685 0.065476 0.085317
3 0.448103 0.946098 0.067336 0.105159
3 0.515067 0.918320 0.061384 0.099868
3 0.577009 0.902116 0.067708 0.101852
3 0.653088 0.921627 0.079241 0.115741
3 0.704427 0.886905 0.082961 0.112434
3 0.770461 0.976190 0.084821 0.043651
3 0.508185 0.550926 0.030506 0.043651
3 0.889881 0.554894 0.065476 0.044974
3 0.804688 0.541667 0.063988 0.043651
3 0.622024 0.482474 0.052083 0.037698
3 0.735491 0.494048 0.054315 0.038360
3 0.807664 0.488757 0.049851 0.033069
3 0.678571 0.472884 0.048363 0.034392
3 0.507812 0.469577 0.051339 0.031746
3 0.521577 0.454034 0.047619 0.032407
3 0.498140 0.442460 0.046131 0.031746
3 0.443452 0.426918 0.043899 0.029762
3 0.514323 0.422619 0.047247 0.027778
3 0.429688 0.446759 0.043155 0.032407
4 0.398251 0.450397 0.051711 0.041005
3 0.317150 0.443783 0.046503 0.033069
3 0.352121 0.435516 0.044271 0.031085
3 0.562500 0.452381 0.042411 0.033069
3 0.651414 0.456019 0.046131 0.032407
3 0.233817 0.440476 0.042039 0.031746
3 0.534412 0.433532 0.043527 0.031085
3 0.563988 0.423611 0.039435 0.029762
3 0.385603 0.428571 0.039062 0.029101
3 0.433036 0.409061 0.037202 0.025794
3 0.691034 0.439153 0.038318 0.034392
3 0.180246 0.407077 0.043527 0.031085
3 0.246838 0.412037 0.029390 0.027778
0 0.266741 0.272156 0.327381 0.241402
0 0.641183 0.583664 0.216890 0.213624
0 0.062500 0.319114 0.078869 0.154101
0 0.058036 0.714286 0.011905 0.050265
10 0.056176 0.681217 0.018601 0.052910
0 0.050409 0.625331 0.011533 0.050926
0 0.070499 0.641204 0.013021 0.041667
0 0.050781 0.637566 0.017485 0.041005
0 0.136905 0.595899 0.017113 0.046296
0 0.102679 0.634921 0.011905 0.041005
0 0.103423 0.624669 0.012649 0.044312
0 0.137091 0.643849 0.015253 0.044312
0 0.191778 0.588294 0.013021 0.039021
0 0.171875 0.635251 0.011161 0.044312
0 0.199777 0.628307 0.014881 0.042328
0 0.194568 0.616402 0.015625 0.047619
2 0.264323 0.580688 0.025670 0.023810
1 0.263021 0.567130 0.011905 0.036376
0 0.373140 0.603836 0.306548 0.092593
0 0.364955 0.493386 0.343750 0.097884
0 0.883743 0.769511 0.231027 0.458333
0 0.597656 0.371362 0.174479 0.087963
