3 0.382068 0.698413 0.043155 0.071429
3 0.438802 0.697421 0.044271 0.069444
3 0.485491 0.684854 0.045387 0.069444
3 0.534040 0.682209 0.046503 0.073413
3 0.570685 0.656746 0.050595 0.063492
3 0.411086 0.789352 0.054315 0.099868
3 0.469122 0.775794 0.053571 0.093915
3 0.521577 0.771495 0.060268 0.089286
5 0.595796 0.791667 0.074777 0.119048
4 0.629092 0.744048 0.064732 0.084656
3 0.448103 0.943122 0.067336 0.111111
3 0.513765 0.912698 0.061012 0.097884
3 0.575335 0.896495 0.067336 0.099868
3 0.651042 0.916667 0.078869 0.116402
3 0.701823 0.881283 0.082217 0.111772
3 0.625930 0.973876 0.077753 0.049603
3 0.766741 0.971892 0.084821 0.052249
3 0.507440 0.548942 0.030506 0.043651
3 0.887277 0.552910 0.061756 0.044974
3 0.803571 0.540344 0.063988 0.043651
3 0.617188 0.480489 0.052083 0.037698
3 0.728795 0.492725 0.054315 0.038360
3 0.799293 0.488095 0.049479 0.033069
3 0.672619 0.471561 0.048363 0.034392
3 0.503348 0.467593 0.051339 0.030423
3 0.517857 0.452712 0.046875 0.032407
3 0.498698 0.441468 0.045759 0.031085
3 0.444940 0.426257 0.043899 0.029762
3 0.513951 0.421296 0.047247 0.027778
3 0.426711 0.445437 0.043155 0.032407
4 0.394903 0.449735 0.050967 0.041005
3 0.314174 0.442460 0.046503 0.033069
3 0.349888 0.434193 0.043527 0.031085
3 0.561756 0.451720 0.042411 0.033069
3 0.651414 0.455357 0.046131 0.032407
3 0.231585 0.439815 0.042039 0.031746
3 0.535528 0.432870 0.043527 0.031085
3 0.563616 0.422950 0.039435 0.029762
3 0.387091 0.428241 0.039062 0.028439
3 0.432664 0.408399 0.037202 0.025794
3 0.689546 0.437831 0.038318 0.034392
3 0.182106 0.406415 0.043527 0.031085
3 0.249442 0.412037 0.029390 0.027778
0 0.267485 0.271825 0.325149 0.240741
0 0.640811 0.582341 0.216890 0.212302
0 0.064360 0.319114 0.078869 0.154101
0 0.059524 0.711310 0.011905 0.049603
10 0.057850 0.679233 0.018229 0.052910
0 0.053757 0.624669 0.011533 0.050926
0 0.072545 0.639220 0.013393 0.041667
0 0.053013 0.635582 0.017485 0.041005
0 0.135417 0.594577 0.017113 0.046296
0 0.103981 0.632606 0.011533 0.040344
0 0.104539 0.622685 0.012649 0.042989
0 0.139323 0.641204 0.015253 0.044312
0 0.190662 0.586971 0.012277 0.039021
0 0.173363 0.633267 0.011161 0.044312
0 0.201265 0.625661 0.014881 0.042328
0 0.196615 0.614418 0.015997 0.047619
2 0.262091 0.579365 0.025670 0.023810
1 0.260975 0.565476 0.011533 0.035714
0 0.372954 0.601852 0.303199 0.092593
0 0.363467 0.491402 0.343750 0.097884
0 0.886533 0.769180 0.225446 0.458995
0 0.597470 0.370701 0.173363 0.087963
