3 0.131696 0.934193 0.075893 0.128968
3 0.225632 0.906415 0.075521 0.131614
3 0.296875 0.859458 0.076637 0.114418
3 0.366815 0.834325 0.073661 0.109127
3 0.410528 0.768519 0.071801 0.097884
5 0.469122 0.958995 0.113095 0.079365
4 0.509115 0.905093 0.098586 0.135582
3 0.298363 0.599537 0.033482 0.061508
3 0.740327 0.528770 0.069940 0.052249
3 0.653832 0.533069 0.079241 0.059524
3 0.171689 0.400794 0.046503 0.033069
4 0.770647 0.461640 0.070312 0.059524
3 0.525670 0.479497 0.061012 0.044974
3 0.588542 0.460317 0.059524 0.043651
3 0.091890 0.464286 0.066220 0.038360
3 0.377790 0.486111 0.058408 0.043651
3 0.424479 0.465939 0.057292 0.042989
3 0.212240 0.492394 0.064360 0.042989
3 0.222098 0.471561 0.061012 0.039683
3 0.037574 0.449405 0.060268 0.040344
3 0.249256 0.423611 0.048363 0.045635
3 0.089286 0.510582 0.075893 0.050265
3 0.072359 0.483466 0.063616 0.042328
3 0.125372 0.382937 0.024554 0.034392
8 0.173921 0.429894 0.135045 0.075397
3 0.470424 0.422950 0.056920 0.037698
3 0.544829 0.415675 0.050223 0.035053
8 0.474144 0.432540 0.126860 0.091270
3 0.304874 0.438823 0.047991 0.037698
3 0.355283 0.423611 0.049851 0.039021
3 0.611607 0.412368 0.054315 0.040344
3 0.697359 0.401124 0.059152 0.040344
3 0.653832 0.436508 0.059896 0.038360
3 0.768973 0.386905 0.052083 0.034392
3 0.775112 0.407738 0.053199 0.035053
3 0.820871 0.380291 0.045015 0.038360
0 0.085007 0.268188 0.170015 0.248016
0 0.505952 0.622685 0.389137 0.255952
0 0.071429 0.685847 0.019345 0.060847
0 0.023438 0.707672 0.019345 0.054233
2 0.262835 0.650132 0.028646 0.030423
1 0.260603 0.636574 0.015253 0.050926
0 0.154390 0.701720 0.308780 0.170635
0 0.261533 0.544974 0.107887 0.097884
2 0.197731 0.552249 0.026414 0.027778
1 0.196615 0.534722 0.015253 0.032407
2 0.140067 0.539352 0.025670 0.029762
1 0.137277 0.529431 0.012649 0.040344
0 0.154204 0.577381 0.014509 0.039683
2 0.644531 0.689815 0.023438 0.054233
1 0.645275 0.678241 0.014509 0.057540
9 0.715030 0.823082 0.030506 0.058862
0 0.771019 0.772156 0.017485 0.077381
0 0.796689 0.807540 0.018229 0.070106
0 0.755022 0.882937 0.021205 0.070106
0 0.818452 0.758929 0.015625 0.068122
0 0.832403 0.749008 0.017485 0.078704
6 0.790923 0.907077 0.049107 0.053571
2 0.839844 0.929894 0.029390 0.066138
2 0.599888 0.761905 0.026414 0.054233
1 0.601562 0.748347 0.018601 0.064153
0 0.789062 0.607804 0.014881 0.056878
0 0.777530 0.605820 0.011905 0.056878
0 0.346540 0.354167 0.300967 0.087963
0 0.720796 0.642526 0.015253 0.053571
0 0.859561 0.768849 0.018973 0.068122
0 0.777344 0.692791 0.014509 0.061508
0 0.784040 0.690807 0.014509 0.064153
0 0.759859 0.557870 0.016741 0.049603
0 0.852121 0.647817 0.015997 0.068122
2 0.590960 0.897156 0.044271 0.053571
2 0.741629 0.862765 0.028646 0.054894
2 0.758371 0.875331 0.030134 0.042989
