3 0.383557 0.713955 0.043899 0.074735
3 0.442336 0.712302 0.046875 0.072751
3 0.489955 0.699405 0.046875 0.072090
3 0.539807 0.696759 0.048363 0.073413
3 0.577009 0.669312 0.051339 0.064815
3 0.412760 0.810847 0.055432 0.105820
3 0.473214 0.796296 0.055804 0.099206
3 0.527530 0.791667 0.061756 0.095238
5 0.603609 0.813492 0.077753 0.125661
4 0.638765 0.762566 0.067708 0.088624
3 0.448103 0.957672 0.067336 0.080688
3 0.520089 0.941138 0.063244 0.107143
3 0.583705 0.924934 0.069196 0.109127
3 0.661086 0.942130 0.081101 0.111772
3 0.715030 0.909392 0.087054 0.117725
3 0.774926 0.988095 0.084821 0.019841
3 0.510789 0.556878 0.030506 0.043651
3 0.899926 0.561508 0.072917 0.044974
3 0.810640 0.548280 0.063988 0.043651
3 0.642113 0.490410 0.052083 0.037698
3 0.763207 0.500331 0.053943 0.040344
3 0.841146 0.492725 0.051339 0.034392
3 0.702195 0.478175 0.047991 0.034392
3 0.524926 0.476521 0.051339 0.036376
3 0.536458 0.459987 0.050595 0.032407
3 0.494606 0.445437 0.046503 0.032407
3 0.434710 0.428902 0.044271 0.029762
3 0.513951 0.424603 0.047247 0.027778
3 0.443080 0.451389 0.043155 0.032407
4 0.411644 0.455357 0.053199 0.040344
3 0.329799 0.450066 0.047991 0.035053
3 0.358631 0.440146 0.045387 0.031085
3 0.561756 0.454365 0.042411 0.033069
3 0.648065 0.458995 0.046131 0.033069
3 0.242001 0.445437 0.042039 0.032407
3 0.529204 0.435516 0.043527 0.031085
3 0.565476 0.425926 0.039435 0.030423
3 0.378162 0.429894 0.039062 0.029101
3 0.433408 0.410384 0.037202 0.025794
3 0.690290 0.442130 0.038318 0.035053
3 0.166481 0.409061 0.043527 0.031085
3 0.237165 0.414021 0.029390 0.027778
0 0.263951 0.273148 0.335193 0.242063
0 0.642671 0.589616 0.216890 0.220238
0 0.055246 0.320437 0.079241 0.154101
0 0.052083 0.725529 0.011905 0.050265
10 0.049851 0.690146 0.020089 0.056217
0 0.037760 0.631283 0.011533 0.050926
0 0.060826 0.649802 0.013021 0.041667
0 0.039621 0.645503 0.017485 0.041005
0 0.141741 0.601190 0.017113 0.046296
0 0.096168 0.643188 0.013021 0.044312
0 0.098028 0.632606 0.013021 0.046958
0 0.127790 0.653439 0.015253 0.044974
0 0.195871 0.593915 0.014509 0.039683
0 0.164435 0.644511 0.011161 0.044312
0 0.193080 0.637566 0.014881 0.042328
0 0.186012 0.624339 0.015625 0.047619
2 0.271763 0.585979 0.025670 0.023810
1 0.270647 0.573413 0.011533 0.039683
0 0.373698 0.610450 0.319568 0.093915
0 0.380208 0.496032 0.343750 0.097884
0 0.876488 0.770172 0.246280 0.458333
0 0.597656 0.372024 0.179688 0.087963
