3 0.043713 0.937831 0.072545 0.121693
3 0.142113 0.907407 0.081101 0.133598
3 0.216146 0.850529 0.079613 0.116402
3 0.289062 0.818452 0.075893 0.107804
3 0.334449 0.749669 0.075149 0.095899
3 0.289249 0.958003 0.101562 0.081349
5 0.402902 0.945437 0.125000 0.107804
4 0.438988 0.875661 0.102679 0.129630
3 0.215774 0.588624 0.039435 0.060847
3 0.657552 0.493056 0.064360 0.050926
3 0.572545 0.502976 0.078125 0.058862
3 0.042411 0.390212 0.046131 0.033069
3 0.630580 0.437831 0.061012 0.044974
3 0.710938 0.417989 0.060268 0.043651
3 0.468192 0.457672 0.059152 0.043651
3 0.538504 0.434524 0.056920 0.043651
3 0.313988 0.470569 0.063988 0.042989
3 0.312686 0.453373 0.061384 0.040344
3 0.115141 0.416336 0.056920 0.045635
3 0.154390 0.495370 0.075893 0.050265
3 0.112351 0.475198 0.066964 0.052249
3 0.013021 0.365410 0.026042 0.035053
3 0.335938 0.402447 0.057292 0.037698
3 0.410528 0.400132 0.053199 0.034392
8 0.307478 0.418651 0.132812 0.091270
3 0.024554 0.502646 0.049107 0.044974
3 0.099330 0.438492 0.055060 0.038360
3 0.217262 0.413690 0.052083 0.042989
3 0.479353 0.394841 0.046503 0.039683
3 0.576079 0.384921 0.052455 0.039683
3 0.480469 0.421296 0.049479 0.038360
3 0.682292 0.355820 0.052083 0.034392
3 0.657180 0.379630 0.047247 0.034392
3 0.730469 0.351521 0.045015 0.032407
0 0.029762 0.250331 0.059524 0.248016
0 0.390067 0.612434 0.363467 0.255291
0 0.057664 0.660714 0.021577 0.060847
0 0.103051 0.666667 0.099702 0.112434
0 0.180618 0.535714 0.058408 0.097884
0 0.122024 0.563823 0.013393 0.040344
2 0.621280 0.878638 0.037202 0.069444
0 0.620164 0.861772 0.022321 0.064815
9 0.635603 0.861111 0.043527 0.066138
1 0.635603 0.850198 0.022693 0.073413
9 0.640997 0.775463 0.030506 0.058862
0 0.709635 0.710648 0.016741 0.072090
0 0.713356 0.755622 0.018229 0.069444
0 0.671317 0.845569 0.021205 0.069444
0 0.718378 0.672950 0.015625 0.068122
0 0.727493 0.656746 0.016741 0.066138
6 0.710565 0.851852 0.049107 0.054233
2 0.758371 0.868717 0.029390 0.066799
9 0.779576 0.881614 0.026414 0.097884
0 0.810082 0.773810 0.029390 0.075397
0 0.852865 0.753638 0.027158 0.066799
1 0.877418 0.749669 0.021205 0.046958
1 0.863839 0.737103 0.019345 0.040344
9 0.812686 0.903108 0.047247 0.095899
2 0.841890 0.826389 0.046131 0.066799
1 0.842076 0.812831 0.030134 0.071429
0 0.929129 0.739749 0.023438 0.072090
0 0.702381 0.568783 0.011905 0.056878
0 0.694382 0.567130 0.011533 0.050926
0 0.322917 0.342262 0.311012 0.087963
0 0.701451 0.627315 0.015997 0.056217
0 0.776228 0.706019 0.014509 0.061508
0 0.709263 0.686839 0.014509 0.061508
0 0.717448 0.682870 0.014509 0.064153
0 0.842076 0.965939 0.020461 0.066799
0 0.711124 0.510913 0.012277 0.049603
0 0.601749 0.534061 0.011533 0.049603
0 0.764323 0.603505 0.015997 0.068122
2 0.516927 0.858135 0.044271 0.053571
2 0.667411 0.812831 0.026786 0.051587
2 0.683222 0.823743 0.029390 0.042989
