3 0.386161 0.744709 0.046131 0.082011
3 0.448847 0.742063 0.051711 0.079365
3 0.498698 0.728505 0.049479 0.077381
3 0.550967 0.725860 0.052083 0.073413
3 0.589658 0.693783 0.052827 0.067460
3 0.416295 0.853836 0.058036 0.116402
3 0.481585 0.837963 0.059896 0.109788
3 0.539435 0.832011 0.065476 0.107143
5 0.619420 0.857143 0.083333 0.138889
4 0.658110 0.799934 0.073661 0.097222
3 0.526414 0.969577 0.063244 0.058201
3 0.595610 0.960648 0.069196 0.074735
3 0.677083 0.968254 0.081101 0.060847
3 0.748326 0.948082 0.106027 0.098545
3 0.517857 0.569444 0.030506 0.043651
3 0.927827 0.578704 0.072917 0.044974
3 0.830729 0.566799 0.063988 0.043651
3 0.700335 0.505952 0.052455 0.041005
3 0.840030 0.517196 0.060268 0.039683
3 0.939546 0.513228 0.056920 0.043651
3 0.769159 0.496693 0.056920 0.038360
3 0.572731 0.488757 0.052455 0.038360
3 0.584449 0.474537 0.052083 0.032407
3 0.484375 0.452712 0.047619 0.032407
3 0.412016 0.433532 0.044271 0.029762
3 0.512835 0.427249 0.047247 0.027778
3 0.475260 0.462632 0.044271 0.037698
4 0.444940 0.468915 0.055804 0.046296
3 0.354353 0.459325 0.048735 0.035053
3 0.378906 0.452712 0.050967 0.033730
3 0.556734 0.459325 0.045015 0.036376
3 0.641741 0.466931 0.046131 0.033069
3 0.264695 0.454696 0.045015 0.037698
3 0.509487 0.439484 0.043527 0.031085
3 0.568638 0.435185 0.039807 0.034392
3 0.270461 0.439484 0.045387 0.036376
3 0.255580 0.430556 0.045387 0.038360
3 0.286272 0.419312 0.038318 0.033069
3 0.612351 0.453042 0.046131 0.031746
3 0.620164 0.438492 0.046131 0.034392
3 0.351562 0.432209 0.040179 0.031085
3 0.429688 0.417328 0.035714 0.027778
3 0.694010 0.449405 0.038318 0.035053
3 0.138579 0.413029 0.043527 0.032407
3 0.214100 0.416997 0.029390 0.027116
0 0.256324 0.276124 0.354911 0.245370
0 0.659412 0.607474 0.216890 0.221561
0 0.041295 0.334656 0.075149 0.154762
0 0.038318 0.752976 0.012649 0.052249
10 0.038504 0.712632 0.021949 0.060185
0 0.010975 0.653770 0.011533 0.052249
0 0.032738 0.668651 0.012649 0.041005
0 0.005766 0.671958 0.011533 0.052910
0 0.150670 0.615741 0.017113 0.046296
0 0.076823 0.666997 0.013021 0.044312
0 0.083147 0.648479 0.013021 0.046958
0 0.099330 0.677910 0.015625 0.047619
0 0.200149 0.611772 0.016369 0.042328
0 0.140811 0.666336 0.016741 0.044312
0 0.172061 0.659392 0.018229 0.046296
0 0.160156 0.642526 0.015253 0.052249
2 0.290737 0.602183 0.025670 0.024471
1 0.289621 0.588294 0.011533 0.040344
0 0.373698 0.628307 0.354539 0.109788
0 0.389137 0.509259 0.343750 0.097884
0 0.883743 0.771164 0.231771 0.456349
0 0.598028 0.374669 0.192336 0.087963
