3 0.091704 0.918651 0.087426 0.140212
3 0.169457 0.858466 0.082961 0.119048
3 0.248140 0.822090 0.080357 0.108466
3 0.294457 0.747685 0.077753 0.094577
3 0.250000 0.962632 0.107887 0.073413
5 0.368304 0.946429 0.125744 0.105820
4 0.404390 0.874008 0.102679 0.130291
3 0.173921 0.589947 0.039062 0.066138
3 0.624070 0.486111 0.064360 0.050265
3 0.681548 0.423611 0.055060 0.042989
3 0.564732 0.435847 0.057292 0.043651
3 0.676525 0.406746 0.056176 0.039683
3 0.461496 0.448413 0.067336 0.048942
3 0.400484 0.438161 0.061384 0.052249
3 0.191220 0.415675 0.057292 0.037698
3 0.282180 0.400794 0.055432 0.038360
8 0.164435 0.422288 0.144345 0.091931
3 0.330357 0.464286 0.066220 0.043651
3 0.238095 0.455357 0.063988 0.052249
3 0.198475 0.472884 0.073289 0.043651
3 0.065662 0.498016 0.079241 0.052910
3 0.069382 0.414352 0.053199 0.045635
3 0.358073 0.394841 0.056176 0.038360
3 0.467448 0.390212 0.050967 0.039683
3 0.320126 0.423942 0.055432 0.039683
3 0.647135 0.351190 0.052455 0.034392
3 0.546317 0.380291 0.044271 0.034392
3 0.699033 0.345899 0.045387 0.033069
3 0.618304 0.373347 0.046131 0.037698
0 0.544085 0.644841 0.074777 0.244709
0 0.039435 0.658730 0.017857 0.056878
9 0.001860 0.636905 0.003720 0.039683
2 0.164621 0.559524 0.035342 0.038360
0 0.158110 0.633929 0.021577 0.061508
0 0.386533 0.663690 0.235119 0.143519
0 0.159970 0.546296 0.017113 0.038360
0 0.348028 0.531085 0.314360 0.133598
2 0.581101 0.857474 0.040179 0.068122
1 0.584635 0.846561 0.023438 0.080688
2 0.576637 0.817791 0.037202 0.062831
1 0.580729 0.801918 0.025298 0.069444
9 0.609189 0.771825 0.030134 0.059524
0 0.682106 0.699405 0.016741 0.065476
0 0.736793 0.800595 0.018229 0.070767
0 0.529018 0.828042 0.027530 0.076720
0 0.658854 0.594907 0.011905 0.052249
0 0.669643 0.595569 0.012649 0.057540
6 0.681548 0.843915 0.049107 0.054233
2 0.731585 0.856151 0.029390 0.066799
9 0.752790 0.871693 0.026414 0.097884
0 0.695871 0.679894 0.015997 0.062169
0 0.825707 0.741071 0.015997 0.066799
1 0.848400 0.735119 0.021205 0.046958
1 0.834635 0.721892 0.018973 0.040344
9 0.781808 0.890873 0.044271 0.096561
2 0.597842 0.720899 0.034970 0.052910
1 0.599144 0.706019 0.021949 0.052249
0 0.842076 0.776455 0.023438 0.071429
0 0.932478 0.926257 0.026414 0.085317
0 0.948661 0.892196 0.028274 0.087302
0 0.670759 0.558201 0.011905 0.056878
0 0.662202 0.557209 0.011905 0.050926
0 0.196429 0.341270 0.392857 0.089947
0 0.749814 0.625992 0.015253 0.056217
0 0.731585 0.688161 0.017485 0.061508
0 0.750930 0.757275 0.014509 0.066138
0 0.758743 0.754630 0.011533 0.072751
0 0.810826 0.973214 0.020461 0.052249
0 0.592448 0.551257 0.011533 0.049603
0 0.647135 0.556548 0.011533 0.045635
0 0.643787 0.543981 0.011533 0.045635
0 0.744234 0.603505 0.014509 0.058862
2 0.485677 0.860780 0.044271 0.053571
2 0.633743 0.803902 0.025670 0.049603
2 0.650112 0.815146 0.028646 0.042989
