3 0.245350 0.930556 0.067336 0.133598
3 0.333333 0.913360 0.067708 0.129630
3 0.400484 0.873016 0.070312 0.115079
3 0.468192 0.854828 0.071801 0.109127
3 0.513579 0.795966 0.071801 0.101190
4 0.615699 0.938492 0.102679 0.120370
3 0.410342 0.608796 0.033482 0.061508
3 0.863839 0.575728 0.067708 0.052249
3 0.771205 0.573413 0.084821 0.059524
3 0.121466 0.459656 0.058408 0.034392
3 0.038132 0.448413 0.049479 0.038360
3 0.310454 0.412698 0.046503 0.033069
3 0.781994 0.495370 0.060268 0.043651
4 0.690104 0.504299 0.069940 0.061508
3 0.480097 0.505622 0.059152 0.045635
3 0.522879 0.488095 0.058408 0.044974
3 0.216518 0.461310 0.054315 0.037698
3 0.332961 0.464616 0.057292 0.037698
3 0.348400 0.501323 0.056176 0.043651
3 0.119978 0.444775 0.056176 0.037698
3 0.340402 0.431878 0.046131 0.038360
3 0.358631 0.481151 0.057292 0.041667
3 0.215216 0.493717 0.060640 0.042989
3 0.225446 0.476852 0.058036 0.037037
3 0.265997 0.450066 0.048363 0.036376
3 0.428571 0.441468 0.049107 0.040344
3 0.097656 0.507275 0.068824 0.043651
3 0.099330 0.475860 0.055060 0.037698
3 0.259301 0.396164 0.024554 0.034392
8 0.406436 0.438492 0.123884 0.076720
3 0.620722 0.442791 0.056920 0.037698
3 0.710379 0.442791 0.050223 0.035053
8 0.671503 0.457672 0.135417 0.091270
3 0.016555 0.501984 0.033110 0.038360
3 0.011719 0.479497 0.023438 0.043651
3 0.541853 0.454365 0.047991 0.038360
3 0.525856 0.439153 0.046503 0.038360
3 0.767857 0.444114 0.054315 0.040344
3 0.835007 0.443783 0.059152 0.039683
3 0.853051 0.472222 0.063244 0.043651
3 0.902158 0.425595 0.060268 0.035053
3 0.930060 0.449074 0.055804 0.039683
3 0.960565 0.425595 0.047619 0.032407
0 0.152530 0.268849 0.305060 0.248016
0 0.633743 0.638228 0.391741 0.255291
0 0.123512 0.707672 0.019345 0.060847
0 0.106771 0.705026 0.019345 0.054233
2 0.305618 0.672619 0.028646 0.030423
1 0.303571 0.658399 0.014881 0.050926
0 0.219308 0.744709 0.427455 0.170635
0 0.348958 0.550265 0.171131 0.091270
2 0.211124 0.558532 0.026414 0.027116
1 0.206845 0.540675 0.015625 0.032407
2 0.156250 0.541997 0.022321 0.021825
1 0.152158 0.526786 0.013393 0.029762
0 0.221912 0.578704 0.014509 0.039683
2 0.795945 0.781085 0.023438 0.054233
1 0.797805 0.766204 0.014509 0.057540
9 0.835379 0.892857 0.030134 0.059524
0 0.895275 0.838624 0.017485 0.076720
0 0.928013 0.888889 0.024182 0.071429
0 0.914062 0.949735 0.021577 0.070106
2 0.784598 0.909392 0.039435 0.070106
1 0.789062 0.891534 0.021577 0.066138
0 0.484189 0.367394 0.300967 0.087963
0 0.897507 0.723214 0.014509 0.061508
0 0.907552 0.723876 0.014509 0.064153
0 0.973958 0.698413 0.015625 0.067460
2 0.696057 0.953373 0.043899 0.065476
2 0.862165 0.941138 0.033854 0.060847
2 0.881696 0.959656 0.033482 0.055556
