3 0.047991 0.937169 0.075893 0.123016
3 0.147879 0.907407 0.080729 0.133598
3 0.221354 0.850198 0.079613 0.115741
3 0.294085 0.819114 0.075521 0.107804
3 0.339286 0.750992 0.075149 0.095899
3 0.294457 0.958003 0.100818 0.081349
5 0.408110 0.945767 0.125000 0.107143
4 0.443824 0.876984 0.102679 0.129630
3 0.222098 0.589616 0.039435 0.061508
3 0.663132 0.496362 0.064360 0.050926
3 0.577009 0.502976 0.078125 0.058862
3 0.052083 0.390212 0.046131 0.033069
3 0.620164 0.439815 0.061012 0.044974
3 0.699777 0.421296 0.060268 0.043651
3 0.458147 0.459656 0.059152 0.043651
3 0.529948 0.437169 0.056920 0.043651
3 0.300967 0.472553 0.063988 0.042989
3 0.299293 0.456019 0.061384 0.040344
3 0.124442 0.417659 0.056920 0.045635
3 0.146205 0.496693 0.075893 0.050265
3 0.107515 0.476521 0.066964 0.052249
3 0.020833 0.365410 0.029018 0.035053
3 0.344494 0.403770 0.057292 0.037698
3 0.420945 0.400794 0.053199 0.034392
8 0.319754 0.419312 0.132068 0.091270
3 0.022135 0.503638 0.044271 0.044312
3 0.114955 0.438492 0.055060 0.038360
3 0.228795 0.413690 0.052083 0.040344
3 0.489211 0.395503 0.046131 0.039683
3 0.586682 0.386243 0.051339 0.038360
3 0.493862 0.420966 0.049479 0.037698
3 0.687128 0.356481 0.052083 0.034392
3 0.664621 0.380291 0.047247 0.034392
3 0.737909 0.352844 0.045015 0.032407
0 0.032924 0.250992 0.065848 0.248016
0 0.396763 0.612765 0.361235 0.254630
0 0.057664 0.660714 0.021577 0.060847
0 0.113653 0.663360 0.089658 0.101852
0 0.185082 0.535714 0.065104 0.097884
0 0.123884 0.564815 0.013393 0.039683
2 0.636905 0.892526 0.038690 0.069444
0 0.635603 0.875661 0.022693 0.067460
9 0.653646 0.876323 0.043899 0.067460
1 0.655320 0.865410 0.022693 0.073413
9 0.646205 0.778108 0.030506 0.058862
0 0.707775 0.730489 0.017485 0.077381
0 0.719308 0.757937 0.018229 0.070106
0 0.679874 0.846230 0.021205 0.069444
0 0.725818 0.678902 0.015625 0.068122
0 0.735677 0.664021 0.016741 0.068783
6 0.717262 0.855820 0.049107 0.054233
2 0.764695 0.870701 0.029390 0.066799
9 0.785900 0.886905 0.026414 0.097884
0 0.822731 0.780423 0.029390 0.075397
0 0.859189 0.757606 0.027158 0.066799
1 0.884487 0.753638 0.021205 0.046958
1 0.871652 0.741733 0.019345 0.040344
9 0.820499 0.907077 0.047247 0.095899
2 0.860119 0.837632 0.046131 0.066799
1 0.862165 0.823413 0.030134 0.071429
0 0.939174 0.743056 0.023438 0.072090
0 0.707217 0.570767 0.011905 0.056878
0 0.699219 0.568783 0.011533 0.051587
0 0.320871 0.342923 0.315104 0.087963
0 0.702939 0.627976 0.015253 0.056217
0 0.781064 0.709325 0.014509 0.061508
0 0.712240 0.686839 0.014509 0.061508
0 0.720424 0.682870 0.014509 0.064153
0 0.715216 0.514220 0.012277 0.049603
0 0.607701 0.535384 0.011533 0.049603
0 0.770647 0.606151 0.015997 0.068122
2 0.522879 0.861442 0.044271 0.053571
2 0.672805 0.816468 0.027158 0.052249
2 0.688430 0.827712 0.029390 0.042989
