3 0.391927 0.776786 0.047991 0.091931
3 0.457961 0.773810 0.052083 0.088624
3 0.510789 0.758267 0.052827 0.083995
3 0.565848 0.755622 0.055060 0.078704
3 0.606771 0.721230 0.056548 0.074735
3 0.421689 0.894841 0.062128 0.125661
3 0.490699 0.879299 0.063244 0.122354
3 0.553385 0.873677 0.069568 0.117725
5 0.638579 0.896825 0.089658 0.140212
4 0.679129 0.838624 0.079241 0.105820
3 0.766927 0.974206 0.097842 0.048942
3 0.531064 0.584987 0.030134 0.052249
3 0.960193 0.598545 0.070685 0.054233
3 0.861235 0.583003 0.078125 0.048280
3 0.769717 0.525132 0.058036 0.048942
3 0.928385 0.541005 0.065848 0.044974
3 0.845796 0.512235 0.058408 0.037698
3 0.630394 0.503638 0.058408 0.037698
3 0.643415 0.488095 0.058408 0.038360
3 0.477679 0.456680 0.049851 0.032407
3 0.399740 0.434854 0.044271 0.029762
3 0.520647 0.435847 0.047247 0.027778
3 0.515811 0.476521 0.050223 0.037698
4 0.483817 0.481151 0.056176 0.050926
3 0.385975 0.469246 0.050967 0.036376
3 0.406250 0.462632 0.053571 0.036376
3 0.554315 0.465608 0.046131 0.038360
3 0.642299 0.475860 0.049479 0.032407
3 0.291109 0.462302 0.047991 0.039683
3 0.497768 0.444775 0.043155 0.031085
3 0.575707 0.440476 0.042039 0.033069
3 0.297247 0.449405 0.045387 0.036376
3 0.239955 0.432540 0.045387 0.038360
3 0.270647 0.423280 0.038318 0.033069
3 0.609375 0.460317 0.046131 0.033069
3 0.633557 0.443122 0.046131 0.034392
3 0.335565 0.436839 0.043155 0.036376
3 0.434338 0.422950 0.032366 0.031085
3 0.703683 0.456019 0.038318 0.035053
3 0.116629 0.416005 0.043527 0.033069
3 0.195312 0.419643 0.031994 0.027116
0 0.249628 0.278439 0.372768 0.247354
0 0.675781 0.623347 0.216890 0.221561
0 0.031994 0.334656 0.063988 0.154762
0 0.026972 0.775463 0.013021 0.053571
10 0.030320 0.733466 0.021949 0.060847
0 0.017113 0.687169 0.016369 0.046296
0 0.167969 0.628638 0.015253 0.049603
0 0.062314 0.682870 0.013021 0.044312
0 0.074963 0.668320 0.013021 0.046958
0 0.077009 0.699074 0.015625 0.047619
0 0.211124 0.621362 0.015997 0.044312
0 0.122954 0.687831 0.015997 0.050265
0 0.156436 0.679894 0.019717 0.050265
0 0.141183 0.658399 0.015253 0.052249
2 0.314174 0.614087 0.025670 0.024471
1 0.311942 0.600198 0.011533 0.040344
0 0.371094 0.647487 0.386533 0.119048
0 0.423363 0.513228 0.343750 0.097884
0 0.891183 0.765542 0.216890 0.453042
0 0.598400 0.377315 0.203497 0.087963
