3 0.095610 0.912698 0.086310 0.136243
3 0.172433 0.852513 0.082961 0.119048
3 0.248884 0.816799 0.078869 0.107143
3 0.294271 0.743717 0.078125 0.094577
3 0.254464 0.959987 0.107887 0.078704
5 0.370536 0.944114 0.125744 0.110450
4 0.406250 0.870701 0.102679 0.130291
3 0.173735 0.587963 0.039435 0.064815
3 0.618862 0.485450 0.064360 0.050265
3 0.600446 0.431548 0.055060 0.042989
3 0.685640 0.413029 0.057292 0.042989
3 0.483817 0.443122 0.064360 0.043651
3 0.528646 0.423280 0.059524 0.039683
3 0.020275 0.410714 0.040551 0.043651
3 0.346540 0.460317 0.072545 0.050265
3 0.270647 0.452712 0.061384 0.052249
3 0.231399 0.407077 0.057292 0.037698
3 0.313616 0.398148 0.054315 0.038360
8 0.197545 0.421958 0.140625 0.092593
3 0.177269 0.479497 0.071801 0.044974
3 0.120536 0.465278 0.069940 0.052249
3 0.045945 0.484458 0.070312 0.044312
3 0.117932 0.416997 0.052083 0.045635
3 0.385603 0.392196 0.056176 0.038360
3 0.494048 0.383598 0.052083 0.038360
3 0.367932 0.417659 0.052083 0.040344
3 0.646391 0.349206 0.052455 0.034392
3 0.574405 0.375661 0.044643 0.034392
3 0.694940 0.344577 0.045387 0.033069
3 0.640067 0.368717 0.046503 0.037698
0 0.466890 0.638558 0.173363 0.237434
2 0.135975 0.568122 0.035342 0.038360
2 0.190662 0.552579 0.030134 0.032407
0 0.106957 0.640542 0.021205 0.061508
0 0.241257 0.671296 0.277158 0.145503
0 0.131696 0.551587 0.013393 0.039683
0 0.279762 0.546296 0.197917 0.129630
9 0.606213 0.763228 0.030134 0.059524
0 0.678385 0.692791 0.016741 0.065476
0 0.708333 0.774140 0.018601 0.062831
0 0.567336 0.833664 0.027530 0.077381
0 0.659784 0.613426 0.014509 0.053571
0 0.669085 0.604167 0.013021 0.056217
6 0.677827 0.833333 0.049107 0.054233
2 0.726004 0.846230 0.029390 0.066799
9 0.745350 0.862434 0.026414 0.097884
0 0.725260 0.699735 0.015253 0.062169
0 0.816034 0.732143 0.022693 0.066138
1 0.840216 0.727183 0.021205 0.046958
1 0.828497 0.712632 0.019345 0.040344
9 0.775298 0.876323 0.045387 0.096561
2 0.666481 0.730820 0.036830 0.055556
1 0.668341 0.718585 0.023438 0.053571
0 0.868490 0.751653 0.023438 0.072090
0 0.923177 0.938823 0.026414 0.083995
0 0.977865 0.907407 0.024926 0.085979
0 0.666295 0.554894 0.011905 0.056878
0 0.656994 0.555556 0.011905 0.051587
0 0.212240 0.340939 0.424479 0.087963
0 0.722284 0.635251 0.015253 0.056217
0 0.727865 0.680225 0.017485 0.061508
0 0.715216 0.717262 0.014509 0.061508
0 0.723400 0.713294 0.011533 0.064153
0 0.798549 0.964286 0.020461 0.070106
0 0.578311 0.537368 0.011533 0.049603
0 0.736421 0.596892 0.014509 0.058862
2 0.484933 0.854828 0.044271 0.053571
2 0.630394 0.794643 0.025670 0.049603
2 0.647135 0.805225 0.028646 0.042989
