3 0.328125 0.932540 0.062500 0.133598
3 0.413504 0.923280 0.065104 0.129630
3 0.481213 0.892857 0.069568 0.119048
3 0.549293 0.884259 0.070312 0.113757
3 0.596354 0.826389 0.072917 0.105159
4 0.690848 0.961310 0.090774 0.077381
3 0.499442 0.632275 0.033110 0.060847
3 0.877790 0.623347 0.087426 0.058862
3 0.926897 0.561177 0.074033 0.050926
3 0.958147 0.544312 0.073289 0.044974
3 0.296689 0.465278 0.055432 0.031085
3 0.210007 0.445767 0.050967 0.034392
3 0.428199 0.432209 0.046131 0.032407
3 0.735119 0.526455 0.060268 0.043651
4 0.664062 0.531415 0.069940 0.062831
3 0.483631 0.518188 0.058036 0.045635
3 0.515439 0.506944 0.059152 0.039021
3 0.385417 0.472553 0.051339 0.037698
3 0.503162 0.484127 0.053943 0.038360
3 0.369606 0.509921 0.053943 0.044974
3 0.293341 0.450066 0.053199 0.037698
3 0.480469 0.451058 0.046503 0.038360
3 0.365885 0.489087 0.053199 0.042989
3 0.031436 0.446429 0.053199 0.041005
3 0.028274 0.434193 0.048363 0.032407
3 0.242746 0.493386 0.057664 0.043651
3 0.266183 0.478175 0.053199 0.038360
3 0.437128 0.468585 0.048363 0.036376
3 0.560268 0.453704 0.049107 0.039683
3 0.137835 0.494378 0.060640 0.042989
3 0.133929 0.467923 0.052083 0.036376
3 0.123140 0.451720 0.048363 0.038360
3 0.363467 0.413690 0.024554 0.029762
8 0.576451 0.461640 0.128348 0.076720
3 0.742188 0.475198 0.057292 0.037698
3 0.819382 0.474206 0.050223 0.034392
8 0.825521 0.497354 0.152530 0.091270
8 0.040179 0.551918 0.080357 0.138228
3 0.721168 0.488426 0.052455 0.042989
3 0.654948 0.467593 0.039062 0.038360
3 0.901414 0.492394 0.049107 0.041667
3 0.972656 0.489087 0.053943 0.040344
0 0.187314 0.309524 0.374628 0.194444
0 0.719866 0.669643 0.337054 0.220238
0 0.172247 0.712963 0.019345 0.060847
0 0.179688 0.703042 0.019345 0.054233
2 0.349888 0.687169 0.028646 0.030423
1 0.347470 0.668981 0.014881 0.050926
0 0.264323 0.745040 0.513021 0.171296
0 0.439360 0.559854 0.343750 0.098545
2 0.240141 0.561177 0.026414 0.027116
1 0.238095 0.543981 0.015625 0.032407
2 0.194382 0.539352 0.022693 0.021825
1 0.190848 0.524802 0.013393 0.029762
0 0.589100 0.388558 0.270461 0.087963
