3 0.384115 0.632606 0.039062 0.065476
3 0.434710 0.629960 0.041295 0.060185
3 0.475818 0.620370 0.040923 0.059524
3 0.518601 0.619378 0.042411 0.060185
3 0.551525 0.598214 0.045015 0.053571
3 0.408110 0.702712 0.045387 0.085317
3 0.460193 0.691138 0.047619 0.078042
3 0.507626 0.689153 0.049479 0.072751
5 0.569940 0.701389 0.063244 0.099868
4 0.601935 0.665675 0.055804 0.069444
3 0.441034 0.827050 0.056920 0.103836
3 0.498140 0.794312 0.052083 0.080688
3 0.550781 0.784722 0.055432 0.083995
3 0.615327 0.798280 0.064732 0.092593
3 0.660900 0.770833 0.068824 0.086640
3 0.539249 0.913360 0.070312 0.117725
3 0.593378 0.875331 0.072917 0.110450
3 0.712426 0.866071 0.078125 0.103836
3 0.705543 0.946098 0.091146 0.105159
3 0.787388 0.958664 0.094122 0.080026
3 0.495164 0.516534 0.031250 0.038360
3 0.845982 0.513889 0.054315 0.044974
3 0.768787 0.502315 0.064360 0.042989
3 0.787016 0.466931 0.050967 0.044974
3 0.526972 0.443452 0.046503 0.037698
3 0.616815 0.451720 0.049107 0.037037
3 0.663318 0.448082 0.045387 0.033730
0 0.060640 0.848876 0.022321 0.076058
3 0.574963 0.436839 0.042783 0.035053
3 0.431362 0.436508 0.045015 0.031746
3 0.454241 0.425265 0.046131 0.031746
3 0.511347 0.420635 0.042039 0.027778
3 0.479167 0.411045 0.041667 0.031085
3 0.510603 0.403108 0.047247 0.027116
3 0.385045 0.417659 0.043155 0.033730
4 0.343564 0.419974 0.048735 0.042328
3 0.267857 0.415013 0.043155 0.032407
3 0.309338 0.409722 0.037574 0.028439
3 0.235863 0.390542 0.039435 0.032407
0 0.283110 0.266204 0.283482 0.234788
0 0.018787 0.514881 0.037574 0.216270
0 0.632626 0.550265 0.216890 0.178571
0 0.100632 0.317791 0.079241 0.154101
0 0.099330 0.637897 0.011905 0.048280
10 0.094308 0.614087 0.016741 0.049603
0 0.010789 0.709987 0.017857 0.060185
0 0.057664 0.583333 0.010417 0.042328
0 0.102307 0.580026 0.011905 0.047619
0 0.120536 0.586971 0.010417 0.042989
0 0.113095 0.578373 0.011905 0.041667
0 0.124442 0.552249 0.011533 0.047619
0 0.147693 0.581019 0.010417 0.036376
0 0.146577 0.567130 0.012649 0.040344
0 0.192150 0.587302 0.015253 0.043651
0 0.187314 0.545635 0.012277 0.039683
0 0.221540 0.580026 0.013765 0.041005
0 0.244978 0.574405 0.013021 0.042989
0 0.249442 0.564153 0.015997 0.047619
2 0.236793 0.541005 0.025670 0.023810
1 0.235119 0.527778 0.011905 0.031746
0 0.394345 0.541005 0.258929 0.093915
0 0.356771 0.464616 0.334077 0.077381
0 0.942894 0.767196 0.109003 0.461640
0 0.591518 0.351190 0.170387 0.087302
0 0.814546 0.676587 0.144717 0.300265
