3 0.376674 0.899471 0.056920 0.123016
3 0.458147 0.895503 0.060640 0.120370
3 0.522321 0.871693 0.065476 0.112434
3 0.587798 0.869048 0.066220 0.108466
3 0.635975 0.817460 0.071057 0.099206
4 0.736049 0.960648 0.091146 0.078704
3 0.549479 0.635913 0.033482 0.056217
3 0.935268 0.639881 0.090774 0.058862
3 0.860305 0.568452 0.071801 0.049603
3 0.885045 0.548611 0.069196 0.046958
3 0.403832 0.470238 0.056176 0.033069
3 0.315104 0.446429 0.049107 0.035714
3 0.502604 0.448413 0.046131 0.033069
3 0.677641 0.526124 0.058408 0.040344
4 0.624628 0.530093 0.067708 0.060185
3 0.474888 0.514550 0.056176 0.042328
3 0.505766 0.498677 0.053199 0.038360
3 0.490699 0.483796 0.051339 0.037698
3 0.608817 0.498677 0.053943 0.033069
3 0.376116 0.499669 0.052083 0.045635
3 0.399554 0.456349 0.049107 0.038360
3 0.561198 0.460979 0.046503 0.038360
3 0.371466 0.483135 0.052455 0.042989
3 0.143043 0.444444 0.053943 0.038360
3 0.160156 0.433201 0.040551 0.033069
3 0.260045 0.484127 0.054315 0.043651
3 0.283296 0.468915 0.049479 0.037037
3 0.549107 0.477183 0.048363 0.036376
3 0.632999 0.466931 0.049479 0.039683
3 0.158296 0.478505 0.059896 0.045635
3 0.243862 0.449405 0.045015 0.036376
3 0.420945 0.426257 0.027158 0.029762
8 0.686198 0.473545 0.124628 0.076720
3 0.802827 0.492063 0.057292 0.038360
3 0.881882 0.484127 0.050223 0.034392
8 0.914807 0.513228 0.144345 0.091270
8 0.087612 0.509590 0.100074 0.127646
3 0.835938 0.510251 0.052083 0.042989
3 0.698289 0.474206 0.037946 0.037037
3 0.087612 0.429563 0.034598 0.031085
0 0.212426 0.292659 0.395833 0.248016
0 0.675781 0.666336 0.216890 0.221561
0 0.006510 0.336640 0.013021 0.154762
0 0.199033 0.687500 0.013393 0.053571
0 0.223028 0.681878 0.018229 0.054233
0 0.007254 0.784061 0.014509 0.053571
0 0.048921 0.769180 0.018973 0.063492
0 0.024926 0.732804 0.019345 0.060847
2 0.366629 0.670304 0.028646 0.029762
1 0.365699 0.656415 0.014881 0.048280
0 0.319754 0.727844 0.475818 0.152778
0 0.472842 0.553902 0.343750 0.098545
2 0.249070 0.548942 0.023438 0.025132
1 0.248512 0.534061 0.015625 0.032407
2 0.212240 0.526786 0.022693 0.021825
1 0.208705 0.514220 0.010417 0.031085
0 0.890625 0.793651 0.209077 0.408730
0 0.599516 0.385913 0.243676 0.087963
