3 0.226004 0.930556 0.068080 0.133598
3 0.315104 0.911376 0.068452 0.129630
3 0.382812 0.871032 0.070685 0.113757
3 0.449591 0.850198 0.071801 0.109127
3 0.494978 0.789352 0.071801 0.099868
4 0.598028 0.934854 0.101562 0.126323
3 0.391741 0.606812 0.033482 0.061508
3 0.841518 0.567130 0.069940 0.052249
3 0.750000 0.564815 0.083333 0.059524
3 0.082589 0.463955 0.058036 0.041667
3 0.011905 0.449735 0.023810 0.038360
3 0.287016 0.410384 0.046503 0.032407
3 0.794271 0.488757 0.060268 0.043651
4 0.697731 0.497685 0.070312 0.060185
3 0.482329 0.502976 0.060640 0.045635
3 0.528460 0.485450 0.058408 0.044974
3 0.181362 0.461310 0.053943 0.037698
3 0.295015 0.465278 0.057292 0.037698
3 0.346168 0.501323 0.056176 0.043651
3 0.082217 0.445437 0.058036 0.037698
3 0.310640 0.431217 0.046131 0.038360
3 0.363839 0.479828 0.057292 0.041667
3 0.211124 0.494048 0.062128 0.043651
3 0.218750 0.476852 0.058036 0.037037
3 0.231027 0.449405 0.048363 0.036376
3 0.396949 0.438161 0.049107 0.040344
3 0.090774 0.508598 0.071429 0.043651
3 0.091332 0.478836 0.057664 0.039683
3 0.238095 0.394180 0.024554 0.034392
8 0.370722 0.435847 0.123884 0.076720
3 0.593564 0.439484 0.056920 0.037698
3 0.684338 0.438823 0.050223 0.035053
8 0.640439 0.451058 0.135789 0.091270
3 0.012649 0.504630 0.025298 0.038360
3 0.504650 0.451058 0.047991 0.038360
3 0.497582 0.436508 0.046503 0.038360
3 0.743676 0.440146 0.054315 0.040344
3 0.811198 0.438492 0.059152 0.039683
3 0.819568 0.463955 0.060268 0.042989
3 0.878348 0.418320 0.060268 0.035053
3 0.903832 0.441468 0.053199 0.035053
3 0.941406 0.416005 0.059896 0.038360
0 0.142299 0.266204 0.284598 0.245370
0 0.614025 0.632275 0.391741 0.255291
2 0.296689 0.670635 0.028646 0.030423
1 0.294643 0.658399 0.014881 0.050926
0 0.210007 0.744709 0.420015 0.170635
0 0.339472 0.544643 0.152158 0.085317
2 0.207031 0.559193 0.026414 0.027116
1 0.202753 0.540013 0.015625 0.032407
2 0.150298 0.541667 0.023065 0.023810
1 0.146949 0.526786 0.013393 0.029762
0 0.209263 0.578704 0.014509 0.039683
2 0.769903 0.764550 0.023438 0.054233
1 0.772879 0.751653 0.014509 0.057540
9 0.814732 0.879960 0.030506 0.058862
0 0.875186 0.828704 0.017485 0.076720
0 0.904204 0.875661 0.024182 0.071429
0 0.884673 0.937831 0.021577 0.070106
2 0.750930 0.880622 0.033854 0.064153
1 0.753348 0.863095 0.021577 0.066138
0 0.461124 0.366071 0.300967 0.087963
0 0.875186 0.716601 0.014509 0.061508
0 0.883743 0.717923 0.014509 0.064153
0 0.949963 0.690146 0.015997 0.068122
2 0.678013 0.943452 0.044271 0.061508
2 0.841704 0.927910 0.033854 0.060847
2 0.862165 0.946429 0.033854 0.055556
