3 0.381324 0.892526 0.056548 0.121032
3 0.461868 0.889220 0.059896 0.118386
3 0.525856 0.866071 0.065104 0.110450
3 0.590588 0.863426 0.065848 0.106481
3 0.638765 0.813492 0.070685 0.097884
3 0.499442 0.980489 0.068824 0.037698
3 0.579055 0.979167 0.077009 0.040344
4 0.735305 0.956680 0.091146 0.086640
3 0.554688 0.635913 0.033482 0.056217
3 0.936198 0.639220 0.088170 0.057540
3 0.846726 0.566468 0.072917 0.046958
3 0.871652 0.546627 0.069196 0.046958
3 0.412202 0.469577 0.054315 0.033069
3 0.324591 0.445106 0.048735 0.035714
3 0.508929 0.448082 0.046131 0.032407
3 0.670387 0.522817 0.058036 0.039021
4 0.619234 0.527447 0.067336 0.058862
3 0.473772 0.511243 0.055432 0.041005
3 0.500558 0.496693 0.053199 0.038360
3 0.500930 0.482474 0.050967 0.037698
3 0.615141 0.498677 0.053943 0.033069
3 0.372768 0.497024 0.052083 0.045635
3 0.409598 0.455688 0.049107 0.038360
3 0.566778 0.460648 0.046503 0.037698
3 0.369792 0.480489 0.052083 0.042989
3 0.153088 0.442460 0.053943 0.038360
3 0.171689 0.431878 0.040551 0.033069
3 0.263021 0.481481 0.054315 0.043651
3 0.285528 0.465939 0.049479 0.036376
3 0.556920 0.476521 0.048363 0.036376
3 0.636347 0.466931 0.049479 0.039683
3 0.160900 0.475860 0.059896 0.045635
3 0.254278 0.447751 0.045015 0.035714
3 0.425037 0.425926 0.028646 0.030423
8 0.695871 0.473545 0.123140 0.076720
3 0.807664 0.491402 0.057292 0.038360
3 0.888951 0.485119 0.050223 0.035053
8 0.918341 0.512235 0.140997 0.090608
3 0.846354 0.510913 0.052083 0.042989
3 0.699033 0.472222 0.037946 0.037037
3 0.020275 0.420304 0.035342 0.032407
3 0.102493 0.427579 0.034598 0.031085
0 0.214844 0.291667 0.394717 0.248677
0 0.680618 0.665675 0.216890 0.221561
0 0.007626 0.336640 0.015253 0.154762
0 0.200521 0.680225 0.013393 0.053571
0 0.010603 0.745040 0.015253 0.052249
0 0.226562 0.677579 0.015625 0.054894
0 0.018229 0.775132 0.019345 0.054233
0 0.060268 0.761574 0.017857 0.062831
0 0.035900 0.727513 0.018973 0.060847
2 0.366257 0.666336 0.028646 0.029762
1 0.364955 0.653108 0.014881 0.048280
0 0.325149 0.722553 0.470982 0.150132
0 0.479911 0.550595 0.343750 0.098545
2 0.249442 0.545304 0.021949 0.024471
1 0.248884 0.530754 0.015625 0.032407
2 0.212984 0.523479 0.022693 0.021825
1 0.209077 0.510913 0.010417 0.031085
0 0.892671 0.793981 0.203497 0.409392
0 0.599516 0.385913 0.240699 0.087963
