3 0.382626 0.670304 0.041295 0.068122
3 0.436570 0.668651 0.042783 0.064815
3 0.480841 0.657407 0.043527 0.064815
3 0.526786 0.655423 0.044643 0.068783
3 0.561942 0.631944 0.047991 0.058862
3 0.409598 0.752315 0.050595 0.093254
3 0.465216 0.739418 0.050967 0.087302
3 0.515253 0.736111 0.055804 0.082011
5 0.584449 0.752976 0.069940 0.110450
4 0.617188 0.710317 0.061012 0.078042
3 0.442522 0.899802 0.061384 0.119709
3 0.504278 0.862103 0.055432 0.090608
3 0.561756 0.848214 0.060268 0.093254
3 0.631138 0.863757 0.071801 0.101852
3 0.680990 0.833664 0.076265 0.098545
3 0.547805 0.965278 0.071801 0.066799
3 0.609375 0.947090 0.078125 0.103175
3 0.740141 0.941799 0.085193 0.107143
3 0.499442 0.537037 0.030878 0.041005
3 0.863653 0.534392 0.056176 0.044974
3 0.783668 0.526124 0.064360 0.042989
3 0.869420 0.491402 0.051339 0.044974
3 0.570871 0.466601 0.049479 0.037698
3 0.674107 0.474206 0.051339 0.037037
3 0.731957 0.470569 0.049479 0.032407
0 0.015253 0.952712 0.022321 0.080026
3 0.625000 0.456019 0.047619 0.035053
3 0.466146 0.454696 0.050595 0.029762
3 0.481771 0.444114 0.046131 0.032407
3 0.503348 0.434524 0.043155 0.029101
3 0.459263 0.420635 0.042039 0.030423
3 0.510603 0.412698 0.047247 0.027778
3 0.404390 0.435185 0.043155 0.033069
4 0.370350 0.438161 0.049479 0.041667
3 0.291853 0.431878 0.044271 0.031746
3 0.330729 0.425595 0.038690 0.031085
3 0.564918 0.441138 0.042039 0.031746
3 0.653646 0.447421 0.046131 0.032407
3 0.211868 0.430886 0.042039 0.029762
3 0.682292 0.428902 0.040923 0.036376
3 0.201823 0.401455 0.042039 0.031746
3 0.269159 0.404101 0.029390 0.027778
0 0.274182 0.269511 0.307292 0.238757
0 0.637091 0.568452 0.216890 0.197751
0 0.080915 0.317791 0.079241 0.154101
0 0.075893 0.682209 0.011905 0.049603
10 0.073475 0.655093 0.016741 0.049603
0 0.023065 0.619048 0.016369 0.047619
0 0.071615 0.606481 0.009301 0.048942
0 0.089286 0.620370 0.013393 0.042328
0 0.075707 0.621032 0.017485 0.041005
0 0.128534 0.579034 0.014509 0.046958
0 0.120164 0.610780 0.010417 0.036376
0 0.120164 0.601521 0.012649 0.039021
0 0.161272 0.620040 0.015253 0.044312
0 0.186198 0.571098 0.010045 0.039021
0 0.191592 0.610450 0.011161 0.041005
0 0.219308 0.606151 0.013765 0.042989
0 0.218936 0.593254 0.015997 0.047619
2 0.249442 0.563492 0.025670 0.023810
1 0.246652 0.548611 0.011905 0.032407
0 0.373698 0.583333 0.275670 0.092593
0 0.355841 0.480489 0.344122 0.098545
0 0.910714 0.768519 0.175595 0.460317
0 0.595424 0.363426 0.170759 0.087963
0 0.782366 0.650463 0.080357 0.248016
