3 0.383557 0.648479 0.040179 0.066799
3 0.435454 0.646164 0.042039 0.062169
3 0.477865 0.635913 0.042039 0.061508
3 0.521949 0.634259 0.043155 0.063492
3 0.555990 0.612434 0.046503 0.055556
3 0.408854 0.723545 0.047619 0.088624
3 0.462240 0.711310 0.048735 0.081349
3 0.510789 0.708664 0.052083 0.076058
5 0.576079 0.722884 0.065848 0.104497
4 0.608259 0.684193 0.058036 0.073413
3 0.441592 0.856812 0.058780 0.110450
3 0.500744 0.822421 0.053571 0.083995
3 0.555432 0.811177 0.057292 0.087963
3 0.621838 0.825397 0.067336 0.096561
3 0.669085 0.796627 0.071801 0.091931
3 0.544085 0.942791 0.071801 0.109127
3 0.601376 0.909392 0.076265 0.112434
3 0.723958 0.898148 0.081101 0.108466
3 0.715402 0.962963 0.090774 0.071429
3 0.497024 0.526455 0.031250 0.038360
3 0.853051 0.521825 0.054315 0.044974
3 0.775484 0.512235 0.064360 0.042989
3 0.820499 0.478175 0.050967 0.044974
3 0.544085 0.456349 0.046503 0.038360
3 0.638021 0.460648 0.049107 0.036376
3 0.689732 0.456019 0.049107 0.032407
0 0.041667 0.891865 0.022321 0.077381
3 0.595982 0.446759 0.043155 0.035053
3 0.444382 0.443452 0.045759 0.031085
3 0.466146 0.431548 0.046131 0.032407
3 0.507626 0.427249 0.042039 0.027778
3 0.470610 0.415675 0.041667 0.031085
3 0.509859 0.406746 0.047247 0.027778
3 0.392485 0.425926 0.043155 0.033069
4 0.354353 0.428241 0.049479 0.041667
3 0.278274 0.423611 0.043155 0.032407
3 0.317708 0.416997 0.037202 0.029762
3 0.684710 0.424272 0.045015 0.037698
3 0.220610 0.397156 0.039435 0.032407
0 0.279576 0.267526 0.293527 0.236111
0 0.013021 0.523479 0.026042 0.216270
0 0.634487 0.557870 0.216890 0.187169
0 0.092820 0.317791 0.079241 0.154101
0 0.090030 0.656746 0.011905 0.048942
10 0.086124 0.632606 0.016741 0.049603
0 0.044457 0.598214 0.013021 0.042989
0 0.089658 0.594246 0.011905 0.048280
0 0.109189 0.601852 0.013765 0.042328
0 0.098028 0.599537 0.011533 0.041667
0 0.127418 0.562500 0.013765 0.046958
0 0.136161 0.596230 0.010417 0.036376
0 0.136161 0.580026 0.012649 0.039683
0 0.180246 0.600860 0.015253 0.044312
0 0.188058 0.555886 0.013021 0.039021
0 0.209635 0.592262 0.011533 0.040344
0 0.234933 0.588294 0.013021 0.042989
0 0.238281 0.576720 0.015997 0.047619
2 0.242001 0.550265 0.025670 0.023810
1 0.239955 0.536376 0.011905 0.031746
0 0.386347 0.559524 0.266741 0.092593
0 0.355469 0.472553 0.340402 0.090608
0 0.929501 0.767526 0.136533 0.460979
0 0.593192 0.356481 0.170759 0.087302
0 0.801153 0.676918 0.117932 0.300926
