3 0.019903 0.941138 0.039807 0.116402
3 0.103795 0.909061 0.084821 0.132937
3 0.180246 0.849868 0.082217 0.119048
3 0.255022 0.814153 0.077753 0.107143
3 0.299479 0.744048 0.077381 0.095238
3 0.257068 0.957672 0.107887 0.082011
5 0.372024 0.942791 0.125744 0.113095
4 0.407738 0.868056 0.102679 0.130291
3 0.174851 0.587963 0.039435 0.064815
3 0.620722 0.481151 0.064360 0.050926
3 0.538690 0.438161 0.055060 0.042989
3 0.614397 0.415013 0.056920 0.042989
3 0.401972 0.451058 0.064360 0.043651
3 0.422619 0.432209 0.061012 0.040344
3 0.040179 0.412037 0.060268 0.043651
3 0.250930 0.478175 0.074777 0.050265
3 0.184338 0.460648 0.065104 0.052249
3 0.265253 0.401786 0.057292 0.037698
3 0.335565 0.396164 0.054315 0.038360
8 0.224516 0.418981 0.138765 0.090608
3 0.075149 0.491733 0.075893 0.045635
3 0.037574 0.474537 0.069940 0.052249
3 0.143601 0.413029 0.052083 0.045635
3 0.409412 0.390873 0.046503 0.039683
3 0.512835 0.382275 0.052455 0.039683
3 0.400298 0.415013 0.052083 0.040344
3 0.640811 0.347884 0.052455 0.034392
3 0.593564 0.372685 0.047247 0.035053
3 0.691964 0.339947 0.045387 0.033069
3 0.655134 0.364087 0.046131 0.037698
0 0.410342 0.625661 0.247768 0.244709
9 0.084449 0.630291 0.040179 0.039683
2 0.111793 0.573743 0.035342 0.037698
2 0.162388 0.557870 0.030134 0.032407
0 0.074591 0.645503 0.021205 0.060847
0 0.178385 0.669643 0.213914 0.144841
0 0.112723 0.558862 0.013393 0.039683
0 0.232701 0.533069 0.108259 0.080688
2 0.515625 0.789021 0.037202 0.064815
0 0.515997 0.779101 0.022321 0.064815
9 0.512649 0.757275 0.037202 0.066138
1 0.511533 0.754299 0.022321 0.073413
9 0.603981 0.757275 0.030134 0.059524
0 0.673549 0.688161 0.015997 0.064153
0 0.693080 0.756283 0.018601 0.062831
0 0.598586 0.834987 0.022321 0.070767
0 0.667597 0.628968 0.014509 0.056878
0 0.674479 0.620040 0.014137 0.064153
6 0.675781 0.833333 0.049479 0.054233
2 0.723772 0.844246 0.029390 0.066799
9 0.743862 0.861772 0.026414 0.097884
0 0.742932 0.721892 0.016369 0.074735
0 0.814918 0.731812 0.027158 0.066799
1 0.839844 0.725860 0.021205 0.046958
1 0.826637 0.710648 0.019345 0.040344
9 0.775112 0.873347 0.047247 0.095899
2 0.719308 0.755291 0.039807 0.055556
1 0.722656 0.739749 0.025670 0.061508
0 0.881510 0.731812 0.023438 0.072090
0 0.932478 0.956349 0.026414 0.080688
0 0.665179 0.552249 0.011905 0.056878
0 0.658110 0.553571 0.011905 0.051587
0 0.233259 0.341601 0.428571 0.087963
0 0.702939 0.627976 0.015253 0.056217
0 0.728609 0.680886 0.017485 0.061508
0 0.698847 0.694114 0.014509 0.061508
0 0.703311 0.688161 0.013021 0.064153
0 0.794085 0.959325 0.020461 0.080026
0 0.577939 0.531415 0.011533 0.049603
0 0.735677 0.594246 0.015253 0.058862
2 0.484561 0.850198 0.044271 0.053571
2 0.630394 0.792659 0.025670 0.049603
2 0.646391 0.803902 0.028646 0.042989
