3 0.381696 0.689153 0.042411 0.070106
3 0.437314 0.687831 0.043527 0.067460
3 0.483259 0.675926 0.044643 0.067460
3 0.531064 0.673280 0.045759 0.072751
3 0.567336 0.649471 0.049851 0.062169
3 0.410528 0.776786 0.053199 0.097222
3 0.467634 0.763228 0.052827 0.091270
3 0.519159 0.759590 0.059152 0.086640
5 0.591704 0.778770 0.073289 0.115741
4 0.624814 0.732474 0.063616 0.082672
3 0.446615 0.930556 0.065848 0.117725
3 0.510417 0.895833 0.058780 0.094577
3 0.570871 0.879960 0.065104 0.097222
3 0.644531 0.899471 0.076265 0.113757
3 0.694754 0.865079 0.079985 0.107143
3 0.548549 0.985780 0.071801 0.025794
3 0.617374 0.963955 0.077753 0.069444
3 0.756324 0.960648 0.084821 0.074735
3 0.503720 0.544312 0.030506 0.043651
3 0.877232 0.546296 0.058036 0.044974
3 0.795201 0.536376 0.064360 0.043651
3 0.918527 0.503307 0.051339 0.044974
3 0.597098 0.474537 0.052083 0.037698
3 0.707217 0.484458 0.052083 0.039021
3 0.772135 0.481151 0.049479 0.032407
3 0.656250 0.466270 0.048363 0.034392
3 0.490699 0.463294 0.051339 0.029762
3 0.505580 0.449405 0.046131 0.032407
3 0.500186 0.439153 0.045015 0.030423
3 0.449777 0.424272 0.043155 0.029762
3 0.512835 0.418651 0.047247 0.027778
3 0.416667 0.442130 0.043155 0.032407
4 0.385045 0.446098 0.049851 0.041667
3 0.304688 0.437831 0.045387 0.031746
3 0.343564 0.431548 0.042039 0.031085
3 0.560268 0.449405 0.042411 0.032407
3 0.652158 0.452712 0.046131 0.032407
3 0.224888 0.436839 0.042039 0.031085
3 0.538690 0.430886 0.043155 0.031085
3 0.562500 0.421627 0.039435 0.029762
3 0.391555 0.427249 0.039062 0.029101
3 0.431176 0.408399 0.037202 0.025794
3 0.685082 0.434193 0.038318 0.035053
3 0.188058 0.404431 0.043527 0.031085
3 0.255766 0.409392 0.029390 0.027778
0 0.269717 0.270833 0.319196 0.240079
0 0.639695 0.577712 0.216890 0.207011
0 0.069940 0.318452 0.078869 0.154101
0 0.063988 0.702712 0.011905 0.049603
10 0.062500 0.672619 0.017113 0.050265
0 0.009301 0.633598 0.012649 0.047619
0 0.059710 0.619048 0.010789 0.050265
0 0.077753 0.633929 0.013393 0.041667
0 0.059710 0.630952 0.017485 0.041005
0 0.130952 0.590608 0.017113 0.046296
0 0.107701 0.625992 0.010789 0.037698
0 0.107887 0.616402 0.012649 0.039683
0 0.145275 0.633929 0.015253 0.044312
0 0.186570 0.582341 0.010789 0.039021
0 0.177827 0.626653 0.011161 0.044312
0 0.206101 0.618386 0.014881 0.042328
0 0.202939 0.608466 0.015997 0.047619
2 0.256510 0.575397 0.025670 0.023810
1 0.255208 0.560516 0.011905 0.033730
0 0.372582 0.595899 0.293527 0.092593
0 0.359003 0.487103 0.343750 0.098545
0 0.894531 0.769180 0.208705 0.458995
0 0.597284 0.369378 0.170759 0.087963
0 0.766183 0.627646 0.047991 0.202381
