3 0.020647 0.941138 0.041295 0.116402
3 0.105469 0.909061 0.084449 0.132937
3 0.181734 0.849868 0.082217 0.119048
3 0.256324 0.814815 0.078125 0.107143
3 0.300967 0.744048 0.077381 0.095238
3 0.257440 0.957672 0.107887 0.082011
5 0.372024 0.942791 0.125744 0.113095
4 0.407738 0.868056 0.102679 0.130291
3 0.175223 0.587963 0.039435 0.064815
3 0.621094 0.481812 0.064360 0.050926
3 0.704985 0.411376 0.057292 0.044974
3 0.534970 0.438823 0.055060 0.042989
3 0.610677 0.415675 0.056920 0.042989
3 0.398251 0.451720 0.064360 0.043651
3 0.417411 0.432870 0.061012 0.040344
3 0.043155 0.412368 0.059524 0.044312
3 0.245722 0.479497 0.074777 0.050265
3 0.179688 0.461310 0.065476 0.052249
3 0.267113 0.401786 0.057292 0.037698
3 0.336682 0.396164 0.054315 0.038360
8 0.226004 0.418981 0.138765 0.090608
3 0.072359 0.491733 0.074777 0.045635
3 0.036086 0.474868 0.067708 0.051587
3 0.145089 0.413029 0.052083 0.045635
3 0.412388 0.390873 0.046503 0.039683
3 0.513951 0.381614 0.052455 0.039683
3 0.402902 0.415013 0.052083 0.040344
3 0.640439 0.347884 0.052455 0.034392
3 0.596168 0.373347 0.047247 0.035053
3 0.691592 0.339947 0.045387 0.033069
3 0.656622 0.364087 0.046131 0.037698
0 0.407366 0.624669 0.252976 0.245370
9 0.091146 0.629630 0.040179 0.039683
2 0.111421 0.573743 0.035342 0.037698
2 0.162016 0.557870 0.030134 0.032407
0 0.073847 0.645503 0.021205 0.060847
0 0.170387 0.668981 0.218750 0.144841
0 0.111979 0.559193 0.013393 0.040344
0 0.230469 0.537037 0.101562 0.080688
2 0.518601 0.791667 0.037202 0.066138
0 0.518973 0.781085 0.022321 0.064815
9 0.515997 0.760582 0.037202 0.066138
1 0.514881 0.756944 0.022321 0.073413
9 0.603981 0.757275 0.030134 0.059524
0 0.673177 0.688161 0.015997 0.064153
0 0.693080 0.755622 0.018601 0.062831
0 0.600818 0.835648 0.021577 0.069444
0 0.668713 0.629630 0.014509 0.056878
0 0.675595 0.621693 0.014881 0.064815
6 0.676153 0.833995 0.049479 0.054233
2 0.724516 0.844907 0.029390 0.066799
9 0.744606 0.862434 0.026414 0.097884
0 0.744792 0.723876 0.016369 0.074735
0 0.815662 0.732474 0.027158 0.066799
1 0.840960 0.726521 0.021205 0.046958
1 0.827381 0.710648 0.019345 0.040344
9 0.775484 0.874669 0.047247 0.095899
2 0.723214 0.756944 0.038690 0.053571
1 0.726004 0.741733 0.024926 0.061508
0 0.882254 0.731151 0.023438 0.072090
0 0.934338 0.957672 0.026414 0.080688
0 0.665551 0.552910 0.011905 0.056878
0 0.658854 0.553902 0.011905 0.050926
0 0.237351 0.341601 0.423363 0.087963
0 0.701823 0.627976 0.015253 0.056217
0 0.729725 0.682209 0.017485 0.061508
0 0.698475 0.692791 0.014509 0.061508
0 0.703125 0.687500 0.013393 0.064153
0 0.794457 0.959325 0.020461 0.080026
0 0.578683 0.531415 0.011533 0.049603
0 0.736235 0.594907 0.015625 0.058862
2 0.484561 0.849537 0.044271 0.053571
2 0.630766 0.792659 0.025670 0.049603
2 0.646763 0.804563 0.028646 0.042989
