3 0.159040 0.933862 0.073289 0.129630
3 0.251302 0.907738 0.073289 0.128968
3 0.320499 0.864749 0.074033 0.114418
3 0.389881 0.839616 0.072173 0.109127
3 0.433594 0.775794 0.071801 0.099206
5 0.492001 0.964616 0.108259 0.068122
4 0.534970 0.917328 0.098958 0.137566
3 0.325521 0.603836 0.033482 0.060847
3 0.765997 0.538690 0.069940 0.052249
3 0.676339 0.546296 0.078869 0.059524
3 0.208891 0.406085 0.046503 0.033069
4 0.739397 0.476190 0.070312 0.059524
3 0.500000 0.491733 0.061012 0.045635
3 0.560454 0.472222 0.058408 0.044974
3 0.044271 0.465608 0.053571 0.041005
3 0.157180 0.462302 0.060640 0.038360
3 0.356213 0.494048 0.056176 0.043651
3 0.222470 0.422619 0.046131 0.038360
3 0.390997 0.472884 0.057292 0.042328
3 0.208519 0.493717 0.064360 0.042989
3 0.215588 0.474206 0.059896 0.038360
3 0.097656 0.451389 0.056920 0.040344
3 0.290923 0.426918 0.049107 0.040344
3 0.084077 0.510913 0.076637 0.045635
3 0.072731 0.484458 0.059896 0.040344
3 0.159970 0.386905 0.024554 0.034392
8 0.236607 0.428571 0.127232 0.076720
3 0.500186 0.426257 0.056920 0.037698
3 0.590588 0.421627 0.050223 0.035053
8 0.527716 0.435185 0.126860 0.091270
3 0.368118 0.443783 0.047991 0.038360
3 0.398996 0.425926 0.046503 0.038360
3 0.656622 0.421627 0.054315 0.040344
3 0.728237 0.408730 0.059152 0.039683
3 0.706287 0.441138 0.059896 0.039683
3 0.799479 0.392857 0.052083 0.034392
3 0.809338 0.415013 0.053199 0.035053
3 0.852493 0.392857 0.045015 0.038360
0 0.109933 0.270833 0.219866 0.248016
0 0.532366 0.626984 0.391369 0.255291
0 0.079241 0.692460 0.019345 0.060847
0 0.042039 0.712302 0.019345 0.054233
2 0.270647 0.662037 0.028646 0.030423
1 0.269531 0.646495 0.015253 0.050926
0 0.163876 0.697090 0.327753 0.170635
0 0.282366 0.551587 0.116815 0.097884
2 0.195499 0.554894 0.026414 0.027778
1 0.192522 0.538360 0.015253 0.033069
2 0.134859 0.540675 0.025670 0.029762
1 0.131882 0.530093 0.013021 0.035053
0 0.168341 0.579365 0.014509 0.039683
2 0.678013 0.711640 0.023438 0.054233
1 0.679501 0.699405 0.014509 0.057540
9 0.745908 0.835648 0.030506 0.058862
0 0.797433 0.785384 0.017485 0.077381
0 0.824219 0.827050 0.022693 0.070767
0 0.793527 0.896164 0.021577 0.070106
0 0.857143 0.792659 0.016369 0.074735
0 0.870722 0.782738 0.021205 0.078704
6 0.821801 0.927249 0.049107 0.054233
2 0.868118 0.953704 0.029390 0.066138
2 0.642299 0.790344 0.026414 0.054233
1 0.644717 0.774802 0.018601 0.064153
0 0.817708 0.624339 0.014881 0.056878
0 0.806548 0.621032 0.011905 0.056878
0 0.384859 0.361442 0.300967 0.087963
0 0.892671 0.790013 0.019717 0.068122
0 0.804129 0.698082 0.014509 0.061508
0 0.811570 0.696759 0.014509 0.064153
0 0.774368 0.567791 0.016741 0.049603
0 0.877790 0.663690 0.015997 0.068122
2 0.615141 0.912368 0.044271 0.053571
2 0.768787 0.878307 0.033110 0.060847
2 0.788690 0.893849 0.033482 0.054894
