3 0.093750 0.915344 0.087054 0.137566
3 0.171317 0.855159 0.082961 0.119048
3 0.248512 0.819114 0.079613 0.107804
3 0.294643 0.743717 0.078125 0.094577
3 0.252604 0.960979 0.107887 0.076720
5 0.370164 0.945106 0.125744 0.108466
4 0.405878 0.871362 0.102679 0.130291
3 0.174107 0.587963 0.039435 0.064815
3 0.621094 0.486111 0.064360 0.050265
3 0.636905 0.428902 0.055060 0.042989
3 0.522879 0.438492 0.062128 0.043651
3 0.590588 0.416005 0.056176 0.039683
3 0.013579 0.408730 0.027158 0.043651
3 0.398996 0.452381 0.068080 0.048942
3 0.330171 0.445437 0.061384 0.052249
3 0.210938 0.413029 0.057292 0.037698
3 0.298735 0.399471 0.054315 0.038360
8 0.183036 0.421958 0.140625 0.092593
3 0.242932 0.471230 0.069196 0.044312
3 0.171503 0.458664 0.069940 0.052249
3 0.109189 0.478175 0.077009 0.043651
3 0.096354 0.416336 0.052083 0.045635
3 0.374814 0.393519 0.056176 0.038360
3 0.482887 0.383598 0.052083 0.038360
3 0.346726 0.421296 0.054315 0.039683
3 0.647135 0.351190 0.052455 0.034392
3 0.563058 0.377646 0.044271 0.034392
3 0.696615 0.344577 0.045015 0.033069
3 0.632812 0.369378 0.046131 0.037698
0 0.498326 0.640873 0.126860 0.240741
0 0.017857 0.664683 0.014881 0.058201
9 0.001860 0.636905 0.003720 0.039683
2 0.148251 0.566138 0.035342 0.038360
2 0.202567 0.546627 0.030134 0.032407
0 0.129836 0.635251 0.021577 0.061508
0 0.337426 0.671296 0.190476 0.145503
0 0.144903 0.550926 0.013765 0.039683
0 0.310826 0.537368 0.248884 0.132937
2 0.626488 0.897156 0.040179 0.068122
1 0.630022 0.882606 0.023438 0.080026
2 0.610491 0.845569 0.037202 0.062831
1 0.611607 0.834987 0.025298 0.069444
9 0.607329 0.767196 0.030134 0.059524
0 0.679501 0.693452 0.016741 0.065476
0 0.719122 0.788029 0.018601 0.062831
0 0.550967 0.829696 0.027530 0.077381
0 0.659040 0.609458 0.014509 0.056217
0 0.670573 0.603505 0.013021 0.057540
6 0.680804 0.837302 0.049107 0.054233
2 0.730097 0.849537 0.029390 0.066799
9 0.750558 0.866402 0.026414 0.097884
0 0.710751 0.690146 0.015253 0.065476
0 0.817894 0.734127 0.020461 0.066138
1 0.843192 0.729828 0.021205 0.046958
1 0.832217 0.714616 0.019345 0.040344
9 0.779204 0.882937 0.044271 0.096561
2 0.636161 0.725198 0.038690 0.053571
1 0.638021 0.710648 0.023065 0.052249
0 0.861049 0.767196 0.023438 0.071429
0 0.925037 0.931548 0.026414 0.085317
0 0.964844 0.898479 0.028646 0.086640
0 0.668527 0.557540 0.011905 0.056878
0 0.659598 0.556217 0.011905 0.051587
0 0.205357 0.340608 0.410714 0.088624
0 0.736049 0.628638 0.015253 0.056217
0 0.727865 0.680225 0.017485 0.061508
0 0.730841 0.732804 0.014509 0.063492
0 0.738653 0.729828 0.011533 0.068122
0 0.804874 0.967593 0.020461 0.063492
0 0.584263 0.542659 0.011533 0.049603
0 0.648996 0.543320 0.011533 0.045635
0 0.739397 0.599537 0.014509 0.058862
2 0.485305 0.857474 0.044271 0.053571
2 0.632254 0.798611 0.025670 0.049603
2 0.649368 0.809854 0.028646 0.042989
