3 0.148065 0.933862 0.074405 0.129630
3 0.241257 0.907407 0.074033 0.129630
3 0.311012 0.862765 0.075149 0.114418
3 0.380580 0.837632 0.072917 0.109127
3 0.424293 0.773148 0.071801 0.099206
5 0.482887 0.962302 0.110119 0.072751
4 0.524740 0.912368 0.098586 0.136905
3 0.313988 0.602183 0.033482 0.061508
3 0.755208 0.534722 0.069940 0.052249
3 0.666667 0.539683 0.078869 0.059524
3 0.190662 0.406085 0.046503 0.033069
4 0.750558 0.470238 0.070312 0.059524
3 0.508929 0.487434 0.061012 0.044974
3 0.569010 0.468254 0.058408 0.044974
3 0.020089 0.468915 0.040179 0.044974
3 0.128534 0.463624 0.062872 0.038360
3 0.361793 0.492725 0.056176 0.043651
3 0.212426 0.420635 0.046131 0.038360
3 0.404390 0.470238 0.057292 0.042328
3 0.210007 0.493056 0.064360 0.042989
3 0.218192 0.473214 0.059896 0.039021
3 0.070871 0.452050 0.059896 0.040344
3 0.271949 0.426257 0.049107 0.040344
3 0.084635 0.511574 0.076265 0.048280
3 0.070871 0.484458 0.061384 0.040344
3 0.144345 0.384921 0.024554 0.034392
8 0.210007 0.429563 0.131324 0.076058
3 0.488281 0.424934 0.056920 0.037698
3 0.570499 0.418981 0.050223 0.035053
8 0.505394 0.434524 0.126860 0.091270
3 0.340588 0.442460 0.047991 0.038360
3 0.379278 0.424603 0.046503 0.038360
3 0.637649 0.418981 0.054315 0.040344
3 0.711868 0.408730 0.059152 0.039683
3 0.684338 0.440146 0.059896 0.037698
3 0.786086 0.391534 0.052083 0.034392
3 0.792969 0.412368 0.053199 0.035053
3 0.840960 0.386905 0.045015 0.038360
0 0.104539 0.270172 0.209077 0.248016
0 0.521577 0.625000 0.390625 0.255291
0 0.075149 0.689815 0.019345 0.060847
0 0.033482 0.710979 0.019345 0.054233
2 0.265067 0.658730 0.028646 0.030423
1 0.263579 0.641865 0.015253 0.050926
0 0.160156 0.699074 0.320312 0.170635
0 0.274182 0.550265 0.107887 0.097884
2 0.193638 0.552249 0.026414 0.027778
1 0.190662 0.536706 0.015253 0.032407
2 0.132626 0.539352 0.025670 0.029762
1 0.129464 0.532738 0.012649 0.040344
0 0.159412 0.581349 0.014509 0.039683
2 0.662760 0.702381 0.023438 0.054233
1 0.664621 0.689484 0.014509 0.057540
9 0.731399 0.827050 0.030506 0.058862
0 0.782924 0.779431 0.017485 0.077381
0 0.809524 0.820767 0.019345 0.070106
0 0.776042 0.887566 0.021577 0.070106
0 0.837426 0.776124 0.015625 0.069444
0 0.851749 0.769511 0.018229 0.078704
6 0.808780 0.918651 0.049107 0.054233
2 0.852493 0.943122 0.029390 0.066138
2 0.621838 0.777116 0.026414 0.054233
1 0.624256 0.764220 0.018601 0.064153
0 0.803943 0.616733 0.014881 0.057540
0 0.791667 0.613757 0.011905 0.056878
0 0.366629 0.356151 0.300967 0.087963
0 0.724702 0.642857 0.011161 0.052910
0 0.877790 0.781415 0.019717 0.068122
0 0.790737 0.695437 0.014509 0.061508
0 0.797433 0.692791 0.014509 0.064153
0 0.766927 0.564484 0.016741 0.049603
0 0.867001 0.657077 0.015997 0.068122
2 0.604353 0.905754 0.044271 0.053571
2 0.757812 0.872354 0.031250 0.058201
2 0.776414 0.886574 0.031994 0.049603
