3 0.394159 0.787368 0.048735 0.094577
3 0.461124 0.784722 0.052455 0.091931
3 0.515253 0.768519 0.053571 0.085979
3 0.571429 0.766204 0.056548 0.081349
3 0.612723 0.731151 0.058036 0.077381
3 0.424107 0.909392 0.063988 0.128307
3 0.494606 0.894180 0.064360 0.125661
3 0.558780 0.889220 0.071429 0.121032
5 0.646205 0.910053 0.092262 0.137566
4 0.687128 0.852513 0.081845 0.109788
3 0.535714 0.590278 0.030506 0.053571
3 0.966890 0.606481 0.064732 0.055556
3 0.867746 0.591601 0.074777 0.048280
3 0.793155 0.528770 0.058036 0.048280
3 0.960193 0.546958 0.066220 0.044974
3 0.872210 0.520833 0.061384 0.044312
3 0.649740 0.511243 0.058408 0.041005
3 0.665551 0.494709 0.061756 0.038360
3 0.474888 0.458003 0.050223 0.032407
3 0.395275 0.435847 0.045015 0.030423
3 0.522879 0.437500 0.047247 0.028439
3 0.530320 0.480489 0.052455 0.037698
4 0.498140 0.485119 0.058036 0.050926
3 0.396577 0.473214 0.051339 0.036376
3 0.415923 0.465608 0.053571 0.037037
3 0.553571 0.467262 0.046131 0.037698
3 0.642485 0.478505 0.051339 0.032407
3 0.300595 0.464947 0.048363 0.039683
3 0.492188 0.446098 0.043155 0.031085
3 0.578683 0.443122 0.042039 0.033069
3 0.306176 0.452712 0.045387 0.036376
3 0.235119 0.433201 0.045387 0.038360
3 0.265439 0.424603 0.038318 0.033069
3 0.608259 0.462302 0.046131 0.033069
3 0.636905 0.446098 0.046875 0.035053
3 0.330357 0.438823 0.043155 0.036376
3 0.436570 0.422950 0.032366 0.031085
8 0.735677 0.460317 0.120908 0.078042
3 0.799665 0.468915 0.045015 0.039683
3 0.863467 0.476521 0.049851 0.035053
8 0.934524 0.493056 0.130208 0.090608
3 0.704799 0.457341 0.038318 0.035053
3 0.109561 0.416667 0.043527 0.033069
3 0.189546 0.420635 0.033854 0.029101
0 0.247396 0.279101 0.378720 0.248677
0 0.681362 0.628638 0.216890 0.221561
0 0.029390 0.334656 0.058780 0.154762
0 0.023624 0.782738 0.013021 0.053571
10 0.027344 0.740741 0.021949 0.060847
0 0.012277 0.693783 0.020833 0.051587
0 0.172061 0.632937 0.013021 0.048942
0 0.057478 0.690146 0.013021 0.044312
0 0.071987 0.675595 0.013021 0.046958
0 0.069010 0.706349 0.015997 0.047619
0 0.214844 0.627315 0.015997 0.044312
0 0.117001 0.693783 0.015997 0.050265
0 0.150670 0.687169 0.020833 0.051587
0 0.134487 0.663029 0.015253 0.052249
2 0.321987 0.618056 0.025670 0.024471
1 0.319382 0.604167 0.011533 0.040344
0 0.372024 0.650463 0.395833 0.118386
0 0.430060 0.517196 0.343750 0.097884
2 0.193080 0.506944 0.019345 0.021825
1 0.191592 0.495701 0.015625 0.032407
2 0.161830 0.489749 0.022321 0.023148
1 0.159784 0.480820 0.010789 0.026455
0 0.893415 0.765212 0.212426 0.452381
0 0.598400 0.377976 0.207217 0.087963
