3 0.095982 0.912368 0.086310 0.135582
3 0.172805 0.852513 0.082961 0.119048
3 0.249070 0.816468 0.078497 0.107804
3 0.294271 0.743717 0.078125 0.094577
3 0.254836 0.959325 0.107887 0.078704
5 0.370908 0.944114 0.125744 0.110450
4 0.406622 0.870040 0.102679 0.130291
3 0.173735 0.587963 0.039435 0.064815
3 0.618490 0.485450 0.064360 0.050265
3 0.593006 0.432209 0.055060 0.042989
3 0.676711 0.414352 0.057292 0.042989
3 0.475632 0.444444 0.064360 0.043651
3 0.516741 0.424934 0.060268 0.040344
3 0.021949 0.411376 0.043899 0.043651
3 0.335565 0.462302 0.072917 0.050265
3 0.259487 0.454034 0.061384 0.052249
3 0.235491 0.406415 0.057292 0.037698
3 0.317336 0.398148 0.054315 0.038360
8 0.200521 0.421958 0.140625 0.092593
3 0.164621 0.482143 0.071801 0.044974
3 0.110119 0.467262 0.069940 0.052249
3 0.034040 0.486111 0.068080 0.044974
3 0.122396 0.416997 0.052083 0.045635
3 0.387835 0.391534 0.056176 0.038360
3 0.496280 0.383598 0.052083 0.038360
3 0.370908 0.416997 0.052083 0.040344
3 0.646019 0.348545 0.052455 0.034392
3 0.576265 0.375331 0.045387 0.035053
3 0.694568 0.344577 0.045387 0.033069
3 0.641555 0.368056 0.046503 0.037698
0 0.460565 0.638228 0.183036 0.236772
9 0.009301 0.640212 0.018601 0.039683
2 0.132999 0.568122 0.035342 0.038360
2 0.187686 0.552579 0.030134 0.032407
0 0.102493 0.641865 0.021205 0.061508
0 0.230097 0.671296 0.254836 0.145503
0 0.128720 0.552910 0.013393 0.039683
0 0.273810 0.547950 0.187500 0.128968
9 0.605841 0.762566 0.030134 0.059524
0 0.677269 0.692791 0.016741 0.065476
0 0.705729 0.772156 0.018601 0.062831
0 0.570685 0.834325 0.027530 0.077381
0 0.660528 0.614749 0.014509 0.053571
0 0.669271 0.606151 0.013393 0.057540
6 0.676897 0.832672 0.049479 0.054233
2 0.724888 0.845569 0.029390 0.066799
9 0.744606 0.861772 0.026414 0.097884
0 0.726749 0.703704 0.015253 0.062169
0 0.815290 0.731481 0.023438 0.066138
1 0.839100 0.726521 0.021205 0.046958
1 0.827381 0.711971 0.019345 0.040344
9 0.774740 0.875000 0.045759 0.096561
2 0.672991 0.734788 0.037202 0.052910
1 0.673921 0.720899 0.023438 0.052910
0 0.869606 0.748347 0.023438 0.072090
0 0.923177 0.940476 0.026414 0.083333
0 0.980655 0.909722 0.023810 0.085317
0 0.665551 0.554233 0.011905 0.056878
0 0.656622 0.554894 0.011905 0.051587
0 0.213728 0.340939 0.427455 0.087963
0 0.719680 0.633929 0.015253 0.056217
0 0.727865 0.680225 0.017485 0.061508
0 0.712240 0.713955 0.014509 0.061508
0 0.720052 0.709987 0.011533 0.064153
0 0.797061 0.963624 0.020461 0.071429
0 0.577195 0.536045 0.011533 0.049603
0 0.736049 0.596892 0.014509 0.058862
2 0.484933 0.854167 0.044271 0.053571
2 0.630022 0.793981 0.025670 0.049603
2 0.646391 0.804563 0.028646 0.042989
