3 0.385417 0.735780 0.045387 0.080026
3 0.446987 0.733135 0.050223 0.077381
3 0.496094 0.719907 0.048735 0.076058
3 0.547619 0.717262 0.050595 0.073413
3 0.585751 0.686177 0.052455 0.066799
3 0.415179 0.840939 0.057292 0.113095
3 0.478981 0.825397 0.058408 0.107143
3 0.535900 0.819775 0.064360 0.103836
5 0.614583 0.843915 0.081845 0.134921
4 0.652344 0.788690 0.071801 0.094577
3 0.445499 0.976190 0.067336 0.043651
3 0.524182 0.960979 0.063244 0.074074
3 0.591146 0.951058 0.069196 0.089947
3 0.671503 0.958995 0.081101 0.078042
3 0.732887 0.937831 0.096726 0.112434
3 0.514881 0.566138 0.030506 0.043651
3 0.917039 0.572751 0.072917 0.044974
3 0.822173 0.562169 0.063988 0.043651
3 0.680804 0.500992 0.052083 0.037698
3 0.813802 0.510582 0.057664 0.039683
3 0.906622 0.507275 0.054315 0.043651
3 0.748512 0.490410 0.053571 0.036376
3 0.557850 0.485450 0.051711 0.038360
3 0.569196 0.469907 0.052083 0.032407
3 0.486793 0.452050 0.046503 0.032407
3 0.416481 0.433532 0.044271 0.029762
3 0.510231 0.424603 0.047247 0.027778
3 0.463542 0.458333 0.043155 0.037037
4 0.433408 0.464616 0.055804 0.044312
3 0.345238 0.456019 0.048363 0.035053
3 0.371094 0.449405 0.047991 0.032407
3 0.557664 0.456680 0.043899 0.035053
3 0.641741 0.464286 0.046131 0.033069
3 0.257254 0.452712 0.043527 0.035053
3 0.513579 0.437500 0.043527 0.031085
3 0.566778 0.433201 0.039062 0.034392
3 0.264137 0.437500 0.045387 0.036376
3 0.264137 0.427579 0.045387 0.037698
3 0.294085 0.417328 0.038318 0.033069
3 0.357329 0.430556 0.039062 0.029101
3 0.428199 0.415675 0.037202 0.025794
3 0.690662 0.446759 0.038318 0.035053
3 0.145647 0.412037 0.043527 0.031746
3 0.220796 0.416667 0.029390 0.027778
0 0.258557 0.275132 0.348958 0.244709
0 0.654204 0.602183 0.216890 0.221561
0 0.044829 0.334656 0.077753 0.154762
0 0.042225 0.745370 0.012277 0.051587
10 0.040737 0.705688 0.021949 0.059524
0 0.016555 0.647156 0.011533 0.052249
0 0.038318 0.665344 0.012649 0.041005
0 0.012835 0.667328 0.015997 0.052910
0 0.146577 0.611111 0.017113 0.046296
0 0.079427 0.657738 0.013021 0.044312
0 0.084635 0.643188 0.013021 0.046958
0 0.106399 0.671958 0.014881 0.047619
0 0.196243 0.605489 0.013765 0.042989
0 0.145461 0.660384 0.013393 0.044312
0 0.177455 0.652778 0.017857 0.044974
0 0.167225 0.636905 0.015253 0.051587
2 0.283668 0.597553 0.025670 0.024471
1 0.282924 0.583664 0.011533 0.040344
0 0.373884 0.622685 0.343750 0.105159
0 0.384673 0.516534 0.343750 0.097884
0 0.881138 0.770172 0.236979 0.458333
0 0.597842 0.374008 0.188244 0.087963
