3 0.385975 0.741733 0.045759 0.081349
3 0.448289 0.739087 0.051339 0.078704
3 0.497768 0.725529 0.049107 0.076720
3 0.549851 0.722553 0.051339 0.073413
3 0.588542 0.691138 0.052827 0.067460
3 0.416109 0.849537 0.057664 0.115741
3 0.480655 0.833664 0.059524 0.109127
3 0.538132 0.828042 0.065104 0.105820
5 0.617746 0.853175 0.082961 0.137566
4 0.656250 0.795966 0.072917 0.095899
3 0.525670 0.966601 0.063244 0.064153
3 0.593750 0.957672 0.069196 0.080688
3 0.675223 0.964947 0.081101 0.067460
3 0.753534 0.959325 0.097842 0.078704
3 0.516741 0.568122 0.030506 0.043651
3 0.923735 0.576720 0.072917 0.044974
3 0.827381 0.565476 0.063988 0.043651
3 0.693266 0.503968 0.052455 0.039683
3 0.830543 0.514550 0.059152 0.039683
3 0.927827 0.511574 0.055804 0.044312
3 0.762277 0.494378 0.055804 0.037698
3 0.567708 0.487434 0.052083 0.038360
3 0.579241 0.472553 0.052083 0.032407
3 0.485119 0.452712 0.046875 0.032407
3 0.413504 0.433532 0.044271 0.029762
3 0.511719 0.425926 0.047247 0.027778
3 0.470796 0.461310 0.043527 0.037698
4 0.440662 0.467262 0.056176 0.045635
3 0.350818 0.458003 0.048363 0.035053
3 0.376302 0.451720 0.050223 0.033069
3 0.556920 0.458333 0.044643 0.035714
3 0.641741 0.466270 0.046131 0.033069
3 0.262277 0.454034 0.044643 0.036376
3 0.510603 0.438823 0.043527 0.031085
3 0.567708 0.434524 0.039435 0.034392
3 0.268229 0.438823 0.045387 0.036376
3 0.258185 0.429233 0.045387 0.038360
3 0.288876 0.418651 0.038318 0.033069
3 0.612723 0.452381 0.046131 0.031746
3 0.618676 0.438492 0.046131 0.034392
3 0.353609 0.431217 0.039807 0.030423
3 0.429129 0.416667 0.036086 0.026455
3 0.692894 0.448082 0.038318 0.035053
3 0.141183 0.413029 0.043527 0.032407
3 0.216332 0.416997 0.029390 0.027116
0 0.257254 0.275794 0.353051 0.244709
0 0.657924 0.605489 0.216890 0.221561
0 0.042411 0.334656 0.075893 0.154762
0 0.039621 0.750331 0.012277 0.052249
10 0.039249 0.710648 0.021949 0.060185
0 0.012835 0.652447 0.011533 0.052249
0 0.035342 0.666667 0.012649 0.041005
0 0.007068 0.669974 0.014137 0.052910
0 0.149182 0.613757 0.017113 0.046296
0 0.077567 0.663690 0.013021 0.044312
0 0.083519 0.646495 0.013021 0.046958
0 0.101562 0.675926 0.015625 0.047619
0 0.198661 0.609458 0.015625 0.042989
0 0.142113 0.664352 0.015625 0.044312
0 0.173549 0.657077 0.018229 0.045635
0 0.162388 0.640542 0.015253 0.052249
2 0.288132 0.600860 0.025670 0.024471
1 0.287016 0.586971 0.011533 0.040344
0 0.374070 0.626323 0.350818 0.108466
0 0.386161 0.523148 0.343750 0.097884
0 0.882812 0.770833 0.233631 0.457011
0 0.598028 0.374669 0.190848 0.087963
