3 0.094308 0.914683 0.086682 0.137566
3 0.171317 0.854497 0.082961 0.119048
3 0.248698 0.818452 0.079241 0.107804
3 0.294643 0.743717 0.078125 0.094577
3 0.252976 0.960648 0.107887 0.077381
5 0.370164 0.944775 0.125744 0.109127
4 0.405878 0.871362 0.102679 0.130291
3 0.173735 0.587963 0.039435 0.064815
3 0.620722 0.485450 0.064360 0.050265
3 0.629464 0.428902 0.055060 0.042989
3 0.516183 0.438492 0.063616 0.043651
3 0.577195 0.417328 0.056176 0.039683
3 0.014881 0.409392 0.029762 0.043651
3 0.388579 0.454034 0.068824 0.049603
3 0.318266 0.446759 0.061384 0.052249
3 0.215030 0.411706 0.057292 0.037698
3 0.301339 0.399471 0.054315 0.038360
8 0.186012 0.421958 0.140625 0.092593
3 0.229353 0.472222 0.070312 0.044974
3 0.161086 0.458664 0.069940 0.052249
3 0.095424 0.478836 0.077009 0.043651
3 0.100446 0.416336 0.052083 0.045635
3 0.377046 0.393519 0.056176 0.038360
3 0.485119 0.383598 0.052083 0.038360
3 0.351004 0.420635 0.053943 0.039683
3 0.647135 0.351190 0.052455 0.034392
3 0.565662 0.377646 0.044271 0.034392
3 0.696243 0.344577 0.045015 0.033069
3 0.634115 0.369378 0.046503 0.037698
0 0.491443 0.640542 0.134673 0.240079
0 0.014695 0.665675 0.014509 0.057540
9 0.001860 0.636905 0.003720 0.039683
2 0.146019 0.566138 0.035342 0.038360
2 0.199963 0.547950 0.030134 0.032407
0 0.125000 0.636574 0.021577 0.061508
0 0.318266 0.671296 0.207961 0.145503
0 0.142485 0.551587 0.013393 0.039683
0 0.304688 0.539352 0.238839 0.132937
2 0.634115 0.903770 0.039807 0.068122
1 0.637463 0.889220 0.023438 0.080026
2 0.616071 0.850860 0.037202 0.062831
1 0.617560 0.840278 0.025298 0.069444
9 0.607329 0.766534 0.030134 0.059524
0 0.679129 0.692791 0.016741 0.065476
0 0.717634 0.784061 0.018601 0.062831
0 0.554688 0.830357 0.027530 0.077381
0 0.659040 0.609788 0.014509 0.055556
0 0.670201 0.603175 0.013021 0.056878
6 0.680804 0.835979 0.049107 0.054233
2 0.729353 0.848876 0.029390 0.066799
9 0.749070 0.865079 0.026414 0.097884
0 0.712240 0.690807 0.015253 0.062831
0 0.817894 0.734127 0.020461 0.066138
1 0.843192 0.729828 0.021205 0.046958
1 0.832031 0.718585 0.018973 0.040344
9 0.778088 0.880952 0.044271 0.096561
2 0.642113 0.725860 0.039435 0.053571
1 0.643973 0.711310 0.023065 0.052249
0 0.862909 0.764220 0.023438 0.072090
0 0.923921 0.932540 0.026414 0.084656
0 0.967076 0.899802 0.028646 0.086640
0 0.668155 0.556878 0.011905 0.056878
0 0.659226 0.556217 0.011905 0.051587
0 0.206845 0.340608 0.413690 0.088624
0 0.733073 0.629960 0.015253 0.056217
0 0.727865 0.680225 0.017485 0.061508
0 0.727865 0.729828 0.014509 0.062831
0 0.735677 0.726852 0.011533 0.067460
0 0.803757 0.966931 0.020461 0.064815
0 0.583147 0.541997 0.011533 0.049603
0 0.649740 0.541667 0.011533 0.044974
0 0.738281 0.598876 0.014509 0.058862
2 0.485305 0.856812 0.044271 0.053571
2 0.632254 0.797288 0.025670 0.049603
2 0.649368 0.808532 0.028646 0.042989
