3 0.397879 0.846230 0.052455 0.110450
3 0.472098 0.843915 0.055060 0.107143
3 0.532366 0.824405 0.060268 0.099868
3 0.593192 0.822421 0.062128 0.094577
3 0.639137 0.781085 0.065476 0.089947
3 0.429315 0.958664 0.066964 0.082672
3 0.510045 0.950397 0.069196 0.096561
3 0.581287 0.948413 0.077009 0.100529
5 0.675223 0.960979 0.095982 0.076720
4 0.725260 0.923611 0.091146 0.121032
3 0.553385 0.614418 0.033110 0.054233
3 0.913504 0.616071 0.071801 0.048280
3 0.932292 0.563823 0.069196 0.048280
3 0.761905 0.542328 0.063988 0.043651
3 0.779762 0.525794 0.066220 0.043651
3 0.452567 0.461640 0.050223 0.039683
3 0.367001 0.442791 0.047247 0.036376
3 0.528460 0.444114 0.046503 0.032407
3 0.610305 0.502976 0.056920 0.037698
4 0.569568 0.505952 0.061012 0.050265
3 0.448661 0.494048 0.054315 0.039683
3 0.467076 0.484127 0.053199 0.038360
3 0.540737 0.475860 0.050967 0.037698
3 0.640811 0.488757 0.053943 0.033069
3 0.344308 0.482474 0.050967 0.042989
3 0.456659 0.452050 0.046503 0.039021
3 0.584635 0.452050 0.046503 0.037698
3 0.350260 0.463955 0.050223 0.039021
3 0.201823 0.434524 0.051711 0.038360
3 0.226935 0.426587 0.039435 0.033069
3 0.248698 0.464947 0.053943 0.042328
3 0.271019 0.453373 0.050223 0.035053
3 0.594308 0.470238 0.047247 0.034392
3 0.647321 0.462302 0.049107 0.039683
3 0.298921 0.442130 0.043527 0.036376
3 0.442150 0.423611 0.032366 0.031085
8 0.721726 0.469246 0.120536 0.077381
3 0.811198 0.481481 0.052455 0.038360
3 0.895275 0.485780 0.050223 0.035053
8 0.936570 0.505952 0.126116 0.091270
3 0.703311 0.460979 0.038318 0.035714
3 0.067522 0.418651 0.043527 0.033069
3 0.149368 0.423611 0.034598 0.031085
0 0.229725 0.286045 0.388765 0.249339
0 0.698847 0.655754 0.216890 0.221561
0 0.016183 0.336640 0.032366 0.154762
10 0.007440 0.784392 0.014137 0.062169
0 0.196243 0.656085 0.013021 0.052910
0 0.033296 0.721230 0.013021 0.049603
0 0.047805 0.708664 0.017485 0.052249
0 0.229167 0.652116 0.009673 0.047619
0 0.076451 0.734458 0.015997 0.054894
0 0.116071 0.722222 0.020089 0.054233
0 0.093192 0.695437 0.018229 0.058862
2 0.356213 0.639881 0.028646 0.029762
1 0.354539 0.627646 0.015625 0.039683
0 0.358631 0.690807 0.441964 0.138228
0 0.461682 0.538360 0.343750 0.097884
2 0.232701 0.526455 0.019717 0.022487
1 0.230841 0.516204 0.015253 0.032407
2 0.200707 0.506283 0.022693 0.021825
1 0.198289 0.497024 0.010417 0.027116
0 0.901600 0.784392 0.192336 0.431217
0 0.599144 0.382606 0.225818 0.087963
