3 0.343750 0.933201 0.061012 0.132275
3 0.429315 0.925926 0.064732 0.129630
3 0.496466 0.897156 0.068824 0.119709
3 0.564918 0.891865 0.069568 0.115741
3 0.612723 0.833003 0.073661 0.105159
4 0.704613 0.965278 0.090774 0.069444
3 0.513951 0.638889 0.033110 0.060847
3 0.897879 0.633267 0.090402 0.058862
3 0.909784 0.567791 0.074033 0.050926
3 0.939174 0.550926 0.073289 0.044974
3 0.324591 0.467262 0.055432 0.031085
3 0.239583 0.448082 0.050595 0.035053
3 0.449777 0.439153 0.046131 0.033069
3 0.720982 0.530423 0.060268 0.043651
4 0.654762 0.534061 0.069940 0.062831
3 0.481771 0.520172 0.058036 0.045635
3 0.512091 0.508929 0.059152 0.037698
3 0.415365 0.479167 0.050967 0.037698
3 0.533296 0.490079 0.053943 0.038360
3 0.371466 0.509921 0.053943 0.044974
3 0.324219 0.451720 0.053199 0.038360
3 0.506510 0.457011 0.046503 0.038360
3 0.368118 0.490410 0.053199 0.042989
3 0.061384 0.446759 0.057292 0.041667
3 0.062686 0.436839 0.050967 0.032407
3 0.246094 0.493386 0.056176 0.043651
3 0.270275 0.478175 0.051711 0.038360
3 0.469122 0.473214 0.048363 0.036376
3 0.581659 0.458333 0.049479 0.039683
3 0.143229 0.494048 0.060268 0.043651
3 0.135045 0.466601 0.052083 0.036376
3 0.158482 0.453042 0.048363 0.038360
3 0.381696 0.419643 0.024554 0.029762
8 0.608073 0.468254 0.128348 0.076720
3 0.760789 0.484458 0.057292 0.037698
3 0.836868 0.477183 0.050223 0.035053
8 0.858445 0.504960 0.152158 0.090608
8 0.047805 0.544312 0.095610 0.134921
3 0.752790 0.497685 0.052455 0.042989
3 0.676711 0.475860 0.037202 0.037698
0 0.195312 0.302579 0.390625 0.228175
0 0.692522 0.669974 0.282366 0.220899
0 0.177455 0.713955 0.019345 0.061508
0 0.190290 0.704696 0.018973 0.053571
2 0.354353 0.687500 0.028646 0.029762
1 0.351935 0.669312 0.014881 0.050265
0 0.273996 0.745040 0.532366 0.171296
0 0.443452 0.562500 0.343750 0.098545
2 0.243118 0.563823 0.026414 0.027116
1 0.241815 0.545304 0.015625 0.032407
2 0.199591 0.539352 0.022693 0.021825
1 0.196429 0.526124 0.013393 0.029762
0 0.600074 0.389881 0.259673 0.087963
