3 0.388207 0.882606 0.055432 0.118386
3 0.467634 0.879630 0.058780 0.115079
3 0.530878 0.857804 0.063988 0.108466
3 0.594680 0.855159 0.065104 0.104497
3 0.642857 0.807540 0.069940 0.096561
3 0.503162 0.973545 0.068824 0.051587
3 0.579799 0.972553 0.077009 0.053571
4 0.734189 0.951058 0.091146 0.097884
3 0.556548 0.631944 0.033482 0.054894
3 0.930618 0.635251 0.081473 0.053571
3 0.826451 0.563823 0.074777 0.042989
3 0.851562 0.543981 0.069196 0.046958
3 0.424851 0.468585 0.051339 0.032407
3 0.338914 0.443452 0.047619 0.036376
3 0.518229 0.448082 0.046131 0.032407
3 0.659412 0.518849 0.056920 0.037698
4 0.611235 0.524140 0.066220 0.057540
3 0.472098 0.507275 0.054315 0.039683
3 0.493118 0.493386 0.053199 0.038360
3 0.516369 0.481151 0.051339 0.037698
3 0.624442 0.498677 0.053943 0.033069
3 0.368304 0.493056 0.052083 0.045635
3 0.424107 0.454365 0.049107 0.038360
3 0.574591 0.459987 0.046503 0.037698
3 0.367374 0.476521 0.051711 0.042989
3 0.168341 0.439815 0.053943 0.038360
3 0.188802 0.430556 0.040551 0.033069
3 0.261905 0.476852 0.054315 0.043651
3 0.284784 0.461971 0.049479 0.036376
3 0.568824 0.475860 0.048363 0.036376
3 0.641555 0.466931 0.049479 0.039683
3 0.159412 0.472884 0.059896 0.044974
3 0.266369 0.445437 0.045387 0.035053
3 0.431176 0.425595 0.030506 0.031085
8 0.710565 0.473876 0.120536 0.077381
3 0.815104 0.490741 0.057292 0.038360
3 0.899368 0.487103 0.050223 0.035053
8 0.923921 0.511243 0.136533 0.091270
3 0.700149 0.469246 0.037946 0.036376
3 0.029948 0.419643 0.046503 0.032407
3 0.117374 0.426257 0.034598 0.031085
0 0.218564 0.290344 0.393229 0.248677
0 0.687686 0.663690 0.216890 0.221561
0 0.009487 0.336640 0.018973 0.154762
0 0.200893 0.676918 0.013393 0.053571
0 0.019531 0.733135 0.017485 0.052249
0 0.227307 0.670635 0.012649 0.055556
0 0.036830 0.765212 0.019345 0.054233
0 0.019531 0.748016 0.013765 0.048942
0 0.077195 0.750331 0.015997 0.061508
0 0.052269 0.719246 0.018229 0.061508
2 0.365513 0.660384 0.028646 0.029762
1 0.363839 0.647817 0.014881 0.048280
0 0.333519 0.714616 0.463914 0.147487
0 0.471354 0.561177 0.343750 0.098545
2 0.250186 0.540344 0.019717 0.022487
1 0.249628 0.526786 0.015625 0.032407
2 0.214100 0.518188 0.022693 0.021825
1 0.210193 0.505622 0.010417 0.031085
0 0.895647 0.794312 0.195312 0.410053
0 0.599330 0.384590 0.237351 0.087963
