3 0.087612 0.934854 0.079241 0.127646
3 0.186012 0.905423 0.078869 0.133598
3 0.258557 0.852844 0.078869 0.114418
3 0.329613 0.826058 0.075149 0.108466
3 0.373698 0.758598 0.073289 0.096561
3 0.326823 0.961640 0.094122 0.074074
5 0.438988 0.951720 0.119792 0.093915
4 0.476749 0.890212 0.100818 0.132275
3 0.261161 0.593254 0.039435 0.060847
3 0.703497 0.508929 0.069196 0.052249
3 0.617374 0.514550 0.079241 0.059524
3 0.117374 0.394180 0.046503 0.033069
3 0.571429 0.459987 0.061012 0.045635
3 0.645461 0.442460 0.060268 0.043651
3 0.416109 0.475198 0.059152 0.042989
3 0.477679 0.453373 0.057292 0.042989
3 0.245722 0.483135 0.064360 0.042989
3 0.253162 0.466601 0.061384 0.040344
3 0.186756 0.419312 0.052083 0.044974
3 0.111979 0.504630 0.075893 0.050265
3 0.086496 0.479828 0.066592 0.050926
3 0.077381 0.373016 0.024554 0.034392
8 0.083705 0.426587 0.132440 0.075397
3 0.413504 0.409722 0.056920 0.037698
3 0.485305 0.408399 0.051711 0.035053
8 0.396949 0.422619 0.126488 0.091270
3 0.009115 0.509921 0.018229 0.038360
3 0.213542 0.435847 0.050595 0.038360
3 0.292969 0.417328 0.052455 0.039683
3 0.548363 0.401455 0.052827 0.039683
3 0.647879 0.390212 0.059152 0.039683
3 0.573475 0.424934 0.053199 0.037698
3 0.728423 0.372354 0.052083 0.034392
3 0.720796 0.392196 0.047247 0.034392
3 0.781436 0.367063 0.045015 0.033069
0 0.055060 0.257606 0.110119 0.248016
0 0.441964 0.616402 0.351190 0.252646
0 0.064360 0.669312 0.019345 0.060847
0 0.007626 0.699074 0.015253 0.054233
0 0.199963 0.701389 0.129836 0.168651
0 0.226562 0.540344 0.107887 0.097884
2 0.157552 0.530754 0.025670 0.029762
1 0.154018 0.518188 0.012649 0.040344
0 0.140811 0.571098 0.011533 0.040344
2 0.592820 0.658069 0.023438 0.054233
1 0.593564 0.649140 0.014509 0.057540
9 0.681176 0.801918 0.030506 0.058862
0 0.743490 0.738757 0.017485 0.075397
0 0.759487 0.781746 0.018229 0.070106
0 0.717076 0.865741 0.021205 0.070106
0 0.770089 0.716601 0.015625 0.068122
0 0.785156 0.710648 0.017485 0.078704
6 0.757068 0.879630 0.049107 0.054233
2 0.804129 0.902116 0.029390 0.066138
9 0.828311 0.916667 0.026414 0.097884
0 0.901228 0.833003 0.029390 0.074735
0 0.902716 0.786706 0.027158 0.066799
1 0.934524 0.780754 0.021577 0.046958
1 0.919271 0.771495 0.019345 0.040344
9 0.858817 0.934854 0.047247 0.095899
2 0.551525 0.722222 0.026414 0.054233
1 0.550781 0.706680 0.018229 0.064153
0 0.748884 0.587302 0.014881 0.056878
0 0.740699 0.585979 0.011905 0.056878
0 0.308966 0.351521 0.300967 0.087963
0 0.713356 0.633929 0.012277 0.053571
0 0.819940 0.734458 0.015625 0.064153
0 0.742746 0.686839 0.014509 0.061508
0 0.753162 0.681548 0.014509 0.064153
0 0.741071 0.538029 0.015625 0.049603
0 0.642299 0.545304 0.011533 0.049603
0 0.813430 0.624008 0.015997 0.068122
2 0.556734 0.878638 0.044271 0.053571
2 0.706287 0.836971 0.028646 0.054894
2 0.721540 0.849537 0.030134 0.042989
