3 0.031064 0.939815 0.062128 0.119048
3 0.125186 0.908730 0.081473 0.133598
3 0.200521 0.850529 0.081101 0.119048
3 0.274368 0.816138 0.077009 0.107143
3 0.320126 0.745701 0.075521 0.095899
3 0.273624 0.957672 0.104539 0.082011
5 0.387463 0.943783 0.125372 0.111111
4 0.423363 0.871693 0.102679 0.129630
3 0.197917 0.587632 0.039435 0.061508
3 0.641555 0.486442 0.064360 0.050926
3 0.557664 0.499669 0.078125 0.058862
3 0.021205 0.386574 0.042411 0.036376
3 0.662016 0.428902 0.059152 0.045635
3 0.497954 0.449735 0.059152 0.043651
3 0.566778 0.426587 0.056920 0.043651
3 0.352865 0.464616 0.064360 0.042989
3 0.352865 0.445437 0.061384 0.040344
3 0.086868 0.414683 0.056920 0.044974
3 0.188616 0.490079 0.075893 0.050265
3 0.135603 0.469246 0.067336 0.052249
3 0.306920 0.401124 0.057292 0.037698
3 0.380766 0.397487 0.053943 0.033069
8 0.274740 0.416667 0.132812 0.091270
3 0.038690 0.498677 0.061012 0.046296
3 0.019159 0.481481 0.037574 0.044974
3 0.052269 0.439153 0.053943 0.038360
3 0.194568 0.416667 0.052083 0.044974
3 0.450707 0.394841 0.046503 0.039683
3 0.551339 0.384259 0.049851 0.039683
3 0.448289 0.416336 0.052083 0.040344
3 0.667783 0.352513 0.052083 0.034392
3 0.633743 0.377315 0.047247 0.035053
3 0.719866 0.348214 0.045387 0.032407
3 0.696057 0.371362 0.046131 0.037698
0 0.019903 0.248347 0.039807 0.248016
0 0.385231 0.614418 0.350818 0.252646
0 0.063802 0.650132 0.021205 0.060847
0 0.100446 0.669974 0.164435 0.144180
0 0.119420 0.563823 0.013393 0.040344
2 0.576637 0.840939 0.037202 0.069444
0 0.578125 0.826720 0.022321 0.064815
9 0.583705 0.818783 0.040923 0.066138
1 0.581659 0.808532 0.022693 0.073413
9 0.626116 0.769180 0.030506 0.059524
0 0.699219 0.697751 0.015997 0.062169
0 0.702009 0.753638 0.018601 0.065476
0 0.646019 0.844246 0.021205 0.069444
0 0.696801 0.656415 0.015625 0.068122
0 0.704055 0.642196 0.016741 0.066138
6 0.693638 0.843254 0.049479 0.054233
2 0.742001 0.858796 0.029390 0.066799
9 0.762463 0.871693 0.026414 0.097884
0 0.779018 0.752976 0.023810 0.074735
0 0.834635 0.743717 0.027158 0.066799
1 0.859933 0.738426 0.021205 0.046958
1 0.845982 0.723876 0.019345 0.040344
9 0.793713 0.890542 0.047247 0.095899
2 0.791667 0.799934 0.046131 0.066799
1 0.791667 0.784722 0.029762 0.066799
0 0.905692 0.733796 0.023438 0.072090
0 0.688988 0.564153 0.011905 0.056878
0 0.681176 0.563161 0.011905 0.050926
0 0.287946 0.342262 0.357143 0.087963
0 0.707403 0.628638 0.016741 0.056217
0 0.760045 0.696098 0.014881 0.061508
0 0.702567 0.688161 0.014509 0.061508
0 0.710751 0.684193 0.014509 0.064153
0 0.823847 0.965278 0.020461 0.065476
0 0.706659 0.499669 0.012277 0.049603
0 0.589844 0.532738 0.011533 0.049603
0 0.752418 0.598876 0.015997 0.068122
2 0.503534 0.855489 0.044271 0.053571
2 0.651228 0.803241 0.025670 0.049603
2 0.667597 0.814484 0.028646 0.042989
