3 0.395461 0.794643 0.049107 0.097222
3 0.463356 0.791667 0.052455 0.093915
3 0.518229 0.775132 0.054315 0.087302
3 0.574963 0.773479 0.057664 0.082672
3 0.616815 0.737434 0.058780 0.079365
3 0.425781 0.918981 0.065104 0.130291
3 0.496838 0.904101 0.065104 0.129630
3 0.562500 0.899471 0.072173 0.123016
5 0.651414 0.918981 0.093750 0.135582
4 0.692522 0.862103 0.082961 0.111772
3 0.538690 0.593585 0.030506 0.053571
3 0.970610 0.610450 0.058036 0.055556
3 0.873698 0.595569 0.071801 0.048280
3 0.811012 0.535053 0.058036 0.048942
3 0.971540 0.550926 0.051711 0.044974
3 0.890253 0.526786 0.063244 0.048280
3 0.662946 0.516534 0.058036 0.043651
3 0.680432 0.499339 0.063988 0.038360
3 0.472656 0.458664 0.050223 0.032407
3 0.392113 0.436508 0.045387 0.031746
3 0.524182 0.438161 0.046875 0.029762
3 0.540179 0.483135 0.054315 0.037698
4 0.507626 0.487765 0.059152 0.050926
3 0.403646 0.475860 0.051339 0.036376
3 0.422433 0.467923 0.053199 0.037698
3 0.553013 0.468585 0.046503 0.037698
3 0.642671 0.480489 0.052455 0.032407
3 0.306734 0.466931 0.048735 0.039683
3 0.488467 0.447421 0.043155 0.031085
3 0.580543 0.445106 0.042039 0.033069
3 0.312500 0.453373 0.046131 0.036376
3 0.231399 0.432540 0.046131 0.038360
3 0.260975 0.424603 0.038318 0.033069
3 0.607515 0.462963 0.046131 0.033069
3 0.638951 0.448413 0.047247 0.035714
3 0.327009 0.440146 0.043155 0.036376
3 0.438058 0.422950 0.032366 0.031085
8 0.734933 0.461640 0.120908 0.078042
3 0.802641 0.471561 0.045015 0.039683
3 0.867932 0.477844 0.049851 0.035053
8 0.934896 0.493056 0.129464 0.090608
3 0.704799 0.457341 0.038318 0.035053
3 0.104725 0.416667 0.043527 0.033069
3 0.185826 0.421627 0.034598 0.031085
0 0.246094 0.280093 0.382812 0.249339
0 0.685082 0.632606 0.216890 0.221561
0 0.027716 0.334656 0.055432 0.154762
0 0.020275 0.788690 0.013021 0.053571
10 0.024368 0.746693 0.021949 0.060847
0 0.007626 0.698413 0.013765 0.051587
0 0.175781 0.635582 0.013021 0.048942
0 0.054874 0.692130 0.013021 0.044312
0 0.069754 0.679233 0.014509 0.048942
0 0.063430 0.710979 0.015997 0.047619
0 0.216704 0.629299 0.015997 0.044312
0 0.111793 0.697090 0.015997 0.050265
0 0.146763 0.691468 0.020461 0.052249
0 0.129650 0.666667 0.015253 0.052910
2 0.327009 0.620370 0.026042 0.025132
1 0.324405 0.607474 0.011905 0.040344
0 0.372582 0.652116 0.402158 0.117725
0 0.434152 0.520503 0.343750 0.097884
2 0.199033 0.510251 0.019345 0.021825
1 0.197545 0.498347 0.015625 0.032407
2 0.168527 0.491071 0.022321 0.023148
1 0.165737 0.482143 0.010789 0.026455
0 0.894903 0.768849 0.209449 0.451720
0 0.598586 0.378638 0.209821 0.087963
