3 0.253348 0.930886 0.066964 0.134259
3 0.340774 0.914021 0.067708 0.129630
3 0.407738 0.874008 0.070685 0.115741
3 0.475632 0.857474 0.071801 0.109127
3 0.521391 0.798942 0.071801 0.101852
4 0.622768 0.940146 0.103423 0.118386
3 0.418155 0.610780 0.033482 0.061508
3 0.872396 0.579365 0.066220 0.052910
3 0.779762 0.577381 0.084821 0.059524
3 0.137091 0.458664 0.058408 0.029762
3 0.050409 0.448413 0.056176 0.038360
3 0.320126 0.414021 0.046503 0.033069
3 0.777158 0.498016 0.060268 0.043651
4 0.687128 0.507275 0.069940 0.062169
3 0.479167 0.506283 0.058780 0.045635
3 0.521763 0.489418 0.058408 0.044974
3 0.232329 0.461310 0.053943 0.037698
3 0.347656 0.462963 0.053199 0.038360
3 0.349516 0.501323 0.056176 0.043651
3 0.136347 0.444775 0.056176 0.037698
3 0.352865 0.431217 0.046503 0.038360
3 0.356399 0.481812 0.057292 0.041667
3 0.217076 0.493717 0.059896 0.042989
3 0.228237 0.476852 0.057664 0.037037
3 0.280506 0.450728 0.048363 0.036376
3 0.443824 0.442130 0.049107 0.040344
3 0.100446 0.507275 0.067708 0.043651
3 0.102493 0.474537 0.053943 0.037698
3 0.268229 0.397487 0.024554 0.034392
8 0.420573 0.439153 0.123884 0.076720
3 0.631696 0.444114 0.057292 0.037698
3 0.721168 0.444775 0.050223 0.035053
8 0.685640 0.458995 0.135417 0.091270
3 0.018229 0.500661 0.036458 0.038360
3 0.012649 0.476852 0.025298 0.043651
3 0.557478 0.456349 0.047991 0.038360
3 0.536272 0.441138 0.046503 0.038360
3 0.777902 0.446759 0.052827 0.040344
3 0.846726 0.445106 0.060268 0.039683
3 0.868490 0.476190 0.065104 0.043651
3 0.911086 0.427249 0.060268 0.034392
3 0.942150 0.452712 0.056920 0.041667
0 0.153088 0.293651 0.306176 0.223545
0 0.641183 0.640873 0.391741 0.255291
0 0.128348 0.708333 0.019345 0.060847
0 0.112723 0.705026 0.019345 0.054233
2 0.309338 0.673280 0.028646 0.030423
1 0.307292 0.658399 0.014881 0.050926
0 0.223028 0.744709 0.430432 0.170635
0 0.352865 0.552579 0.178943 0.093254
2 0.213728 0.559193 0.026414 0.027116
1 0.209449 0.541336 0.015625 0.032407
2 0.159598 0.541997 0.022321 0.021825
1 0.155506 0.526786 0.013393 0.029762
0 0.227493 0.578704 0.014509 0.039683
2 0.806362 0.788360 0.023438 0.054233
1 0.808594 0.772817 0.014509 0.057540
9 0.845052 0.899471 0.030134 0.059524
0 0.904576 0.845238 0.017485 0.076720
0 0.936942 0.896164 0.024182 0.071429
0 0.927083 0.954365 0.021577 0.070106
2 0.798921 0.921627 0.039062 0.069444
1 0.803013 0.903439 0.021205 0.066138
0 0.493862 0.368056 0.300967 0.087963
0 0.906436 0.726521 0.014509 0.061508
0 0.917597 0.726521 0.014509 0.064153
2 0.703497 0.957672 0.043899 0.067460
2 0.870536 0.947090 0.033482 0.060847
2 0.889881 0.965608 0.033482 0.055556
