3 0.095982 0.912037 0.086310 0.134921
3 0.173177 0.851852 0.082961 0.119048
3 0.249070 0.816138 0.078497 0.107143
3 0.294271 0.743717 0.078125 0.094577
3 0.254836 0.959325 0.107887 0.078704
5 0.370908 0.943783 0.125744 0.111111
4 0.406622 0.870040 0.102679 0.130291
3 0.173363 0.587963 0.039435 0.064815
3 0.618118 0.485450 0.064360 0.050265
3 0.589658 0.432209 0.055060 0.042989
3 0.672247 0.415013 0.057292 0.042989
3 0.471540 0.445106 0.064360 0.043651
3 0.510603 0.425595 0.060640 0.040344
3 0.022879 0.411376 0.045759 0.043651
3 0.329613 0.463624 0.072917 0.050265
3 0.254278 0.454696 0.061384 0.052249
3 0.237723 0.405754 0.057292 0.037698
3 0.317336 0.398148 0.054315 0.038360
8 0.202009 0.421958 0.140625 0.092593
3 0.158296 0.483466 0.071801 0.044974
3 0.104911 0.468585 0.069940 0.052249
3 0.124628 0.416997 0.052083 0.045635
3 0.388579 0.391534 0.056176 0.038360
3 0.497396 0.383598 0.052083 0.038360
3 0.372396 0.416336 0.052083 0.040344
3 0.646019 0.348545 0.052455 0.034392
3 0.577195 0.375331 0.045759 0.035053
3 0.694568 0.344577 0.045387 0.033069
3 0.642299 0.367394 0.046503 0.037698
0 0.457775 0.638228 0.187872 0.236772
9 0.012463 0.640873 0.024926 0.039683
2 0.131510 0.568122 0.035342 0.038360
2 0.186198 0.552579 0.030134 0.032407
0 0.100632 0.641865 0.021205 0.061508
0 0.224516 0.671296 0.243676 0.145503
0 0.127232 0.552910 0.013393 0.039683
0 0.270647 0.548942 0.182664 0.128307
9 0.605841 0.762566 0.030134 0.059524
0 0.676897 0.692791 0.016741 0.065476
0 0.704241 0.770172 0.018601 0.062831
0 0.572173 0.834987 0.027530 0.077381
0 0.660528 0.615079 0.014509 0.052910
0 0.669271 0.606812 0.013393 0.058862
6 0.676525 0.832672 0.049479 0.054233
2 0.724516 0.845569 0.029390 0.066799
9 0.744234 0.861772 0.026414 0.097884
0 0.727865 0.706019 0.015253 0.061508
0 0.815104 0.731481 0.023810 0.066138
1 0.838728 0.725860 0.021205 0.046958
1 0.827009 0.711971 0.019345 0.040344
9 0.774740 0.874669 0.045759 0.095899
2 0.676153 0.737765 0.037574 0.049603
1 0.676153 0.721892 0.023438 0.052249
0 0.870350 0.747024 0.023438 0.072090
0 0.923177 0.941468 0.026414 0.082672
0 0.981957 0.911045 0.023438 0.085317
0 0.665551 0.553571 0.011905 0.056878
0 0.656622 0.554894 0.011905 0.051587
0 0.214286 0.340939 0.428571 0.087963
0 0.718564 0.633267 0.015253 0.056217
0 0.727865 0.680225 0.017485 0.061508
0 0.711124 0.712632 0.014509 0.061508
0 0.718192 0.708003 0.011533 0.064153
0 0.796317 0.963294 0.020461 0.072090
0 0.576451 0.535384 0.011533 0.049603
0 0.736049 0.596892 0.014509 0.058862
2 0.484933 0.853505 0.044271 0.053571
2 0.629650 0.793320 0.025670 0.049603
2 0.646019 0.803902 0.028646 0.042989
