3 0.390625 0.769511 0.047619 0.089286
3 0.455915 0.766204 0.052455 0.086640
3 0.507812 0.751323 0.052083 0.082011
3 0.562314 0.749008 0.054688 0.077381
3 0.602493 0.714947 0.055432 0.072751
3 0.420015 0.885251 0.061012 0.123677
3 0.488467 0.869378 0.062500 0.118386
3 0.549665 0.863426 0.068824 0.115741
5 0.633371 0.887897 0.088170 0.142196
4 0.673735 0.829034 0.078125 0.103836
3 0.605655 0.980820 0.069196 0.034392
3 0.762463 0.968915 0.097842 0.059524
3 0.527716 0.581019 0.030134 0.049603
3 0.953869 0.594246 0.071429 0.050926
3 0.854539 0.578373 0.073661 0.046958
3 0.753720 0.521825 0.058036 0.048942
3 0.910528 0.533730 0.065848 0.038360
3 0.828497 0.508267 0.058036 0.037698
3 0.617374 0.500000 0.056920 0.038360
3 0.630022 0.484788 0.056920 0.037037
3 0.479167 0.456019 0.049107 0.032407
3 0.402716 0.434854 0.044271 0.029762
3 0.518787 0.433862 0.047247 0.027778
3 0.506510 0.473876 0.048735 0.037698
4 0.474888 0.478175 0.055432 0.050265
3 0.378906 0.467262 0.050967 0.036376
3 0.399554 0.460317 0.053571 0.035714
3 0.554874 0.464286 0.046503 0.038360
3 0.642113 0.473876 0.048363 0.032407
3 0.284784 0.460317 0.047247 0.039683
3 0.501674 0.444114 0.043527 0.031085
3 0.574219 0.439153 0.042039 0.033069
3 0.291295 0.446759 0.045387 0.036376
3 0.243304 0.431878 0.045387 0.038360
3 0.273996 0.421958 0.038318 0.033069
3 0.610119 0.458664 0.046131 0.032407
3 0.630580 0.441799 0.046131 0.034392
3 0.339100 0.435847 0.042783 0.035714
3 0.433408 0.421958 0.032738 0.030423
3 0.701451 0.454696 0.038318 0.035053
3 0.121838 0.415344 0.043527 0.033069
3 0.199405 0.418981 0.031250 0.025794
0 0.251116 0.277778 0.369048 0.247354
0 0.672433 0.620040 0.216890 0.221561
0 0.033668 0.334656 0.067336 0.154762
0 0.029576 0.770172 0.013021 0.053571
10 0.032180 0.729497 0.021949 0.060847
0 0.020089 0.682540 0.013393 0.042328
0 0.165365 0.625992 0.016741 0.049603
0 0.065662 0.678241 0.013021 0.044312
0 0.077195 0.664352 0.013021 0.046958
0 0.082589 0.694444 0.015625 0.047619
0 0.208891 0.618056 0.015997 0.044312
0 0.127418 0.683862 0.015997 0.050265
0 0.160156 0.674934 0.018973 0.049603
0 0.145647 0.655093 0.015253 0.052249
2 0.308966 0.611442 0.025670 0.024471
1 0.307106 0.597553 0.011533 0.040344
0 0.371280 0.644180 0.380208 0.117725
0 0.417411 0.511905 0.343750 0.097884
0 0.889695 0.768188 0.219866 0.453042
0 0.598214 0.376653 0.200893 0.087963
