3 0.364955 0.916336 0.058780 0.127646
3 0.448475 0.911706 0.062128 0.125000
3 0.513951 0.885582 0.066592 0.116402
3 0.581101 0.882606 0.067708 0.113095
3 0.629278 0.827050 0.072545 0.102513
4 0.721912 0.967262 0.091146 0.065476
3 0.535900 0.637566 0.033110 0.058201
3 0.921503 0.637897 0.090774 0.058862
3 0.880022 0.575066 0.071057 0.050926
3 0.905692 0.554894 0.071801 0.046296
3 0.375000 0.470569 0.051339 0.032407
3 0.289249 0.448743 0.050223 0.035053
3 0.485491 0.447751 0.046131 0.033069
3 0.696243 0.533399 0.059896 0.042989
4 0.638207 0.536376 0.069568 0.062169
3 0.477679 0.521825 0.058036 0.044974
3 0.506324 0.505622 0.057292 0.037698
3 0.464844 0.485780 0.050967 0.037698
3 0.579055 0.498347 0.053943 0.036376
3 0.374256 0.506614 0.053571 0.044974
3 0.373698 0.457011 0.049479 0.038360
3 0.545573 0.461640 0.046503 0.038360
3 0.373698 0.489087 0.053199 0.042989
3 0.115513 0.447421 0.054688 0.039021
3 0.128348 0.435516 0.042411 0.032407
3 0.252232 0.491402 0.054315 0.043651
3 0.277716 0.476190 0.049479 0.038360
3 0.520833 0.477183 0.048363 0.036376
3 0.616257 0.467593 0.049479 0.039683
3 0.152344 0.484788 0.059896 0.044974
3 0.211496 0.453704 0.045759 0.038360
3 0.408854 0.425595 0.024554 0.029762
8 0.662016 0.473545 0.128348 0.076720
3 0.790551 0.493386 0.057292 0.038360
3 0.864397 0.481481 0.050223 0.034392
8 0.905692 0.515542 0.152158 0.090608
8 0.067894 0.529431 0.100074 0.127646
3 0.808594 0.508929 0.052455 0.042989
3 0.696429 0.478505 0.037946 0.037698
3 0.050037 0.434854 0.034598 0.031085
0 0.206101 0.295304 0.398065 0.248016
0 0.664249 0.668981 0.216890 0.221561
0 0.189174 0.706349 0.018229 0.062169
0 0.207031 0.697090 0.018229 0.054233
2 0.363653 0.683532 0.028646 0.029762
1 0.360491 0.666336 0.014881 0.048280
0 0.302083 0.737103 0.500744 0.160714
0 0.455357 0.561839 0.343750 0.098545
2 0.247954 0.556548 0.026414 0.027116
1 0.247396 0.540013 0.015625 0.032407
2 0.209635 0.534061 0.022693 0.021825
1 0.206287 0.521495 0.010789 0.031085
0 0.885603 0.793320 0.222842 0.408069
0 0.599702 0.387235 0.250000 0.087963
