3 0.027158 0.940146 0.054315 0.118386
3 0.117560 0.908730 0.082589 0.133598
3 0.193266 0.850529 0.081473 0.119048
3 0.267485 0.815476 0.077381 0.107143
3 0.312872 0.745370 0.075893 0.095238
3 0.264881 0.957341 0.106399 0.082672
5 0.379092 0.943122 0.125744 0.112434
4 0.414807 0.869378 0.102679 0.130291
3 0.187872 0.587632 0.039435 0.062831
3 0.632999 0.485119 0.064360 0.050926
3 0.548735 0.496362 0.078125 0.058862
3 0.678943 0.421627 0.057292 0.045635
3 0.509859 0.444444 0.056920 0.043651
3 0.582403 0.421627 0.056920 0.042989
3 0.370722 0.459656 0.064360 0.043651
3 0.377232 0.440807 0.061012 0.040344
3 0.067894 0.416005 0.056920 0.044974
3 0.207589 0.486772 0.075893 0.050265
3 0.148624 0.465939 0.067336 0.052249
3 0.288318 0.401124 0.057292 0.037698
3 0.363467 0.396164 0.054315 0.034392
8 0.255766 0.416336 0.134301 0.090608
3 0.051711 0.496032 0.066220 0.046296
3 0.025670 0.478836 0.049107 0.047619
3 0.026228 0.441138 0.052455 0.038360
3 0.175595 0.416005 0.052083 0.044974
3 0.437686 0.394841 0.046503 0.039683
3 0.535156 0.383929 0.050223 0.040344
3 0.427827 0.415013 0.052083 0.040344
3 0.660342 0.349537 0.052083 0.035053
3 0.616629 0.375992 0.047247 0.035053
3 0.707217 0.344246 0.045387 0.032407
3 0.678199 0.368056 0.046131 0.037698
0 0.393415 0.617725 0.312128 0.250000
9 0.147321 0.626653 0.040179 0.040344
0 0.067522 0.648148 0.021205 0.060847
0 0.098772 0.666667 0.197545 0.146825
0 0.114211 0.562500 0.013393 0.040344
0 0.211682 0.535053 0.056548 0.052910
2 0.551711 0.818452 0.037202 0.069444
0 0.553199 0.806878 0.022321 0.064815
9 0.553571 0.793651 0.037202 0.066138
1 0.553757 0.788690 0.022693 0.073413
9 0.617746 0.765873 0.030134 0.059524
0 0.688430 0.694444 0.016741 0.063492
0 0.695685 0.752646 0.018601 0.063492
0 0.628906 0.841931 0.021205 0.070106
0 0.684896 0.647156 0.015625 0.068122
0 0.691034 0.633598 0.016741 0.066138
6 0.684710 0.839286 0.049479 0.054233
2 0.733445 0.851521 0.029390 0.066799
9 0.753534 0.867725 0.026414 0.097884
0 0.763207 0.740741 0.018973 0.075397
0 0.824219 0.738426 0.027158 0.066799
1 0.851376 0.733135 0.021205 0.046958
1 0.837426 0.716601 0.019345 0.040344
9 0.784040 0.882606 0.047247 0.095899
2 0.765253 0.786706 0.046131 0.066799
1 0.766555 0.769511 0.029390 0.062831
0 0.894531 0.731812 0.023438 0.072090
0 0.678199 0.560185 0.011905 0.056878
0 0.670759 0.559193 0.011905 0.050926
0 0.268415 0.341601 0.382812 0.087963
0 0.703497 0.628638 0.015625 0.056217
0 0.747210 0.690807 0.015997 0.061508
0 0.698847 0.689484 0.014509 0.061508
0 0.707031 0.685516 0.014509 0.064153
0 0.810826 0.961640 0.020461 0.074074
0 0.701079 0.497024 0.012277 0.049603
0 0.585379 0.532077 0.011533 0.049603
0 0.744978 0.594246 0.015997 0.068122
2 0.495722 0.853505 0.044271 0.053571
2 0.640811 0.797950 0.025670 0.049603
2 0.657180 0.810516 0.028646 0.042989
