3 0.325149 0.932540 0.062500 0.133598
3 0.410342 0.923280 0.065476 0.129630
3 0.478237 0.892196 0.069568 0.119048
3 0.546131 0.883267 0.070685 0.113095
3 0.593192 0.825728 0.073289 0.105159
4 0.687872 0.960317 0.090774 0.079365
3 0.496466 0.630952 0.033110 0.060847
3 0.873698 0.621362 0.086682 0.058862
3 0.930618 0.560516 0.074033 0.050926
3 0.962240 0.542989 0.073289 0.044974
3 0.291481 0.465278 0.055432 0.031085
3 0.204427 0.445767 0.050967 0.034392
3 0.424107 0.430886 0.046131 0.032407
3 0.737351 0.525132 0.060268 0.043651
4 0.665179 0.530093 0.069940 0.062831
3 0.483631 0.518188 0.058036 0.045635
3 0.515811 0.506283 0.059152 0.040344
3 0.379464 0.471230 0.051339 0.037698
3 0.496466 0.483466 0.053943 0.038360
3 0.369234 0.509921 0.053943 0.044974
3 0.287388 0.449735 0.053199 0.038360
3 0.475260 0.450397 0.046503 0.038360
3 0.365513 0.489087 0.053199 0.042989
3 0.026972 0.446098 0.049479 0.040344
3 0.022693 0.433532 0.045387 0.032407
3 0.242001 0.493386 0.057664 0.043651
3 0.265253 0.478175 0.053571 0.038360
3 0.430060 0.467262 0.048363 0.036376
3 0.556920 0.453704 0.049107 0.039683
3 0.136719 0.494378 0.061384 0.042989
3 0.133185 0.467923 0.052083 0.036376
3 0.116071 0.451058 0.048363 0.038360
3 0.359747 0.412368 0.024554 0.029762
8 0.570126 0.460979 0.128348 0.076720
3 0.738467 0.473876 0.057292 0.037698
3 0.816034 0.474206 0.050223 0.034392
8 0.819196 0.496032 0.152530 0.091270
8 0.038504 0.553902 0.077009 0.138228
3 0.714844 0.487103 0.052455 0.042989
3 0.649182 0.466270 0.040923 0.038360
3 0.896577 0.489749 0.049107 0.041667
3 0.967634 0.487103 0.055804 0.040344
0 0.185826 0.311177 0.371652 0.187169
0 0.725260 0.669643 0.347842 0.220238
0 0.171317 0.712963 0.019717 0.060847
0 0.177827 0.703042 0.019345 0.054233
2 0.348400 0.686508 0.028646 0.030423
1 0.345982 0.668981 0.014881 0.050926
0 0.262277 0.745040 0.508929 0.171296
0 0.438616 0.559854 0.343750 0.098545
2 0.239397 0.560516 0.026414 0.027116
1 0.237351 0.543320 0.015625 0.032407
2 0.193638 0.539352 0.022693 0.021825
1 0.189732 0.524802 0.013393 0.029762
0 0.585379 0.388558 0.273438 0.087963
