3 0.115327 0.934193 0.077381 0.128968
3 0.210379 0.905754 0.077009 0.132937
3 0.282738 0.856151 0.078125 0.114418
3 0.352865 0.831349 0.074777 0.108466
3 0.396391 0.764220 0.071801 0.097222
3 0.346540 0.964616 0.090402 0.068122
5 0.457589 0.956349 0.115327 0.084656
4 0.496838 0.899471 0.099330 0.134921
3 0.284970 0.595899 0.034226 0.060847
3 0.727679 0.521495 0.069940 0.052249
3 0.637835 0.527116 0.079241 0.059524
3 0.153832 0.396825 0.046503 0.033069
4 0.793155 0.453042 0.069940 0.059524
3 0.542039 0.473876 0.061012 0.045635
3 0.611979 0.452381 0.060268 0.043651
3 0.053571 0.464947 0.066964 0.042328
3 0.393043 0.482474 0.059152 0.042989
3 0.444568 0.461971 0.057292 0.042989
3 0.221168 0.489749 0.064360 0.042989
3 0.231399 0.469907 0.061012 0.040344
3 0.227493 0.422619 0.048735 0.044974
3 0.097842 0.507937 0.075893 0.050265
3 0.077753 0.482143 0.064732 0.044974
3 0.109003 0.377646 0.024554 0.034392
8 0.139323 0.429233 0.137277 0.075397
3 0.450707 0.416997 0.056920 0.037698
3 0.523624 0.413690 0.050223 0.035053
8 0.445126 0.428571 0.126860 0.091270
3 0.271019 0.438161 0.047991 0.037698
3 0.332031 0.421958 0.052455 0.039683
3 0.588914 0.410384 0.054315 0.040344
3 0.678385 0.398810 0.059152 0.039683
3 0.624070 0.431217 0.059896 0.038360
3 0.752976 0.380952 0.052083 0.034392
3 0.753906 0.401786 0.053199 0.035053
3 0.806734 0.373677 0.045015 0.038360
0 0.071801 0.264881 0.143601 0.248016
0 0.469494 0.620701 0.345238 0.253307
0 0.070312 0.679233 0.019345 0.060847
0 0.015997 0.703042 0.019345 0.054233
2 0.262091 0.644180 0.028646 0.030423
1 0.259487 0.631944 0.015253 0.050926
0 0.148438 0.710979 0.296875 0.170635
0 0.246280 0.542989 0.107887 0.097884
2 0.146763 0.536706 0.025670 0.029762
1 0.143229 0.525463 0.012649 0.040344
0 0.149740 0.575397 0.014509 0.039683
2 0.625186 0.677910 0.023438 0.054233
1 0.625930 0.666997 0.014509 0.057540
9 0.701637 0.816468 0.030506 0.058862
0 0.761347 0.758929 0.017485 0.077381
0 0.783296 0.796958 0.018229 0.070106
0 0.739397 0.877315 0.021205 0.069444
0 0.800967 0.743056 0.015625 0.068122
0 0.814546 0.732474 0.017485 0.078704
6 0.779018 0.893519 0.049107 0.054233
2 0.827939 0.917989 0.029390 0.066138
9 0.849888 0.936177 0.026414 0.098545
0 0.949219 0.864749 0.029390 0.074735
0 0.932478 0.811508 0.027158 0.066138
1 0.962054 0.804563 0.021577 0.046958
1 0.949033 0.791336 0.019345 0.040344
9 0.883557 0.954034 0.043155 0.082672
2 0.582031 0.748677 0.026414 0.054233
1 0.583147 0.732474 0.018229 0.064153
0 0.774368 0.599868 0.015253 0.056878
0 0.763765 0.598545 0.011905 0.056878
0 0.328311 0.353505 0.300967 0.087963
0 0.719494 0.638558 0.011905 0.053571
0 0.845610 0.756944 0.017857 0.068122
0 0.765067 0.690146 0.014509 0.061508
0 0.771763 0.688161 0.014509 0.064153
0 0.755022 0.549934 0.016741 0.049603
0 0.662946 0.552910 0.011161 0.048942
0 0.837612 0.638558 0.015997 0.068122
2 0.577567 0.889220 0.044271 0.053571
2 0.728609 0.851521 0.028646 0.054894
2 0.744606 0.864749 0.030134 0.042989
