3 0.018229 0.941468 0.036458 0.115741
3 0.100818 0.909061 0.085565 0.132937
3 0.177455 0.849868 0.082589 0.119048
3 0.252232 0.814153 0.078125 0.107143
3 0.296689 0.743717 0.077753 0.094577
3 0.256696 0.958003 0.107887 0.081349
5 0.371652 0.942791 0.125744 0.113095
4 0.407366 0.868717 0.102679 0.130291
3 0.174107 0.587963 0.039435 0.064815
3 0.619606 0.479828 0.064360 0.050926
3 0.545759 0.436839 0.055060 0.042989
3 0.621466 0.413690 0.056920 0.042989
3 0.412016 0.449735 0.064360 0.043651
3 0.434152 0.430886 0.061012 0.040344
3 0.034226 0.410714 0.061012 0.043651
3 0.261719 0.476190 0.074033 0.050265
3 0.193824 0.459325 0.063988 0.052249
3 0.261161 0.402447 0.057292 0.037698
3 0.332961 0.396164 0.054315 0.038360
8 0.221354 0.419312 0.139137 0.091270
3 0.087054 0.489749 0.075893 0.045635
3 0.047247 0.473214 0.069940 0.052249
3 0.141369 0.413690 0.052083 0.045635
3 0.403088 0.389550 0.046503 0.039683
3 0.510789 0.382275 0.052827 0.039683
3 0.395089 0.415013 0.052083 0.040344
3 0.641555 0.347884 0.052455 0.034392
3 0.589844 0.372685 0.047247 0.035053
3 0.692336 0.340608 0.045387 0.033069
3 0.652716 0.364087 0.046503 0.037698
0 0.416109 0.627976 0.237723 0.244048
9 0.070685 0.631614 0.040179 0.039683
2 0.113281 0.573743 0.035342 0.037698
2 0.163504 0.558532 0.030134 0.032407
0 0.076079 0.644841 0.021205 0.060847
0 0.194196 0.670635 0.203869 0.145503
0 0.113839 0.558201 0.013393 0.039683
0 0.237537 0.531746 0.120164 0.084656
2 0.510045 0.784722 0.037202 0.062831
0 0.510045 0.775132 0.022321 0.064815
9 0.505952 0.750661 0.037202 0.066138
1 0.504836 0.748347 0.022321 0.073413
9 0.604353 0.757937 0.030134 0.059524
0 0.674107 0.688492 0.016369 0.064815
0 0.693824 0.757606 0.018601 0.062831
0 0.594308 0.833995 0.024182 0.072751
0 0.665365 0.626984 0.014509 0.058201
0 0.672061 0.617394 0.013021 0.064153
6 0.674293 0.832011 0.049479 0.054233
2 0.722284 0.843585 0.029390 0.066799
9 0.742374 0.860450 0.026414 0.097884
0 0.739211 0.717923 0.016369 0.074735
0 0.814174 0.730489 0.027158 0.066799
1 0.837612 0.724537 0.021205 0.046958
1 0.824405 0.709987 0.019345 0.040344
9 0.773996 0.872024 0.047247 0.095899
2 0.711682 0.751984 0.042411 0.059524
1 0.716332 0.736442 0.027158 0.061508
0 0.879278 0.731812 0.023438 0.072090
0 0.928757 0.953373 0.026414 0.081349
0 0.663690 0.550265 0.011905 0.056878
0 0.656994 0.552910 0.011905 0.051587
0 0.225632 0.341601 0.438616 0.087963
0 0.704799 0.628638 0.015253 0.056217
0 0.727865 0.680225 0.017485 0.061508
0 0.699591 0.696098 0.014509 0.061508
0 0.703869 0.689484 0.012649 0.064153
0 0.794085 0.959325 0.020461 0.080026
0 0.576451 0.530754 0.011533 0.049603
0 0.734375 0.592923 0.014881 0.058862
2 0.484561 0.850860 0.044271 0.053571
2 0.629278 0.791336 0.025670 0.049603
2 0.644903 0.802579 0.028646 0.042989
