3 0.396019 0.797950 0.049479 0.098545
3 0.464286 0.795635 0.052083 0.095238
3 0.519717 0.778770 0.055060 0.087963
3 0.576823 0.776455 0.057664 0.083333
3 0.619048 0.740741 0.059524 0.080688
3 0.426525 0.923611 0.065848 0.131614
3 0.498140 0.909061 0.065476 0.130291
3 0.564360 0.904431 0.072917 0.123677
5 0.654018 0.923280 0.094494 0.134921
4 0.695126 0.866733 0.083705 0.113095
3 0.540179 0.594907 0.030506 0.053571
3 0.972656 0.612434 0.053943 0.055556
3 0.878162 0.596230 0.071801 0.048280
3 0.820312 0.538360 0.058036 0.048942
3 0.977493 0.553571 0.044271 0.044974
3 0.899926 0.528770 0.063244 0.048280
3 0.670573 0.518188 0.058408 0.042989
3 0.687872 0.500992 0.063988 0.039021
3 0.471540 0.459325 0.050223 0.032407
3 0.390625 0.436839 0.045387 0.032407
3 0.524926 0.438492 0.046875 0.029101
3 0.545015 0.484458 0.055060 0.037698
4 0.512277 0.489087 0.059524 0.050926
3 0.407180 0.477183 0.050967 0.036376
3 0.425781 0.469246 0.053199 0.037698
3 0.552827 0.469246 0.046131 0.037698
3 0.642857 0.481812 0.052827 0.032407
3 0.309896 0.468254 0.049107 0.039683
3 0.486049 0.447751 0.043527 0.031746
3 0.581101 0.445437 0.042411 0.033730
3 0.315662 0.453704 0.046503 0.035714
3 0.229539 0.432540 0.046875 0.038360
3 0.259115 0.424603 0.038318 0.033069
3 0.606771 0.463624 0.046131 0.033069
3 0.639881 0.449405 0.047619 0.036376
3 0.324777 0.440146 0.043155 0.036376
3 0.438430 0.422950 0.032366 0.031085
8 0.734189 0.462632 0.120908 0.077381
3 0.804129 0.473545 0.045015 0.039683
3 0.870164 0.478505 0.049851 0.035053
8 0.935082 0.493386 0.129092 0.091270
3 0.704799 0.457341 0.038318 0.035053
3 0.102493 0.416667 0.043527 0.033069
3 0.183594 0.420966 0.034598 0.031085
0 0.244792 0.280093 0.383185 0.249339
0 0.686942 0.634590 0.216890 0.221561
0 0.026786 0.335317 0.053571 0.154762
0 0.018787 0.791997 0.013021 0.053571
10 0.023251 0.749339 0.021949 0.060847
0 0.005394 0.701058 0.010045 0.051587
0 0.178013 0.636905 0.013021 0.048942
0 0.053757 0.692791 0.013021 0.044312
0 0.069010 0.681548 0.015253 0.049603
0 0.060826 0.712963 0.015997 0.047619
0 0.217820 0.629960 0.015997 0.044312
0 0.109561 0.699074 0.015997 0.050265
0 0.144717 0.693452 0.020089 0.052249
0 0.127232 0.668981 0.015625 0.053571
2 0.329427 0.621693 0.026414 0.025132
1 0.327195 0.608796 0.012277 0.040344
0 0.372768 0.652778 0.405506 0.117725
0 0.436012 0.521825 0.343750 0.097884
2 0.202009 0.511574 0.019345 0.021825
1 0.200521 0.499008 0.015625 0.032407
2 0.171689 0.491733 0.022693 0.023148
1 0.168527 0.483135 0.010417 0.027116
0 0.895647 0.770833 0.207961 0.451720
0 0.598586 0.379299 0.210565 0.087963
