3 0.104353 0.934524 0.077753 0.128307
3 0.200335 0.905423 0.077753 0.133598
3 0.273065 0.854167 0.078869 0.114418
3 0.343378 0.829365 0.075149 0.108466
3 0.387277 0.761905 0.072173 0.096561
3 0.338728 0.963624 0.091890 0.070106
5 0.450335 0.954365 0.117188 0.088624
4 0.488653 0.896164 0.100074 0.133598
3 0.275670 0.594577 0.036458 0.060847
3 0.718006 0.516204 0.069940 0.052249
3 0.630022 0.521825 0.079241 0.059524
3 0.140439 0.395503 0.046503 0.033069
3 0.554315 0.468585 0.061012 0.045635
3 0.626488 0.448413 0.060268 0.043651
3 0.035156 0.464947 0.056920 0.043651
3 0.402716 0.479828 0.059152 0.042989
3 0.457961 0.459325 0.057292 0.042989
3 0.229725 0.487103 0.064360 0.042989
3 0.239397 0.469246 0.061384 0.040344
3 0.211124 0.419974 0.051711 0.044974
3 0.103423 0.506614 0.075893 0.050265
3 0.081101 0.481481 0.065476 0.047619
3 0.098586 0.375000 0.024554 0.034392
8 0.116257 0.429233 0.138765 0.075397
3 0.437686 0.413029 0.056920 0.037698
3 0.508929 0.412368 0.050595 0.035053
8 0.425781 0.425926 0.126860 0.091270
3 0.248698 0.438161 0.047991 0.037698
3 0.317894 0.419312 0.052455 0.039683
3 0.572545 0.406746 0.054315 0.039683
3 0.666481 0.396164 0.053199 0.038360
3 0.603981 0.428571 0.057664 0.038360
3 0.742560 0.376984 0.052083 0.034392
3 0.738839 0.397817 0.052083 0.035053
3 0.797805 0.370701 0.045015 0.036376
0 0.065104 0.262235 0.130208 0.248016
0 0.456473 0.618386 0.342262 0.252646
0 0.068080 0.675265 0.019345 0.060847
0 0.012649 0.700397 0.019345 0.054233
2 0.261719 0.642857 0.028646 0.030423
1 0.258743 0.629299 0.015253 0.050926
0 0.144717 0.718254 0.289435 0.170635
0 0.236235 0.541667 0.107887 0.097884
2 0.150856 0.534061 0.025670 0.029762
1 0.146577 0.522817 0.012649 0.040344
0 0.146763 0.574405 0.014509 0.040344
2 0.612165 0.669974 0.023438 0.054233
1 0.612909 0.659722 0.014509 0.057540
9 0.693452 0.810516 0.030506 0.058862
0 0.754278 0.750992 0.017485 0.077381
0 0.773624 0.791005 0.018229 0.070106
0 0.730469 0.872685 0.021205 0.069444
0 0.788318 0.732474 0.015625 0.068122
0 0.803013 0.723876 0.017485 0.078704
6 0.771949 0.888889 0.049107 0.054233
2 0.818638 0.912037 0.029390 0.066138
9 0.841704 0.927910 0.026414 0.097884
0 0.930246 0.852183 0.029390 0.074735
0 0.919829 0.801257 0.027158 0.066799
1 0.952381 0.793981 0.021577 0.046958
1 0.937128 0.783399 0.019345 0.040344
9 0.873698 0.947421 0.045759 0.090608
2 0.569382 0.737434 0.026414 0.054233
1 0.569754 0.721230 0.018229 0.064153
0 0.764323 0.595238 0.015253 0.056878
0 0.754836 0.593254 0.011905 0.056878
0 0.316034 0.353505 0.300967 0.087963
0 0.717634 0.636574 0.011161 0.053571
0 0.836496 0.749669 0.017485 0.068122
0 0.756138 0.688823 0.014509 0.061508
0 0.764323 0.685516 0.014509 0.064153
0 0.750186 0.544643 0.016741 0.049603
0 0.654762 0.549934 0.011161 0.049603
0 0.827939 0.632606 0.015997 0.068122
2 0.569010 0.884590 0.044271 0.053571
2 0.719680 0.844907 0.028646 0.054894
2 0.735305 0.858135 0.030134 0.042989
