3 0.400484 0.819775 0.050967 0.105159
3 0.470796 0.817460 0.052455 0.101852
3 0.528832 0.799603 0.056920 0.092593
3 0.587798 0.797950 0.060268 0.087963
3 0.631510 0.760582 0.062128 0.085979
3 0.429688 0.943452 0.066964 0.113095
3 0.505952 0.931878 0.067708 0.120370
3 0.574591 0.928571 0.075521 0.119048
5 0.665551 0.943783 0.095982 0.111111
4 0.711496 0.896164 0.088170 0.120370
3 0.547619 0.603505 0.030506 0.053571
3 0.984933 0.623016 0.028646 0.055556
3 0.899368 0.606151 0.071801 0.048280
3 0.876116 0.550265 0.067708 0.048942
3 0.957403 0.539683 0.056176 0.048942
3 0.717820 0.530093 0.062128 0.042989
3 0.733445 0.513228 0.064360 0.043651
3 0.464844 0.461310 0.050223 0.032407
3 0.381138 0.438492 0.046503 0.035714
3 0.528832 0.440476 0.046503 0.031746
3 0.576823 0.493056 0.056920 0.037698
4 0.540923 0.497354 0.061012 0.050265
3 0.428013 0.485119 0.052455 0.037698
3 0.441778 0.472222 0.053199 0.038360
3 0.548363 0.472553 0.048363 0.037698
3 0.642671 0.485450 0.053943 0.033069
3 0.327381 0.474868 0.049851 0.041005
3 0.472842 0.450397 0.044643 0.037037
3 0.584821 0.448082 0.045387 0.036376
3 0.334821 0.456680 0.049107 0.035053
3 0.218750 0.432540 0.049107 0.038360
3 0.246466 0.424603 0.038318 0.033069
3 0.604167 0.465608 0.046131 0.033069
3 0.646019 0.456680 0.048735 0.039021
3 0.313244 0.440807 0.043155 0.036376
3 0.441778 0.422950 0.032366 0.031085
8 0.729167 0.466601 0.120536 0.077381
3 0.809338 0.479167 0.047247 0.039021
3 0.882999 0.482474 0.050223 0.035053
8 0.936012 0.498016 0.127232 0.091270
3 0.704799 0.457341 0.038318 0.035053
3 0.087612 0.416667 0.043527 0.033069
3 0.170945 0.420966 0.034598 0.031085
0 0.237351 0.283069 0.386161 0.248677
0 0.692894 0.645172 0.216890 0.221561
0 0.021205 0.336640 0.042411 0.154762
10 0.015439 0.767857 0.021949 0.060847
0 0.188802 0.645833 0.013021 0.050926
0 0.045201 0.704034 0.013021 0.046958
0 0.060826 0.692791 0.017485 0.052249
0 0.043155 0.730159 0.018601 0.051587
0 0.224330 0.639220 0.013393 0.045635
0 0.094308 0.713955 0.015997 0.052249
0 0.132812 0.705688 0.017113 0.054233
0 0.112537 0.681548 0.017485 0.057540
2 0.344308 0.629630 0.027902 0.027778
1 0.342820 0.618056 0.014509 0.040344
0 0.370536 0.672950 0.425595 0.128968
0 0.448661 0.530423 0.343750 0.097884
2 0.218378 0.519511 0.019345 0.021825
1 0.216704 0.507606 0.015253 0.032407
2 0.188430 0.498016 0.022693 0.022487
1 0.184524 0.489749 0.010417 0.027116
0 0.899926 0.778108 0.198661 0.443783
0 0.598772 0.380622 0.218378 0.087963
