3 0.093006 0.916667 0.087054 0.138889
3 0.170573 0.856481 0.082961 0.119048
3 0.248326 0.820106 0.079985 0.108466
3 0.294643 0.745040 0.078125 0.094577
3 0.251860 0.961640 0.107887 0.075397
5 0.369792 0.945437 0.125744 0.107804
4 0.405506 0.872024 0.102679 0.130291
3 0.174107 0.587963 0.039435 0.064815
3 0.622210 0.486111 0.064360 0.050265
3 0.654018 0.426918 0.055060 0.042989
3 0.539435 0.438492 0.058036 0.043651
3 0.623698 0.412698 0.056176 0.039683
3 0.423921 0.450397 0.067336 0.048942
3 0.358073 0.442130 0.061384 0.052249
3 0.200893 0.415675 0.057292 0.037698
3 0.293155 0.400132 0.054315 0.038360
8 0.175967 0.421958 0.140625 0.092593
3 0.276414 0.468915 0.066220 0.043651
3 0.196801 0.457341 0.069940 0.052249
3 0.142671 0.477513 0.075521 0.043651
3 0.085938 0.415675 0.052083 0.045635
3 0.368862 0.394180 0.056176 0.038360
3 0.479353 0.388889 0.056176 0.038360
3 0.336310 0.422619 0.055060 0.039683
3 0.647135 0.351190 0.052455 0.034392
3 0.557478 0.378968 0.044271 0.034392
3 0.697731 0.344577 0.045015 0.033069
3 0.627232 0.370701 0.046131 0.037698
0 0.515811 0.642526 0.106771 0.242725
0 0.026228 0.662368 0.015997 0.057540
9 0.001860 0.636905 0.003720 0.039683
2 0.154204 0.564815 0.035342 0.038360
0 0.140997 0.634590 0.021577 0.061508
0 0.360863 0.667659 0.198661 0.144841
0 0.150670 0.549272 0.014881 0.039021
0 0.326079 0.533069 0.274182 0.133598
2 0.608631 0.881283 0.040179 0.068122
1 0.612165 0.869048 0.023438 0.080688
2 0.597842 0.835648 0.037202 0.062831
1 0.600074 0.821759 0.025298 0.069444
9 0.608073 0.768519 0.030134 0.059524
0 0.680990 0.695437 0.016741 0.065476
0 0.726935 0.795304 0.018601 0.062831
0 0.542783 0.828704 0.027530 0.076720
0 0.659598 0.602183 0.013393 0.053571
0 0.670201 0.600529 0.013765 0.062169
6 0.681176 0.839947 0.049107 0.054233
2 0.731585 0.850860 0.029390 0.066799
9 0.752790 0.868386 0.026414 0.097884
0 0.704613 0.686839 0.016369 0.064153
0 0.823103 0.738426 0.020461 0.066799
1 0.845052 0.731812 0.021205 0.046958
1 0.832961 0.717262 0.019345 0.040344
9 0.781436 0.886905 0.044271 0.096561
2 0.621466 0.723545 0.037574 0.052910
1 0.622954 0.708664 0.022693 0.052249
0 0.855841 0.773148 0.023438 0.071429
0 0.926153 0.923611 0.026414 0.085317
0 0.958705 0.895503 0.028274 0.087302
0 0.669643 0.558201 0.011905 0.056878
0 0.661086 0.556217 0.011905 0.051587
0 0.202009 0.340939 0.404018 0.089286
0 0.742374 0.625992 0.015253 0.056217
0 0.728981 0.682870 0.017485 0.061508
0 0.739025 0.741402 0.014509 0.064815
0 0.746466 0.738757 0.011533 0.070106
0 0.807478 0.968915 0.020461 0.060847
0 0.587240 0.545966 0.011533 0.049603
0 0.648251 0.548611 0.011533 0.045635
0 0.644717 0.535714 0.011161 0.044974
0 0.741629 0.601521 0.014509 0.058862
2 0.485677 0.858796 0.044271 0.053571
2 0.632999 0.800595 0.025670 0.049603
2 0.649740 0.811839 0.028646 0.042989
