3 0.118118 0.934193 0.077009 0.128968
3 0.212984 0.905754 0.077009 0.132937
3 0.284970 0.856812 0.078125 0.114418
3 0.355097 0.832011 0.074777 0.108466
3 0.398996 0.764881 0.071801 0.097222
3 0.348400 0.964947 0.089658 0.067460
5 0.459449 0.956680 0.115327 0.083995
4 0.498698 0.900463 0.099330 0.134259
3 0.287574 0.596561 0.033482 0.060847
3 0.730283 0.522817 0.069940 0.052249
3 0.640067 0.528439 0.079241 0.059524
3 0.157180 0.396825 0.046503 0.033069
4 0.789435 0.454365 0.069940 0.059524
3 0.539062 0.474537 0.061012 0.045635
3 0.607887 0.453704 0.060268 0.043651
3 0.058780 0.465278 0.066964 0.041667
3 0.390439 0.483135 0.059152 0.042989
3 0.441220 0.462632 0.057292 0.042989
3 0.219308 0.490410 0.064360 0.042989
3 0.229539 0.469907 0.061012 0.040344
3 0.231771 0.423611 0.048363 0.045635
3 0.096354 0.508598 0.075893 0.050265
3 0.076823 0.482143 0.064360 0.044974
3 0.111979 0.378968 0.024554 0.034392
8 0.145089 0.429233 0.136905 0.075397
3 0.454055 0.417659 0.056920 0.037698
3 0.527344 0.414352 0.050223 0.035053
8 0.449963 0.429233 0.126860 0.091270
3 0.276600 0.438161 0.047991 0.037698
3 0.335751 0.422619 0.052455 0.039683
3 0.592634 0.410384 0.054315 0.040344
3 0.679874 0.398148 0.052455 0.039683
3 0.628906 0.431878 0.059896 0.038360
3 0.755952 0.382275 0.052083 0.034392
3 0.757999 0.403108 0.053199 0.035053
3 0.808594 0.375000 0.045015 0.038360
0 0.073475 0.265542 0.146949 0.248016
0 0.472098 0.621362 0.345238 0.254630
0 0.071057 0.680556 0.019345 0.060847
0 0.017113 0.703704 0.019345 0.054233
2 0.262091 0.644180 0.028646 0.030423
1 0.259487 0.632606 0.015253 0.050926
0 0.149554 0.708995 0.299107 0.170635
0 0.248884 0.542989 0.107887 0.097884
2 0.145647 0.536706 0.025670 0.029762
1 0.142113 0.526124 0.012649 0.040344
0 0.150484 0.575397 0.014509 0.039683
2 0.628162 0.679894 0.023438 0.054233
1 0.628906 0.668981 0.014509 0.057540
9 0.703869 0.817791 0.030506 0.058862
0 0.762835 0.760913 0.017485 0.077381
0 0.785528 0.798942 0.018229 0.070106
0 0.741629 0.878307 0.021205 0.070106
0 0.803943 0.745701 0.015625 0.068122
0 0.817522 0.734458 0.017485 0.078704
6 0.779762 0.896164 0.049107 0.054233
2 0.829799 0.919312 0.029390 0.066138
9 0.852865 0.938823 0.026414 0.098545
0 0.952009 0.869048 0.029018 0.075397
0 0.934152 0.811508 0.026786 0.066138
1 0.963728 0.805225 0.021205 0.046958
1 0.950893 0.791667 0.019345 0.039683
2 0.585007 0.750661 0.026414 0.054233
1 0.586124 0.735119 0.018229 0.064153
0 0.776600 0.601190 0.015253 0.056878
0 0.765997 0.599868 0.011905 0.056878
0 0.331287 0.353505 0.300967 0.087963
0 0.719866 0.639220 0.012649 0.053571
0 0.848028 0.758929 0.018229 0.068122
0 0.767299 0.690807 0.014509 0.061508
0 0.773996 0.689484 0.014509 0.064153
0 0.755766 0.551257 0.016741 0.049603
0 0.665179 0.553571 0.011161 0.048942
0 0.840216 0.639881 0.015997 0.068122
2 0.579799 0.890542 0.044271 0.053571
2 0.730841 0.853505 0.028646 0.054894
2 0.746838 0.866733 0.030134 0.042989
