3 0.200893 0.931548 0.069940 0.131614
3 0.291295 0.910053 0.069940 0.129630
3 0.359561 0.868717 0.071801 0.114418
3 0.427269 0.846230 0.071801 0.109127
3 0.471912 0.784722 0.071801 0.099868
4 0.573289 0.929894 0.099702 0.134921
3 0.368304 0.606812 0.033482 0.061508
3 0.811012 0.555886 0.069940 0.052249
3 0.721726 0.556217 0.078869 0.059524
3 0.033668 0.467262 0.055432 0.041667
3 0.257626 0.407738 0.046503 0.032407
3 0.811384 0.480159 0.060268 0.043651
4 0.712984 0.491402 0.070312 0.059524
3 0.487351 0.502315 0.061012 0.045635
3 0.538504 0.482804 0.058408 0.044974
3 0.131696 0.462963 0.058036 0.035714
3 0.244792 0.461640 0.057292 0.038360
3 0.345424 0.500000 0.056176 0.043651
3 0.033296 0.448082 0.056176 0.037698
3 0.271205 0.427910 0.046131 0.038360
3 0.371280 0.477183 0.057292 0.041667
3 0.205171 0.494378 0.063616 0.042989
3 0.209635 0.477183 0.058408 0.036376
3 0.182664 0.449074 0.049851 0.038360
3 0.353051 0.436177 0.049107 0.040344
3 0.086868 0.509590 0.074033 0.042989
3 0.083147 0.481812 0.058408 0.040344
3 0.209821 0.391534 0.024554 0.034392
8 0.320499 0.432540 0.123884 0.076720
3 0.559710 0.431548 0.056920 0.037698
3 0.648251 0.432870 0.050223 0.035053
8 0.598028 0.445767 0.131324 0.091270
3 0.009487 0.508598 0.018973 0.038360
3 0.454055 0.447090 0.047991 0.038360
3 0.459635 0.432540 0.046503 0.038360
3 0.710193 0.435516 0.054315 0.040344
3 0.780320 0.427249 0.059152 0.039683
3 0.775298 0.455026 0.060268 0.042328
3 0.848958 0.409722 0.060268 0.035053
3 0.868118 0.429563 0.053199 0.035053
3 0.903646 0.409392 0.045387 0.038360
0 0.122582 0.269511 0.245164 0.248016
0 0.583147 0.630291 0.391741 0.255291
2 0.288132 0.669312 0.028646 0.030423
1 0.283482 0.655754 0.014881 0.050926
0 0.193452 0.701058 0.386905 0.170635
0 0.316220 0.546958 0.140625 0.089947
2 0.203311 0.561177 0.026414 0.027116
1 0.199033 0.540344 0.015625 0.033069
2 0.144159 0.541997 0.024926 0.028439
1 0.141741 0.526786 0.013393 0.029762
0 0.194382 0.582672 0.014509 0.039683
2 0.734561 0.743386 0.023438 0.054233
1 0.739025 0.731151 0.014509 0.057540
9 0.789062 0.865079 0.030506 0.059524
0 0.845052 0.811508 0.017485 0.076720
0 0.873326 0.859127 0.024182 0.071429
0 0.847098 0.918981 0.021577 0.069444
0 0.920387 0.839947 0.021577 0.074074
0 0.932664 0.829034 0.022321 0.078704
2 0.707961 0.845238 0.028274 0.056878
1 0.709263 0.828704 0.019717 0.064815
0 0.431362 0.365410 0.300967 0.087963
0 0.943638 0.824735 0.019717 0.067460
0 0.846168 0.711971 0.014509 0.061508
0 0.856957 0.706680 0.014509 0.064153
0 0.803757 0.591601 0.016741 0.049603
0 0.922433 0.680886 0.015997 0.068122
2 0.654576 0.932209 0.044271 0.056217
2 0.813058 0.909061 0.033854 0.061508
2 0.834635 0.927579 0.033854 0.056217
