3 0.387091 0.751653 0.046503 0.083995
3 0.450521 0.748347 0.052083 0.081349
3 0.500558 0.734458 0.050223 0.078704
3 0.553385 0.731812 0.052455 0.073413
3 0.592448 0.698743 0.053199 0.068122
3 0.417039 0.862434 0.058780 0.119048
3 0.483073 0.846230 0.060640 0.111772
3 0.541667 0.839947 0.066220 0.109788
5 0.622582 0.865741 0.084449 0.141534
4 0.662016 0.807209 0.074777 0.098545
3 0.528274 0.975529 0.063244 0.046296
3 0.599330 0.966601 0.069196 0.062831
3 0.680804 0.974537 0.081101 0.048280
3 0.748698 0.954034 0.097098 0.090608
3 0.520089 0.571429 0.030506 0.043651
3 0.936384 0.582672 0.072917 0.044974
3 0.837798 0.568783 0.063988 0.043651
3 0.714658 0.509590 0.052827 0.044312
3 0.859003 0.522156 0.062500 0.039021
3 0.962798 0.517196 0.051339 0.043651
3 0.786086 0.500000 0.057292 0.038360
3 0.585379 0.491733 0.053943 0.037698
3 0.597470 0.477183 0.053571 0.033730
3 0.482887 0.454034 0.047619 0.032407
3 0.409412 0.434193 0.044271 0.029762
3 0.514323 0.429233 0.047247 0.027778
3 0.484189 0.465939 0.045759 0.037698
4 0.453497 0.471561 0.055804 0.047619
3 0.361421 0.461640 0.049479 0.035714
3 0.383929 0.455026 0.052827 0.034392
3 0.556176 0.461310 0.046131 0.037698
3 0.641741 0.468915 0.046131 0.033069
3 0.269717 0.455688 0.046131 0.039683
3 0.507254 0.440807 0.043527 0.031085
3 0.570126 0.436177 0.040551 0.033730
3 0.276414 0.441468 0.045387 0.036376
3 0.251860 0.430556 0.045387 0.038360
3 0.282552 0.419974 0.038318 0.033069
3 0.611607 0.454696 0.046131 0.032407
3 0.623140 0.439815 0.046131 0.034392
3 0.348214 0.432870 0.040923 0.032407
3 0.430804 0.418651 0.034970 0.027778
3 0.696243 0.450728 0.038318 0.035053
3 0.134115 0.413690 0.043527 0.032407
3 0.209635 0.417659 0.029390 0.027116
0 0.255022 0.276455 0.359003 0.246032
0 0.663132 0.610780 0.216890 0.221561
0 0.038876 0.334656 0.073289 0.154762
0 0.035714 0.757937 0.012649 0.052910
10 0.037016 0.717593 0.021949 0.060847
0 0.007254 0.657077 0.011533 0.052249
0 0.028274 0.673280 0.012649 0.041005
0 0.003348 0.675926 0.006696 0.052910
0 0.154762 0.618386 0.017113 0.047619
0 0.073475 0.669643 0.013021 0.044312
0 0.081287 0.652447 0.013021 0.046958
0 0.094494 0.682540 0.015625 0.047619
0 0.202381 0.613426 0.016369 0.042989
0 0.136905 0.670966 0.016369 0.045635
0 0.168713 0.663690 0.018229 0.046958
0 0.156064 0.645833 0.015253 0.052249
2 0.295945 0.604828 0.025670 0.024471
1 0.294457 0.590939 0.011533 0.040344
0 0.372954 0.632937 0.361979 0.112434
0 0.397321 0.509921 0.343750 0.097884
0 0.885603 0.772156 0.228051 0.454365
0 0.598028 0.375331 0.194568 0.087963
