3 0.137277 0.933862 0.075149 0.129630
3 0.231027 0.906746 0.075149 0.130952
3 0.301525 0.860119 0.076265 0.114418
3 0.371280 0.835317 0.073661 0.108466
3 0.414993 0.770172 0.071801 0.098545
5 0.473772 0.960317 0.111979 0.076720
4 0.514323 0.907407 0.098586 0.136243
3 0.302827 0.600860 0.033482 0.061508
3 0.744792 0.531415 0.069940 0.052249
3 0.659412 0.535714 0.079241 0.059524
3 0.177641 0.402778 0.046503 0.033069
4 0.763579 0.464286 0.070312 0.059524
3 0.518601 0.482804 0.061012 0.044974
3 0.582031 0.463294 0.059152 0.044312
3 0.103795 0.464286 0.064732 0.038360
3 0.372210 0.488757 0.057664 0.043651
3 0.417783 0.467593 0.057292 0.042328
3 0.211496 0.492394 0.064360 0.042989
3 0.220796 0.472222 0.060640 0.039683
3 0.047991 0.450728 0.060268 0.040344
3 0.256510 0.424934 0.048735 0.042989
3 0.086310 0.511243 0.075893 0.050265
3 0.070499 0.484127 0.062872 0.041005
3 0.131696 0.383598 0.024554 0.034392
8 0.185454 0.429894 0.134301 0.075397
3 0.476376 0.423611 0.056920 0.037698
3 0.551897 0.416336 0.050223 0.035053
8 0.483817 0.433862 0.126860 0.091270
3 0.316778 0.440146 0.047991 0.037698
3 0.363281 0.423611 0.048735 0.039021
3 0.619792 0.415013 0.054315 0.040344
3 0.697731 0.404101 0.053199 0.039683
3 0.663876 0.438492 0.059896 0.038360
3 0.774182 0.388889 0.052083 0.034392
3 0.779948 0.409722 0.053199 0.035053
3 0.827939 0.382275 0.045015 0.038360
0 0.091518 0.268849 0.183036 0.248016
0 0.510975 0.623347 0.389509 0.255952
0 0.071801 0.688492 0.019345 0.060847
0 0.026042 0.709656 0.019345 0.054233
2 0.263207 0.653439 0.028646 0.030423
1 0.261347 0.638558 0.015253 0.050926
0 0.156436 0.701058 0.312872 0.170635
0 0.265997 0.546296 0.107887 0.097884
2 0.196243 0.552249 0.026414 0.027778
1 0.194382 0.535384 0.015253 0.032407
2 0.137463 0.539352 0.025670 0.029762
1 0.134673 0.530754 0.012649 0.040344
0 0.155692 0.578704 0.014509 0.039683
2 0.650484 0.693783 0.023438 0.054233
1 0.651600 0.681548 0.014509 0.057540
9 0.720238 0.823743 0.030506 0.058862
0 0.774368 0.774140 0.017485 0.077381
0 0.800409 0.812169 0.018229 0.070106
0 0.761719 0.883598 0.021205 0.070106
0 0.824033 0.764220 0.015625 0.068122
0 0.838356 0.755622 0.017485 0.078704
6 0.796875 0.911045 0.049107 0.053571
2 0.844308 0.934524 0.029390 0.066138
2 0.605841 0.766534 0.026414 0.054233
1 0.607887 0.753638 0.018601 0.064153
0 0.794085 0.611111 0.015253 0.056878
0 0.782366 0.608466 0.011905 0.056878
0 0.352865 0.354167 0.300967 0.087963
0 0.721726 0.642857 0.014881 0.052910
0 0.864211 0.772817 0.019345 0.068122
0 0.781064 0.693452 0.014509 0.061508
0 0.787760 0.690807 0.014509 0.064153
0 0.760975 0.561177 0.016741 0.049603
0 0.856957 0.651124 0.015997 0.068122
2 0.595424 0.900463 0.044271 0.053571
2 0.746466 0.865741 0.029390 0.055556
2 0.763765 0.878638 0.030506 0.044312
