3 0.398810 0.812169 0.050595 0.103175
3 0.468564 0.809854 0.052455 0.099868
3 0.525670 0.792328 0.056548 0.091270
3 0.584077 0.790675 0.059524 0.086640
3 0.627232 0.753638 0.061012 0.083995
3 0.428943 0.938492 0.066964 0.123016
3 0.503348 0.925265 0.066964 0.126984
3 0.571243 0.921627 0.074777 0.122354
5 0.662202 0.938161 0.095982 0.122354
4 0.705915 0.886243 0.086682 0.117725
3 0.545387 0.600860 0.030506 0.053571
3 0.980841 0.619709 0.036830 0.055556
3 0.893415 0.602183 0.071801 0.048280
3 0.857329 0.545635 0.065848 0.048942
3 0.939732 0.538360 0.063244 0.048942
3 0.702009 0.526124 0.060268 0.042989
3 0.718564 0.509259 0.062872 0.043651
3 0.467076 0.460648 0.050223 0.032407
3 0.384301 0.437831 0.046131 0.034392
3 0.527530 0.439815 0.046875 0.030423
3 0.565662 0.489749 0.056920 0.037698
4 0.531250 0.494709 0.061012 0.050265
3 0.421131 0.482143 0.052083 0.037037
3 0.441778 0.471561 0.053199 0.038360
3 0.550409 0.471230 0.047247 0.037698
3 0.642671 0.484458 0.053943 0.032407
3 0.321801 0.472553 0.049851 0.040344
3 0.477493 0.449405 0.044271 0.035053
3 0.583519 0.447090 0.044271 0.035714
3 0.328497 0.455688 0.048363 0.035714
3 0.222284 0.432540 0.047991 0.038360
3 0.250558 0.424603 0.038318 0.033069
3 0.604911 0.464947 0.046131 0.033069
3 0.643973 0.454365 0.048363 0.038360
3 0.317336 0.440807 0.043155 0.036376
3 0.440662 0.422950 0.032366 0.031085
8 0.731585 0.465278 0.120908 0.077381
3 0.808594 0.478175 0.045759 0.039683
3 0.878906 0.481151 0.050223 0.035053
8 0.935826 0.495370 0.127604 0.091270
3 0.704799 0.457341 0.038318 0.035053
3 0.093192 0.416667 0.043527 0.033069
3 0.175037 0.420966 0.034598 0.031085
0 0.239769 0.282077 0.385045 0.249339
0 0.690662 0.641204 0.216890 0.221561
0 0.023065 0.336640 0.046131 0.154762
0 0.012463 0.805225 0.013021 0.053571
10 0.018043 0.761243 0.021949 0.060847
0 0.185454 0.642526 0.013021 0.049603
0 0.048549 0.698413 0.013021 0.044974
0 0.064174 0.688823 0.017485 0.052249
0 0.049665 0.723545 0.016741 0.048942
0 0.221912 0.634921 0.015253 0.044974
0 0.099516 0.708003 0.015997 0.050926
0 0.136905 0.701389 0.017857 0.053571
0 0.117374 0.677579 0.016741 0.056217
2 0.339286 0.626984 0.027530 0.027778
1 0.337612 0.615079 0.013765 0.039683
0 0.371466 0.665344 0.418527 0.124339
0 0.444196 0.527778 0.343750 0.097884
2 0.213542 0.517526 0.019345 0.021825
1 0.211868 0.504299 0.015253 0.032407
2 0.183966 0.495370 0.022693 0.022487
1 0.179688 0.487103 0.010417 0.027116
0 0.898438 0.776124 0.201637 0.447751
0 0.598772 0.379960 0.216146 0.087963
