3 0.156250 0.933862 0.073661 0.129630
3 0.248698 0.907738 0.073289 0.128968
3 0.318080 0.864087 0.074405 0.114418
3 0.387649 0.838955 0.072173 0.109127
3 0.431362 0.775132 0.071801 0.099206
5 0.489769 0.963955 0.109003 0.069444
4 0.532366 0.916005 0.098958 0.137566
3 0.322545 0.603175 0.033482 0.060847
3 0.763021 0.537368 0.069940 0.052249
3 0.673735 0.544312 0.078869 0.059524
3 0.204427 0.406085 0.046503 0.033069
4 0.742374 0.474868 0.070312 0.059524
3 0.502232 0.490741 0.061012 0.044974
3 0.562314 0.470899 0.058408 0.044974
3 0.037388 0.466931 0.051711 0.042328
3 0.149740 0.462963 0.061384 0.038360
3 0.357329 0.493386 0.056176 0.043651
3 0.219866 0.421958 0.046131 0.038360
3 0.394345 0.472222 0.057292 0.042328
3 0.208891 0.493056 0.064360 0.042989
3 0.216146 0.474206 0.059524 0.038360
3 0.090216 0.452050 0.058408 0.040344
3 0.285342 0.426257 0.049107 0.040344
3 0.084077 0.511243 0.076637 0.046296
3 0.072173 0.484458 0.060268 0.040344
3 0.155878 0.386243 0.024554 0.034392
8 0.229911 0.428902 0.127976 0.076058
3 0.497210 0.425926 0.056920 0.038360
3 0.585751 0.420966 0.050223 0.035053
8 0.522135 0.435185 0.126860 0.091270
3 0.361049 0.443122 0.047991 0.038360
3 0.394159 0.425926 0.046503 0.038360
3 0.651786 0.420966 0.054315 0.040344
3 0.723400 0.411376 0.059152 0.039683
3 0.700707 0.439815 0.059896 0.039683
3 0.796131 0.392196 0.052083 0.034392
3 0.805246 0.414352 0.053199 0.035053
3 0.849516 0.390873 0.045015 0.038360
0 0.109189 0.270833 0.218378 0.248016
0 0.529762 0.626323 0.391369 0.255291
0 0.077753 0.691799 0.019345 0.060847
0 0.039435 0.712963 0.019345 0.054233
2 0.269159 0.660714 0.028646 0.030423
1 0.268043 0.645172 0.015253 0.050926
0 0.162946 0.697090 0.325893 0.170635
0 0.280134 0.551587 0.113839 0.097884
2 0.195126 0.554233 0.026414 0.027778
1 0.192150 0.537698 0.015253 0.033069
2 0.134115 0.540013 0.025670 0.029762
1 0.131138 0.530754 0.013021 0.036376
0 0.166109 0.580026 0.014509 0.039683
2 0.673549 0.708995 0.023438 0.054233
1 0.674665 0.696759 0.014509 0.057540
9 0.742188 0.833003 0.030506 0.058862
0 0.793713 0.784061 0.017485 0.077381
0 0.820499 0.825728 0.021949 0.070767
0 0.789062 0.893519 0.021577 0.070106
0 0.852121 0.788690 0.015997 0.073413
0 0.865885 0.779431 0.020461 0.078704
6 0.818452 0.924603 0.049107 0.054233
2 0.863653 0.951058 0.029390 0.066138
2 0.637091 0.787037 0.026414 0.054233
1 0.639509 0.772156 0.018601 0.064153
0 0.813988 0.622354 0.014881 0.056878
0 0.802455 0.619048 0.011905 0.056878
0 0.380394 0.360119 0.300967 0.087963
0 0.888951 0.788029 0.019717 0.068122
0 0.800781 0.697421 0.014509 0.061508
0 0.808222 0.696098 0.014509 0.064153
0 0.772135 0.565807 0.016741 0.049603
0 0.874442 0.662368 0.015997 0.068122
2 0.611793 0.910384 0.044271 0.053571
2 0.765997 0.876653 0.032738 0.060185
2 0.785528 0.891865 0.033110 0.053571
