3 0.161830 0.933862 0.072917 0.129630
3 0.254092 0.908069 0.072917 0.128307
3 0.323103 0.865410 0.074033 0.114418
3 0.392299 0.840278 0.071801 0.109127
3 0.436198 0.776786 0.071801 0.099868
5 0.494420 0.965278 0.107887 0.066799
4 0.537574 0.918320 0.098958 0.138228
3 0.329241 0.604497 0.033482 0.060847
3 0.770089 0.540013 0.069940 0.052249
3 0.680432 0.546958 0.078869 0.059524
3 0.213728 0.406746 0.046503 0.033069
4 0.736793 0.478175 0.070312 0.059524
3 0.498140 0.493056 0.061012 0.045635
3 0.558594 0.473545 0.058408 0.044974
3 0.051153 0.464947 0.055432 0.039683
3 0.164621 0.462302 0.059896 0.038360
3 0.355097 0.494709 0.056176 0.043651
3 0.225074 0.423280 0.046131 0.038360
3 0.387649 0.473545 0.057292 0.042328
3 0.208147 0.493717 0.064360 0.042989
3 0.215030 0.474537 0.059524 0.037698
3 0.104911 0.450728 0.055804 0.040344
3 0.296503 0.426918 0.049107 0.040344
3 0.083705 0.510582 0.076637 0.044974
3 0.073103 0.484458 0.059896 0.040344
3 0.164062 0.387566 0.024554 0.034392
8 0.243118 0.428241 0.126116 0.076058
3 0.503162 0.426587 0.056920 0.038360
3 0.595796 0.422288 0.050223 0.035053
8 0.533296 0.435185 0.126860 0.091270
3 0.375558 0.443783 0.047991 0.038360
3 0.404204 0.426587 0.046503 0.038360
3 0.661086 0.422288 0.054315 0.040344
3 0.732701 0.415344 0.059152 0.039683
3 0.712240 0.442791 0.059896 0.040344
3 0.802827 0.394841 0.052083 0.034392
3 0.813802 0.416336 0.053199 0.035053
3 0.856585 0.393519 0.045015 0.038360
0 0.110491 0.270833 0.220982 0.248016
0 0.535156 0.627646 0.391741 0.255291
0 0.081101 0.693783 0.019345 0.060847
0 0.044643 0.711640 0.019345 0.054233
2 0.272135 0.662698 0.028646 0.030423
1 0.270275 0.647156 0.015253 0.050926
0 0.166295 0.697090 0.332589 0.170635
0 0.284226 0.551587 0.119792 0.097884
2 0.195871 0.555556 0.026414 0.027778
1 0.192894 0.538690 0.015253 0.032407
2 0.135231 0.540675 0.025670 0.029762
1 0.132626 0.529431 0.013021 0.033730
0 0.170573 0.578704 0.014509 0.039683
2 0.682850 0.714286 0.023438 0.054233
1 0.684338 0.702050 0.014509 0.057540
9 0.749256 0.837632 0.030506 0.058862
0 0.801153 0.786706 0.017485 0.077381
0 0.827939 0.828704 0.023438 0.071429
0 0.797991 0.898148 0.021577 0.070106
0 0.861979 0.796627 0.016369 0.076058
0 0.875558 0.786045 0.021949 0.078704
6 0.825521 0.929233 0.049107 0.054233
2 0.872582 0.956349 0.029390 0.066138
2 0.647507 0.793651 0.026414 0.054233
1 0.649926 0.777778 0.018601 0.064815
0 0.821429 0.626323 0.014881 0.056878
0 0.810640 0.623016 0.011905 0.056878
0 0.389323 0.362765 0.300967 0.087963
0 0.896391 0.792659 0.019717 0.068122
0 0.807478 0.698743 0.014509 0.061508
0 0.815290 0.698082 0.014509 0.064153
0 0.776972 0.569775 0.016741 0.049603
0 0.881510 0.665013 0.015997 0.068122
2 0.618490 0.913690 0.044271 0.053571
2 0.771763 0.879960 0.033854 0.061508
2 0.791853 0.895833 0.033854 0.056217
