3 0.233445 0.930556 0.068080 0.133598
3 0.322173 0.912037 0.067708 0.129630
3 0.389695 0.871693 0.070312 0.113757
3 0.456659 0.851521 0.071801 0.109127
3 0.502046 0.791667 0.071801 0.100529
4 0.605097 0.936508 0.102307 0.124339
3 0.398810 0.606812 0.033482 0.061508
3 0.850818 0.570437 0.069940 0.052249
3 0.758557 0.567460 0.084821 0.059524
3 0.098586 0.461971 0.058036 0.041667
3 0.020089 0.449074 0.040179 0.038360
3 0.295945 0.411376 0.046503 0.033069
3 0.789435 0.491402 0.060268 0.043651
4 0.694754 0.500331 0.070312 0.060185
3 0.481399 0.504299 0.060268 0.045635
3 0.525856 0.486111 0.058408 0.044974
3 0.194754 0.461310 0.053943 0.037698
3 0.309896 0.464616 0.057292 0.037698
3 0.347284 0.501323 0.056176 0.043651
3 0.096540 0.444775 0.056920 0.037698
3 0.322173 0.431878 0.046131 0.038360
3 0.361607 0.479828 0.057292 0.041667
3 0.212984 0.494048 0.061384 0.043651
3 0.221540 0.476852 0.057664 0.037037
3 0.244792 0.449405 0.048363 0.036376
3 0.409598 0.439484 0.049107 0.040344
3 0.093564 0.507937 0.070312 0.043651
3 0.094494 0.477844 0.056548 0.039021
3 0.246280 0.394841 0.024554 0.034392
8 0.384859 0.436508 0.123884 0.076720
3 0.604353 0.440807 0.056920 0.037698
3 0.694754 0.440146 0.050223 0.035053
8 0.652902 0.453704 0.135417 0.091270
3 0.013951 0.503968 0.027902 0.038360
3 0.010231 0.482804 0.020461 0.043651
3 0.519531 0.452381 0.047991 0.038360
3 0.509115 0.437169 0.046503 0.038360
3 0.752976 0.442791 0.054315 0.040344
3 0.819754 0.441799 0.059152 0.039683
3 0.831845 0.466601 0.060268 0.042989
3 0.887277 0.421627 0.060268 0.035053
3 0.913132 0.444114 0.053199 0.035053
3 0.952939 0.418981 0.059896 0.037698
0 0.146391 0.266865 0.292783 0.246693
0 0.622210 0.634259 0.391741 0.255291
0 0.116443 0.706680 0.019345 0.061508
0 0.098586 0.705026 0.019345 0.054233
2 0.300409 0.671296 0.028646 0.030423
1 0.298363 0.658399 0.014881 0.050926
0 0.213728 0.744709 0.422991 0.170635
0 0.343192 0.546958 0.159598 0.087302
2 0.207775 0.558532 0.026414 0.027116
1 0.203497 0.540013 0.015625 0.032407
2 0.151972 0.541667 0.022693 0.022487
1 0.148438 0.526786 0.013393 0.029762
0 0.214100 0.578704 0.014509 0.039683
2 0.780320 0.771164 0.023438 0.054233
1 0.782924 0.757606 0.014509 0.057540
9 0.822731 0.884921 0.030134 0.059524
0 0.882999 0.832011 0.017485 0.076720
0 0.913876 0.880291 0.024182 0.071429
0 0.896205 0.942460 0.021577 0.070106
2 0.764137 0.891865 0.036458 0.066799
1 0.767857 0.874339 0.021577 0.066138
0 0.470424 0.366733 0.300967 0.087963
0 0.884115 0.718585 0.014509 0.061508
0 0.892671 0.720569 0.014509 0.064153
0 0.958891 0.692791 0.015997 0.068122
2 0.684710 0.946759 0.044271 0.062831
2 0.849888 0.933201 0.033854 0.060847
2 0.870164 0.951720 0.033482 0.055556
