3 0.392485 0.780093 0.048363 0.093254
3 0.459077 0.777116 0.052083 0.089947
3 0.512277 0.761574 0.052827 0.083995
3 0.567708 0.759259 0.055804 0.079365
3 0.608817 0.724537 0.056920 0.076058
3 0.422433 0.899802 0.062872 0.126323
3 0.492001 0.884259 0.063616 0.123016
3 0.555246 0.878968 0.070312 0.119048
5 0.641183 0.901124 0.090402 0.139550
4 0.681734 0.843254 0.079985 0.107143
3 0.532924 0.587302 0.030134 0.054233
3 0.963728 0.601190 0.070312 0.055556
3 0.864769 0.585317 0.080729 0.048942
3 0.777530 0.526124 0.058036 0.048280
3 0.938802 0.542989 0.065848 0.044974
3 0.854539 0.514881 0.059524 0.040344
3 0.636719 0.505952 0.058408 0.038360
3 0.650670 0.490079 0.059524 0.038360
3 0.477121 0.457341 0.050223 0.032407
3 0.398624 0.435516 0.044271 0.029762
3 0.521763 0.437169 0.047247 0.027778
3 0.520647 0.477844 0.050967 0.037698
4 0.488653 0.482474 0.056920 0.050926
3 0.389509 0.470569 0.051339 0.036376
3 0.409598 0.463955 0.053571 0.036376
3 0.554129 0.466270 0.046503 0.038360
3 0.642299 0.476852 0.050223 0.033069
3 0.294457 0.463294 0.047991 0.040344
3 0.495908 0.445437 0.043155 0.031085
3 0.576823 0.441138 0.042039 0.033069
3 0.300223 0.450066 0.045387 0.036376
3 0.238467 0.432540 0.045387 0.038360
3 0.268787 0.423280 0.038318 0.033069
3 0.609375 0.461640 0.046131 0.033069
3 0.635045 0.443783 0.046131 0.034392
3 0.333705 0.437500 0.043155 0.036376
3 0.435082 0.422950 0.032366 0.031085
3 0.704799 0.457341 0.038318 0.035053
3 0.114397 0.416667 0.043527 0.033069
3 0.193452 0.419974 0.032738 0.027778
0 0.248884 0.278770 0.375000 0.248016
0 0.677641 0.625331 0.216890 0.221561
0 0.031064 0.334656 0.062128 0.154762
0 0.025856 0.777447 0.013021 0.053571
10 0.029204 0.736111 0.021949 0.060847
0 0.015253 0.689153 0.017857 0.047619
0 0.169085 0.629960 0.014509 0.049603
0 0.060454 0.684854 0.013021 0.044312
0 0.073847 0.670966 0.013021 0.046958
0 0.074219 0.701058 0.015997 0.047619
0 0.212240 0.623347 0.015997 0.044312
0 0.121094 0.689815 0.015997 0.050265
0 0.154390 0.682209 0.020089 0.050926
0 0.138951 0.659722 0.015253 0.052249
2 0.316778 0.615410 0.025670 0.024471
1 0.314546 0.601521 0.011533 0.040344
0 0.371466 0.648479 0.389509 0.118386
0 0.426339 0.513889 0.343750 0.097884
0 0.891927 0.764220 0.215402 0.453042
0 0.598586 0.377976 0.204613 0.087963
