3 0.073847 0.935516 0.080729 0.126323
3 0.174107 0.906085 0.079613 0.133598
3 0.246652 0.851852 0.078869 0.113757
3 0.318080 0.823413 0.075149 0.108466
3 0.362537 0.756283 0.074033 0.095899
3 0.316778 0.960317 0.096354 0.076720
5 0.429688 0.949405 0.122024 0.098545
4 0.466704 0.885582 0.101562 0.130952
3 0.249628 0.593254 0.039435 0.060847
3 0.690662 0.503638 0.065104 0.050926
3 0.604353 0.511243 0.079241 0.059524
3 0.095052 0.393519 0.046503 0.033069
3 0.585565 0.454696 0.061012 0.045635
3 0.661830 0.435847 0.060268 0.043651
3 0.427269 0.471892 0.059152 0.042989
3 0.494048 0.448743 0.057292 0.042989
3 0.261161 0.479828 0.063988 0.042989
3 0.265439 0.463294 0.061384 0.040344
3 0.167969 0.418651 0.053199 0.044974
3 0.120908 0.501984 0.075893 0.050265
3 0.092262 0.479167 0.066964 0.052249
3 0.060268 0.371032 0.025298 0.034392
8 0.059896 0.423942 0.119792 0.075397
3 0.392485 0.407077 0.057292 0.037698
3 0.465588 0.405093 0.053199 0.035053
8 0.372768 0.419974 0.126488 0.091270
3 0.012835 0.507937 0.025670 0.039683
3 0.184338 0.435847 0.053199 0.038360
3 0.272879 0.416005 0.052455 0.039683
3 0.530134 0.398810 0.049107 0.039683
3 0.630766 0.390873 0.059152 0.039683
3 0.548549 0.422288 0.049479 0.037698
3 0.718378 0.365741 0.052083 0.034392
3 0.702939 0.387566 0.047247 0.034392
3 0.767671 0.360780 0.045015 0.032407
0 0.046689 0.254299 0.093378 0.248016
0 0.426525 0.614418 0.352307 0.251323
0 0.062128 0.666005 0.019345 0.060847
0 0.137649 0.659392 0.033482 0.103175
0 0.226562 0.540344 0.107887 0.097884
0 0.135417 0.568452 0.011161 0.040344
9 0.670759 0.794643 0.030506 0.058862
0 0.733631 0.728836 0.017113 0.068783
0 0.747210 0.773810 0.018229 0.070106
0 0.706287 0.859788 0.021205 0.070106
0 0.756324 0.704696 0.015625 0.068122
0 0.769903 0.696759 0.017485 0.078704
6 0.741071 0.871032 0.049107 0.054233
2 0.791481 0.892196 0.029390 0.066138
9 0.815290 0.908730 0.026414 0.097884
0 0.876302 0.816138 0.029390 0.075397
0 0.890067 0.775463 0.027158 0.066799
1 0.917039 0.773479 0.021577 0.046958
1 0.904390 0.761574 0.019345 0.040344
9 0.845796 0.922950 0.047247 0.095899
2 0.940104 0.891534 0.046131 0.067460
1 0.943824 0.875000 0.029762 0.071429
2 0.537760 0.713624 0.026414 0.054233
1 0.537016 0.698082 0.018229 0.064153
0 0.734933 0.580688 0.013021 0.056878
0 0.727679 0.580688 0.011905 0.056878
0 0.303385 0.349537 0.300967 0.087963
0 0.710007 0.631614 0.012277 0.055556
0 0.806734 0.723876 0.014509 0.061508
0 0.733445 0.686839 0.014509 0.061508
0 0.741257 0.682209 0.014509 0.064153
0 0.733259 0.530754 0.014137 0.049603
0 0.631882 0.541336 0.011533 0.049603
0 0.801153 0.618056 0.015997 0.068122
2 0.546689 0.873347 0.044271 0.053571
2 0.694754 0.830357 0.028646 0.054894
2 0.709635 0.841601 0.030134 0.042989
