3 0.175967 0.932870 0.072173 0.130291
3 0.267485 0.908730 0.072173 0.128307
3 0.336124 0.866402 0.073289 0.113757
3 0.404948 0.842262 0.071801 0.109127
3 0.449219 0.779431 0.071801 0.099868
4 0.549479 0.922950 0.098958 0.138228
3 0.344494 0.607143 0.033482 0.060847
3 0.787202 0.546627 0.069940 0.052249
3 0.696801 0.550265 0.078869 0.059524
3 0.226004 0.405754 0.046503 0.032407
3 0.827939 0.469577 0.059896 0.043651
4 0.728237 0.484127 0.070312 0.059524
3 0.493676 0.498347 0.061012 0.045635
3 0.551153 0.478836 0.058408 0.044974
3 0.078683 0.461310 0.062872 0.035053
3 0.194196 0.460979 0.057292 0.038360
3 0.350632 0.496693 0.056176 0.043651
3 0.235119 0.425265 0.046131 0.038360
3 0.378720 0.475198 0.057292 0.041667
3 0.206659 0.493717 0.064360 0.042989
3 0.212240 0.475860 0.059152 0.037698
3 0.133929 0.448413 0.051339 0.039683
3 0.317708 0.428902 0.049107 0.040344
3 0.083705 0.510251 0.076637 0.042989
3 0.075335 0.483796 0.058408 0.040344
3 0.180432 0.388889 0.024554 0.034392
8 0.270647 0.428571 0.123884 0.076720
3 0.522135 0.427910 0.056920 0.038360
3 0.615141 0.425595 0.050223 0.035053
8 0.556362 0.439153 0.126860 0.091270
3 0.005580 0.509921 0.011161 0.038360
3 0.404576 0.445106 0.047991 0.038360
3 0.424293 0.428571 0.046503 0.038360
3 0.680060 0.425595 0.054315 0.040344
3 0.749070 0.417989 0.056176 0.039683
3 0.735305 0.448743 0.059896 0.041667
3 0.816220 0.403439 0.052083 0.034392
3 0.831659 0.421627 0.053199 0.035053
3 0.873884 0.397487 0.045387 0.038360
0 0.113281 0.270833 0.226562 0.248016
0 0.552641 0.628307 0.391741 0.255291
0 0.087426 0.697751 0.019345 0.060847
0 0.055060 0.708995 0.019345 0.054233
2 0.278460 0.665344 0.028646 0.030423
1 0.274554 0.650463 0.014881 0.050926
0 0.176711 0.697090 0.353423 0.170635
0 0.292411 0.551587 0.131696 0.097884
2 0.198475 0.558201 0.026414 0.027778
1 0.195126 0.540344 0.015253 0.033069
2 0.137835 0.541997 0.025670 0.029762
1 0.135417 0.526786 0.013393 0.029762
0 0.179129 0.578704 0.014509 0.039683
2 0.701451 0.724206 0.023438 0.054233
1 0.704427 0.712632 0.014509 0.057540
9 0.763765 0.846230 0.030506 0.058862
0 0.817150 0.796627 0.017485 0.077381
0 0.845052 0.839286 0.024182 0.071429
0 0.815476 0.906746 0.021577 0.070106
0 0.882812 0.813161 0.016369 0.077381
0 0.896391 0.799934 0.022693 0.078704
2 0.668713 0.812169 0.026414 0.054233
1 0.670759 0.796296 0.018601 0.064815
0 0.836682 0.634259 0.014881 0.056878
0 0.827009 0.631614 0.011905 0.056878
0 0.405692 0.365410 0.300967 0.087963
0 0.912388 0.803902 0.019717 0.068122
0 0.821243 0.702712 0.014509 0.061508
0 0.829799 0.701389 0.014509 0.064153
0 0.787016 0.577712 0.016741 0.049603
0 0.896019 0.670966 0.015997 0.068122
2 0.631510 0.920966 0.044271 0.053571
2 0.786272 0.890542 0.033854 0.061508
2 0.807478 0.907738 0.033854 0.056217
