3 0.257254 0.930886 0.066592 0.134259
3 0.344494 0.914683 0.067708 0.129630
3 0.411272 0.874669 0.071057 0.115741
3 0.479725 0.858135 0.071801 0.109127
3 0.525112 0.800265 0.071801 0.101852
4 0.626302 0.940807 0.103795 0.117063
3 0.422247 0.611442 0.033482 0.061508
3 0.876860 0.581349 0.065476 0.052910
3 0.783854 0.579365 0.084821 0.059524
3 0.144531 0.458664 0.058408 0.029762
3 0.058222 0.447751 0.056176 0.038360
3 0.325335 0.414683 0.046503 0.033069
3 0.774926 0.499339 0.060268 0.043651
4 0.685640 0.508598 0.069940 0.062169
3 0.478795 0.506944 0.058780 0.045635
3 0.521391 0.490079 0.058408 0.044974
3 0.239769 0.461310 0.053199 0.037698
3 0.355097 0.465939 0.053199 0.037698
3 0.349888 0.501323 0.056176 0.043651
3 0.144531 0.444775 0.056176 0.037698
3 0.359189 0.430556 0.046503 0.038360
3 0.355283 0.481812 0.057292 0.041667
3 0.217820 0.493386 0.059896 0.043651
3 0.229353 0.476521 0.057664 0.037698
3 0.287946 0.450728 0.048363 0.036376
3 0.452939 0.442130 0.049479 0.040344
3 0.101935 0.506614 0.066964 0.043651
3 0.103981 0.474206 0.053199 0.037037
3 0.272693 0.397487 0.024554 0.034392
8 0.427641 0.439815 0.123884 0.076720
3 0.637277 0.444775 0.057292 0.037698
3 0.727493 0.444775 0.050223 0.035053
8 0.692708 0.459656 0.135417 0.091270
3 0.019159 0.500000 0.038318 0.038360
3 0.013207 0.475529 0.026414 0.043651
3 0.564918 0.457011 0.047991 0.038360
3 0.541853 0.441799 0.046503 0.038360
3 0.782924 0.449735 0.051711 0.041005
3 0.852865 0.447090 0.061384 0.039683
3 0.876674 0.478175 0.065104 0.043651
3 0.915923 0.428571 0.060268 0.034392
3 0.948103 0.454696 0.056920 0.041667
0 0.153460 0.306217 0.306920 0.211640
0 0.644903 0.642196 0.391741 0.255291
0 0.129836 0.708333 0.019345 0.060847
0 0.115699 0.704365 0.019345 0.054233
2 0.311198 0.673942 0.028646 0.030423
1 0.309152 0.658399 0.014881 0.050926
0 0.224888 0.744709 0.434152 0.170635
0 0.354725 0.553902 0.182664 0.094577
2 0.215216 0.559193 0.026414 0.027116
1 0.210938 0.541336 0.015625 0.032407
2 0.161458 0.541997 0.022321 0.021825
1 0.157366 0.526786 0.013393 0.029762
0 0.230283 0.577381 0.014137 0.039683
2 0.811942 0.792328 0.023438 0.054233
1 0.814174 0.776786 0.014509 0.057540
9 0.849888 0.902778 0.030134 0.059524
0 0.909412 0.848545 0.017485 0.076720
0 0.941406 0.899471 0.024182 0.071429
0 0.933780 0.957011 0.021577 0.070106
2 0.806176 0.928241 0.039435 0.069444
1 0.809710 0.909392 0.021205 0.066138
0 0.499070 0.369378 0.300967 0.087963
0 0.911644 0.728505 0.014509 0.061508
0 0.922433 0.728505 0.014509 0.064153
2 0.707589 0.960317 0.043899 0.068783
