3 0.033296 0.939153 0.065104 0.119048
3 0.128720 0.908069 0.081101 0.133598
3 0.203683 0.850860 0.080729 0.118386
3 0.277344 0.816799 0.077009 0.107143
3 0.323289 0.746362 0.075149 0.095899
3 0.277158 0.957672 0.104167 0.082011
5 0.390997 0.944114 0.125000 0.110450
4 0.426711 0.872685 0.102679 0.130291
3 0.201637 0.587632 0.039435 0.061508
3 0.644903 0.487103 0.064360 0.050926
3 0.561012 0.500992 0.078125 0.058862
3 0.025670 0.386574 0.051339 0.036376
3 0.654948 0.431548 0.059896 0.045635
3 0.492001 0.452381 0.059152 0.043651
3 0.560082 0.428241 0.056920 0.042989
3 0.344308 0.465939 0.064360 0.042989
3 0.343936 0.447421 0.061384 0.040344
3 0.094308 0.414021 0.056920 0.044974
3 0.180804 0.490741 0.075893 0.050265
3 0.130580 0.470569 0.066964 0.052249
3 0.314360 0.401124 0.057292 0.037698
3 0.387277 0.397817 0.053571 0.033730
8 0.281808 0.416667 0.132812 0.091270
3 0.033482 0.499669 0.058780 0.046958
3 0.016555 0.482474 0.033110 0.044312
3 0.062686 0.438492 0.054688 0.038360
3 0.198289 0.415344 0.052083 0.044974
3 0.457031 0.394841 0.046503 0.039683
3 0.557850 0.384921 0.049479 0.039683
3 0.455357 0.417328 0.051339 0.039683
3 0.670759 0.353836 0.052083 0.034392
3 0.640811 0.378307 0.047247 0.034392
3 0.725818 0.350860 0.045387 0.032407
3 0.701637 0.372354 0.046131 0.037037
0 0.022135 0.249008 0.044271 0.248016
0 0.381510 0.612434 0.365699 0.255291
0 0.061570 0.653439 0.021205 0.060847
0 0.092820 0.671627 0.140253 0.136905
0 0.120164 0.563823 0.013393 0.040344
2 0.587054 0.851521 0.037202 0.069444
0 0.587798 0.834656 0.022321 0.064815
9 0.596540 0.829365 0.043527 0.066138
1 0.592820 0.815807 0.022693 0.073413
9 0.629464 0.770833 0.030506 0.058862
0 0.702009 0.699405 0.015625 0.061508
0 0.704427 0.754299 0.018229 0.066799
0 0.651600 0.844246 0.021205 0.069444
0 0.701637 0.659722 0.015625 0.068122
0 0.709263 0.645503 0.016741 0.066138
6 0.696987 0.844577 0.049479 0.054233
2 0.745350 0.861442 0.029390 0.066799
9 0.765811 0.873016 0.026414 0.097884
0 0.785156 0.757937 0.025670 0.075397
0 0.838728 0.745701 0.027158 0.066799
1 0.863281 0.741071 0.021205 0.046958
1 0.849330 0.726521 0.019345 0.040344
9 0.797433 0.893188 0.047247 0.095899
2 0.802455 0.805225 0.046131 0.066799
1 0.801711 0.790675 0.029762 0.068122
0 0.910156 0.735119 0.023438 0.072090
0 0.693452 0.566138 0.011905 0.056878
0 0.685454 0.565146 0.011533 0.050926
0 0.295759 0.342262 0.346726 0.087963
0 0.705171 0.627976 0.016741 0.056217
0 0.764323 0.698082 0.014509 0.061508
0 0.704055 0.688161 0.014509 0.061508
0 0.712240 0.684193 0.014509 0.064153
0 0.827195 0.965278 0.020461 0.065476
0 0.707031 0.501653 0.012277 0.049603
0 0.592076 0.532738 0.011533 0.049603
0 0.755022 0.600198 0.015997 0.068122
2 0.506510 0.855489 0.044271 0.053571
2 0.655320 0.805225 0.025670 0.049603
2 0.671689 0.816468 0.028646 0.042989
