3 0.383929 0.638889 0.039435 0.066138
3 0.434896 0.636243 0.041667 0.060847
3 0.476749 0.626653 0.041295 0.060185
3 0.519903 0.625331 0.042783 0.061508
3 0.553385 0.603836 0.045759 0.054233
3 0.408482 0.711310 0.046131 0.086640
3 0.461124 0.699074 0.047991 0.079365
3 0.508929 0.697090 0.050595 0.074074
5 0.572359 0.709987 0.064360 0.101190
4 0.604539 0.672950 0.056548 0.070767
3 0.441406 0.838955 0.057664 0.106481
3 0.499256 0.805556 0.052827 0.082011
3 0.552641 0.795304 0.056176 0.085317
3 0.617932 0.809193 0.065476 0.094577
3 0.664062 0.781085 0.069940 0.088624
3 0.541109 0.924934 0.071057 0.114418
3 0.596540 0.888889 0.074033 0.111111
3 0.717076 0.878968 0.079241 0.105820
3 0.709449 0.952712 0.090774 0.091931
3 0.793341 0.964947 0.094122 0.067460
3 0.495908 0.520503 0.031250 0.038360
3 0.848958 0.517196 0.054315 0.044974
3 0.771391 0.506283 0.064360 0.042989
3 0.800409 0.471561 0.050967 0.044974
3 0.533668 0.448743 0.046503 0.037698
3 0.625372 0.454696 0.049107 0.036376
3 0.673921 0.452050 0.047247 0.033730
0 0.053199 0.866071 0.022321 0.076058
3 0.583333 0.440807 0.042411 0.035053
3 0.436198 0.439153 0.045015 0.031746
3 0.459077 0.427579 0.046131 0.032407
3 0.509859 0.423280 0.042039 0.027778
3 0.475818 0.413029 0.041667 0.031085
3 0.510231 0.404431 0.047247 0.027116
3 0.388021 0.420966 0.043155 0.033730
4 0.347842 0.423280 0.049107 0.042328
3 0.271949 0.418320 0.043155 0.032407
3 0.312686 0.412698 0.037574 0.029101
3 0.685082 0.421296 0.045015 0.037037
3 0.229911 0.393188 0.039435 0.032407
0 0.281808 0.266534 0.287574 0.235450
0 0.016555 0.518188 0.033110 0.216270
0 0.633371 0.553241 0.216890 0.181878
0 0.097656 0.317791 0.079241 0.154101
0 0.095610 0.645503 0.011905 0.048942
10 0.090960 0.621362 0.016741 0.049603
0 0.007068 0.718915 0.014137 0.060847
0 0.052269 0.589947 0.010789 0.042328
0 0.097470 0.586310 0.011905 0.048280
0 0.116815 0.592262 0.011161 0.042989
0 0.107887 0.586310 0.011905 0.041667
0 0.127046 0.555225 0.013765 0.046958
0 0.143229 0.590278 0.010417 0.036376
0 0.142857 0.571098 0.012649 0.040344
0 0.188430 0.592262 0.015253 0.044312
0 0.189174 0.549272 0.014509 0.039021
0 0.217448 0.585317 0.011533 0.041005
0 0.241257 0.579696 0.013021 0.042989
0 0.245722 0.569444 0.015997 0.047619
2 0.239025 0.544974 0.025670 0.023810
1 0.237351 0.531746 0.011905 0.031746
0 0.393229 0.547288 0.264137 0.093254
0 0.356213 0.467923 0.336682 0.082672
0 0.937500 0.767196 0.119792 0.461640
0 0.592262 0.353175 0.170387 0.087302
0 0.809152 0.676587 0.133929 0.300265
