3 0.094680 0.914021 0.086682 0.136243
3 0.172061 0.853836 0.082961 0.119048
3 0.248698 0.817791 0.079241 0.107804
3 0.294643 0.743717 0.078125 0.094577
3 0.253720 0.960317 0.107887 0.078042
5 0.370164 0.944444 0.125744 0.109788
4 0.405878 0.871362 0.102679 0.130291
3 0.173735 0.587963 0.039435 0.064815
3 0.619978 0.485450 0.064360 0.050265
3 0.618676 0.430225 0.055060 0.042989
3 0.707961 0.414352 0.057292 0.042989
3 0.504650 0.439815 0.064360 0.043651
3 0.558594 0.419312 0.056920 0.039683
3 0.016927 0.409392 0.033854 0.043651
3 0.372954 0.456680 0.070312 0.049603
3 0.300409 0.449405 0.061384 0.052249
3 0.221354 0.410384 0.057292 0.037698
3 0.305804 0.398810 0.054315 0.038360
8 0.190104 0.421958 0.140625 0.092593
3 0.209449 0.474206 0.072173 0.044974
3 0.146205 0.459987 0.069940 0.052249
3 0.075893 0.480820 0.075893 0.043651
3 0.106771 0.416997 0.052083 0.045635
3 0.380394 0.393519 0.056176 0.038360
3 0.488467 0.383598 0.052083 0.038360
3 0.357329 0.419312 0.053199 0.039683
3 0.647135 0.351190 0.052455 0.034392
3 0.569010 0.376984 0.044271 0.034392
3 0.695871 0.344577 0.045015 0.033069
3 0.636347 0.369378 0.046503 0.037698
0 0.481957 0.639550 0.149182 0.239418
0 0.009859 0.667328 0.013765 0.058201
9 0.001860 0.636905 0.003720 0.039683
2 0.142671 0.567460 0.035342 0.038360
2 0.196987 0.550595 0.030134 0.032407
0 0.117746 0.638558 0.021205 0.061508
0 0.289249 0.671296 0.234003 0.145503
0 0.138393 0.551587 0.013393 0.039683
0 0.295201 0.541997 0.223586 0.131614
2 0.646391 0.915013 0.039807 0.068122
1 0.648996 0.899471 0.023438 0.079365
2 0.625372 0.860780 0.037202 0.062831
1 0.627604 0.847553 0.025298 0.069444
9 0.606957 0.765212 0.030134 0.059524
0 0.679129 0.692791 0.016741 0.065476
0 0.714658 0.779431 0.018601 0.062831
0 0.559152 0.831019 0.027530 0.077381
0 0.659412 0.611442 0.014509 0.054894
0 0.669457 0.603175 0.013021 0.055556
6 0.680060 0.834656 0.049107 0.054233
2 0.728237 0.848214 0.029390 0.066799
9 0.747210 0.863757 0.026414 0.097884
0 0.717448 0.692791 0.015253 0.058862
0 0.817336 0.733466 0.020833 0.066138
1 0.842448 0.729167 0.021205 0.046958
1 0.831473 0.713955 0.019345 0.040344
9 0.776600 0.878968 0.044271 0.096561
2 0.651042 0.727513 0.038690 0.052910
1 0.652902 0.712963 0.023065 0.052910
0 0.865141 0.759590 0.023438 0.072090
0 0.923177 0.934524 0.026414 0.084656
0 0.970796 0.901786 0.027902 0.086640
0 0.667411 0.556217 0.011905 0.056878
0 0.658110 0.556217 0.011905 0.051587
0 0.208891 0.340608 0.417783 0.088624
0 0.728981 0.631944 0.015253 0.056217
0 0.727865 0.680225 0.017485 0.061508
0 0.723028 0.725198 0.014509 0.062831
0 0.730841 0.721561 0.011533 0.066138
0 0.802269 0.965939 0.020461 0.066799
0 0.581659 0.540013 0.011533 0.049603
0 0.651042 0.539683 0.011161 0.044974
0 0.737165 0.597553 0.014509 0.058862
2 0.485305 0.856151 0.044271 0.053571
2 0.631510 0.795966 0.025670 0.049603
2 0.648624 0.807209 0.028646 0.042989
