3 0.249442 0.930556 0.067336 0.133598
3 0.337054 0.913360 0.067708 0.129630
3 0.404018 0.873677 0.070685 0.115079
3 0.471912 0.856151 0.071801 0.109127
3 0.517485 0.797288 0.072173 0.101190
4 0.619234 0.939153 0.103051 0.119048
3 0.414435 0.609458 0.033482 0.061508
3 0.868118 0.577381 0.066592 0.052910
3 0.775298 0.575397 0.084821 0.059524
3 0.129278 0.458995 0.058408 0.031746
3 0.044271 0.448413 0.052827 0.038360
3 0.315290 0.413360 0.046503 0.033069
3 0.779762 0.496693 0.060268 0.043651
4 0.688616 0.505622 0.069940 0.061508
3 0.479725 0.506283 0.059152 0.045635
3 0.522507 0.488757 0.058408 0.044974
3 0.225074 0.461310 0.054315 0.037698
3 0.341146 0.465278 0.057292 0.037698
3 0.348772 0.501323 0.056176 0.043651
3 0.128162 0.444775 0.056176 0.037698
3 0.346726 0.431217 0.046131 0.038360
3 0.357515 0.481151 0.057292 0.041667
3 0.216146 0.493717 0.060268 0.042989
3 0.226749 0.476852 0.057664 0.037037
3 0.273065 0.450728 0.048363 0.036376
3 0.434896 0.442130 0.049107 0.040344
3 0.099144 0.507275 0.068080 0.043651
3 0.100818 0.475198 0.054315 0.037698
3 0.263765 0.396825 0.024554 0.034392
8 0.413504 0.438492 0.123884 0.076720
3 0.626116 0.443452 0.057292 0.037698
3 0.715588 0.443452 0.050223 0.035053
8 0.678571 0.458333 0.135417 0.091270
3 0.017485 0.501323 0.034970 0.038360
3 0.012277 0.478175 0.024554 0.043651
3 0.549665 0.455026 0.047991 0.038360
3 0.531064 0.439815 0.046503 0.038360
3 0.773065 0.444114 0.054315 0.040344
3 0.840588 0.443783 0.059152 0.039683
3 0.860677 0.474206 0.065104 0.043651
3 0.906250 0.426257 0.060268 0.035053
3 0.936198 0.451389 0.056920 0.041667
3 0.962612 0.427910 0.041295 0.029101
0 0.152716 0.281085 0.305432 0.235450
0 0.637463 0.639550 0.391741 0.255291
0 0.125744 0.707672 0.019345 0.060847
0 0.109747 0.705026 0.019345 0.054233
2 0.307478 0.673280 0.028646 0.030423
1 0.305432 0.658399 0.014881 0.050926
0 0.221168 0.744709 0.428943 0.170635
0 0.351004 0.551587 0.175223 0.092593
2 0.212240 0.558532 0.026414 0.027116
1 0.208333 0.540675 0.015625 0.032407
2 0.158110 0.541997 0.022321 0.021825
1 0.154018 0.526786 0.013393 0.029762
0 0.224516 0.578704 0.014509 0.039683
2 0.801153 0.784392 0.023438 0.054233
1 0.803013 0.769511 0.014509 0.057540
9 0.840216 0.896164 0.030134 0.059524
0 0.900112 0.841931 0.017485 0.076720
0 0.932478 0.892196 0.024182 0.071429
0 0.920759 0.952381 0.021577 0.070106
2 0.791667 0.915675 0.039435 0.069444
1 0.795945 0.897487 0.021205 0.066138
0 0.489025 0.367394 0.300967 0.087963
0 0.901972 0.724537 0.014509 0.061508
0 0.912388 0.725198 0.014509 0.064153
0 0.979167 0.700397 0.015625 0.067460
2 0.699777 0.955357 0.043899 0.066799
2 0.866257 0.943783 0.033854 0.060847
2 0.885789 0.962302 0.033482 0.055556
