3 0.388393 0.758598 0.046875 0.085979
3 0.452753 0.755291 0.052083 0.083333
3 0.503348 0.741071 0.050595 0.080026
3 0.556734 0.738426 0.053199 0.074735
3 0.596354 0.705026 0.054315 0.070106
3 0.417969 0.871362 0.059152 0.121032
3 0.484933 0.854828 0.061384 0.114418
3 0.544271 0.848545 0.066964 0.112434
5 0.625930 0.875000 0.085938 0.144180
4 0.665923 0.815146 0.075893 0.099868
3 0.603051 0.972553 0.069196 0.050926
3 0.753534 0.959325 0.097842 0.078704
3 0.522693 0.574735 0.030506 0.044974
3 0.944010 0.587302 0.072545 0.046296
3 0.844680 0.571759 0.066592 0.044312
3 0.728795 0.513228 0.052827 0.047619
3 0.877976 0.527116 0.064732 0.038360
3 0.979911 0.521825 0.039435 0.044974
3 0.803013 0.503307 0.057664 0.038360
3 0.598214 0.495040 0.055060 0.037698
3 0.610491 0.480489 0.055060 0.035053
3 0.481399 0.454696 0.048363 0.032407
3 0.406808 0.434193 0.044271 0.029762
3 0.516183 0.431217 0.047247 0.027778
3 0.493118 0.469246 0.046503 0.037698
4 0.462054 0.474206 0.055804 0.048942
3 0.368304 0.463624 0.049851 0.035714
3 0.389695 0.457011 0.053943 0.034392
3 0.555618 0.462302 0.046503 0.038360
3 0.641741 0.470899 0.046875 0.033069
3 0.275484 0.457341 0.046503 0.040344
3 0.505022 0.442130 0.043527 0.031085
3 0.571801 0.437500 0.040923 0.033730
3 0.282366 0.443452 0.045387 0.036376
3 0.248512 0.431217 0.045387 0.038360
3 0.279204 0.420635 0.038318 0.033069
3 0.610863 0.456019 0.046131 0.032407
3 0.626116 0.440476 0.046131 0.034392
3 0.344494 0.434193 0.041667 0.033730
3 0.431734 0.419974 0.033854 0.029101
3 0.698103 0.452050 0.038318 0.035053
3 0.129650 0.414683 0.043527 0.033069
3 0.205543 0.417989 0.030134 0.026455
0 0.253348 0.277116 0.363095 0.246032
0 0.666853 0.614749 0.216890 0.221561
0 0.036644 0.334656 0.071801 0.154762
0 0.033296 0.763558 0.013021 0.053571
10 0.035528 0.722884 0.021949 0.060847
0 0.024554 0.677249 0.012649 0.041005
0 0.158854 0.621362 0.017113 0.048280
0 0.070126 0.672950 0.013021 0.044312
0 0.079427 0.657077 0.013021 0.046958
0 0.089658 0.687169 0.015625 0.047619
0 0.204985 0.615079 0.016369 0.043651
0 0.132999 0.675926 0.015997 0.047619
0 0.165737 0.668320 0.018229 0.048280
0 0.151972 0.649802 0.015253 0.052249
2 0.301153 0.607474 0.025670 0.024471
1 0.299665 0.593585 0.011533 0.040344
0 0.372396 0.637235 0.369048 0.114418
0 0.405878 0.510582 0.343750 0.097884
0 0.887463 0.771495 0.224330 0.453042
0 0.598214 0.375992 0.197173 0.087963
