3 0.382626 0.704365 0.043527 0.072751
3 0.440104 0.703373 0.045387 0.070767
3 0.487165 0.690807 0.045759 0.070767
3 0.536272 0.688161 0.047247 0.073413
3 0.573103 0.661706 0.050967 0.064153
3 0.411644 0.797950 0.054688 0.102513
3 0.470796 0.784061 0.054688 0.095899
3 0.523996 0.779431 0.060640 0.091931
5 0.598958 0.800265 0.075893 0.121693
4 0.632999 0.751323 0.065848 0.085979
3 0.448103 0.949074 0.067336 0.099206
3 0.516369 0.923942 0.061756 0.101852
3 0.578683 0.907738 0.068080 0.103836
3 0.655134 0.926918 0.079613 0.114418
3 0.707217 0.892526 0.084077 0.114418
3 0.771577 0.979167 0.084821 0.037698
3 0.508929 0.552910 0.030506 0.043651
3 0.892485 0.556878 0.069196 0.044974
3 0.805804 0.542989 0.063988 0.043651
3 0.627232 0.484458 0.052083 0.037698
3 0.742560 0.495701 0.054315 0.039021
3 0.816034 0.489749 0.050223 0.033730
3 0.684524 0.474206 0.048363 0.034392
3 0.511905 0.471230 0.051339 0.032407
3 0.525298 0.455357 0.048363 0.032407
3 0.497582 0.443122 0.046503 0.031746
3 0.441778 0.427579 0.044271 0.029762
3 0.514695 0.423280 0.047247 0.027778
3 0.433036 0.448082 0.043155 0.032407
4 0.401600 0.451720 0.051711 0.041005
3 0.320312 0.445437 0.046875 0.033730
3 0.354167 0.436177 0.044643 0.031085
3 0.562872 0.453042 0.042411 0.033069
3 0.651042 0.456680 0.046131 0.032407
3 0.236049 0.441468 0.042039 0.032407
3 0.533296 0.434193 0.043527 0.031085
3 0.564360 0.423611 0.039435 0.029762
3 0.384115 0.428902 0.039062 0.028439
3 0.433408 0.409061 0.037202 0.025794
3 0.692522 0.440476 0.038318 0.034392
3 0.176525 0.407077 0.043527 0.031085
3 0.244606 0.412698 0.029390 0.027778
0 0.266183 0.272487 0.329241 0.242063
0 0.641555 0.585317 0.216890 0.215608
0 0.060640 0.319775 0.078869 0.154101
0 0.056548 0.716931 0.011905 0.050265
10 0.054501 0.683532 0.018973 0.053571
0 0.047433 0.625992 0.011533 0.050926
0 0.068266 0.643188 0.013021 0.041667
0 0.048549 0.639550 0.017485 0.041005
0 0.138393 0.597222 0.017113 0.046296
0 0.101376 0.636905 0.012277 0.042328
0 0.102307 0.626984 0.012649 0.044974
0 0.135231 0.645833 0.015253 0.044312
0 0.193266 0.589616 0.013765 0.039021
0 0.170387 0.637897 0.011161 0.044312
0 0.197917 0.630291 0.014881 0.042328
0 0.192336 0.618386 0.015625 0.047619
2 0.266183 0.582011 0.025670 0.023810
1 0.264881 0.568452 0.011905 0.037698
0 0.373326 0.605159 0.309896 0.092593
0 0.368676 0.494048 0.343750 0.097884
0 0.881138 0.769511 0.236235 0.458333
0 0.597656 0.371362 0.175967 0.087963
