3 0.031994 0.939815 0.063988 0.119048
3 0.126860 0.908730 0.081101 0.133598
3 0.202195 0.851190 0.080729 0.119048
3 0.275856 0.816799 0.077009 0.107143
3 0.321801 0.746362 0.075149 0.095899
3 0.275298 0.957672 0.104167 0.082011
5 0.389323 0.944114 0.125372 0.110450
4 0.425223 0.872024 0.102679 0.130291
3 0.199777 0.587632 0.039435 0.061508
3 0.643415 0.487103 0.064360 0.050926
3 0.559524 0.500331 0.078125 0.058862
3 0.023438 0.386574 0.046875 0.036376
3 0.658482 0.430225 0.059524 0.045635
3 0.494978 0.451058 0.059152 0.043651
3 0.563430 0.427249 0.056920 0.043651
3 0.348400 0.465278 0.064360 0.042989
3 0.348400 0.446098 0.061384 0.040344
3 0.090588 0.414021 0.056920 0.044974
3 0.184896 0.490741 0.075893 0.050265
3 0.133185 0.469907 0.066964 0.052249
3 0.310640 0.401124 0.057292 0.037698
3 0.384115 0.397817 0.053943 0.033730
8 0.278460 0.416667 0.132812 0.091270
3 0.036086 0.499008 0.060268 0.046958
3 0.017857 0.481812 0.034970 0.044312
3 0.057478 0.439153 0.053943 0.038360
3 0.196429 0.416005 0.052083 0.044974
3 0.454055 0.394841 0.046503 0.039683
3 0.554501 0.384259 0.049479 0.039683
3 0.451823 0.416667 0.051711 0.039683
3 0.669271 0.353175 0.052083 0.034392
3 0.637091 0.377646 0.047247 0.034392
3 0.722842 0.349537 0.045387 0.032407
3 0.700149 0.372685 0.046131 0.037698
0 0.021019 0.249008 0.042039 0.248016
0 0.383185 0.613426 0.357887 0.253307
0 0.062686 0.651455 0.021205 0.060847
0 0.096726 0.670635 0.152530 0.140212
0 0.119792 0.563823 0.013393 0.040344
2 0.581845 0.846230 0.037202 0.069444
0 0.582961 0.830688 0.022321 0.064815
9 0.590030 0.824074 0.042411 0.066138
1 0.587240 0.811839 0.022693 0.073413
9 0.627790 0.769841 0.030134 0.059524
0 0.701451 0.698743 0.015997 0.061508
0 0.703311 0.753968 0.018229 0.066138
0 0.648624 0.844246 0.021205 0.069444
0 0.699405 0.658399 0.015625 0.068122
0 0.706659 0.643519 0.016741 0.066138
6 0.695126 0.843915 0.049479 0.054233
2 0.743490 0.860119 0.029390 0.066799
9 0.764323 0.872354 0.026414 0.097884
0 0.781994 0.755291 0.024554 0.075397
0 0.836496 0.745040 0.027158 0.066799
1 0.861793 0.739749 0.021205 0.046958
1 0.847842 0.725198 0.019345 0.040344
9 0.795573 0.891865 0.047247 0.095899
2 0.796875 0.802579 0.046131 0.066799
1 0.796689 0.787698 0.030134 0.067460
0 0.907924 0.734458 0.023438 0.072090
0 0.691220 0.564815 0.011905 0.056878
0 0.683222 0.563823 0.011533 0.050926
0 0.291667 0.342262 0.351935 0.087963
0 0.706287 0.627976 0.016741 0.056217
0 0.762835 0.697421 0.014509 0.061508
0 0.703311 0.688161 0.014509 0.061508
0 0.711496 0.684193 0.014509 0.064153
0 0.825335 0.965278 0.020461 0.065476
0 0.706659 0.500331 0.012277 0.049603
0 0.590960 0.532738 0.011533 0.049603
0 0.753906 0.600198 0.015997 0.068122
2 0.505022 0.855489 0.044271 0.053571
2 0.653088 0.803902 0.025670 0.049603
2 0.669457 0.815146 0.028646 0.042989
