3 0.382626 0.666997 0.041295 0.068122
3 0.436384 0.665344 0.042411 0.064815
3 0.480283 0.654431 0.043155 0.064153
3 0.526228 0.652447 0.044271 0.068122
3 0.561198 0.629299 0.047991 0.058862
3 0.409598 0.748016 0.049851 0.092593
3 0.464658 0.735450 0.050595 0.085979
3 0.514695 0.732143 0.055432 0.080688
5 0.583333 0.748677 0.069196 0.109788
4 0.615885 0.706680 0.060640 0.077381
3 0.442336 0.893188 0.061012 0.118386
3 0.503720 0.856151 0.055060 0.089286
3 0.560826 0.842593 0.059896 0.092593
3 0.629650 0.858135 0.071057 0.101190
3 0.679129 0.828042 0.075521 0.097884
3 0.547433 0.962302 0.071801 0.072751
3 0.607887 0.943452 0.078125 0.110450
3 0.737537 0.937831 0.085193 0.111111
3 0.728609 0.986442 0.091146 0.024471
3 0.499070 0.536045 0.030878 0.040344
3 0.861979 0.532407 0.055804 0.044974
3 0.782552 0.524140 0.064360 0.042989
3 0.862165 0.489418 0.050967 0.044974
3 0.566964 0.465278 0.049107 0.037698
3 0.668899 0.472884 0.051339 0.037037
3 0.725632 0.468585 0.049479 0.032407
0 0.018973 0.943783 0.022321 0.079365
3 0.620908 0.454696 0.046875 0.035053
3 0.463170 0.453042 0.049851 0.030423
3 0.479539 0.442130 0.046131 0.032407
3 0.503906 0.433862 0.042783 0.029101
3 0.460751 0.419974 0.042039 0.030423
3 0.510231 0.412037 0.047247 0.027778
3 0.402530 0.433862 0.043155 0.033069
4 0.367746 0.436839 0.049479 0.041667
3 0.289993 0.430556 0.044271 0.031746
3 0.328497 0.424272 0.037946 0.031085
3 0.565662 0.439815 0.042039 0.031746
3 0.653646 0.446759 0.046131 0.032407
3 0.209635 0.429563 0.042039 0.029762
3 0.682850 0.428571 0.042039 0.037037
3 0.204427 0.400794 0.041295 0.031746
3 0.271763 0.403439 0.029390 0.027778
0 0.275112 0.269180 0.305432 0.238095
0 0.636719 0.567130 0.216890 0.196429
0 0.082775 0.317791 0.079241 0.154101
0 0.077753 0.678241 0.011905 0.049603
10 0.075335 0.651786 0.016741 0.049603
0 0.026042 0.616402 0.016369 0.047619
0 0.074591 0.605159 0.009301 0.048942
0 0.092262 0.617063 0.013393 0.042328
0 0.079055 0.619048 0.017485 0.041005
0 0.128348 0.577050 0.014137 0.046958
0 0.122396 0.608135 0.010417 0.036376
0 0.122396 0.598876 0.012649 0.039021
0 0.163876 0.618056 0.015253 0.044312
0 0.186198 0.569114 0.010045 0.039021
0 0.194010 0.607474 0.011533 0.040344
0 0.221726 0.604167 0.013393 0.042989
0 0.221912 0.590608 0.015997 0.047619
2 0.248326 0.561508 0.025670 0.023810
1 0.245536 0.546627 0.011905 0.032407
0 0.374070 0.581349 0.272693 0.092593
0 0.355469 0.479828 0.344122 0.098545
0 0.913318 0.768188 0.169643 0.459656
0 0.595052 0.362434 0.170759 0.087302
0 0.784970 0.654101 0.085565 0.255291
