3 0.076451 0.935516 0.080729 0.126323
3 0.176339 0.906085 0.079613 0.133598
3 0.248884 0.851852 0.078869 0.113757
3 0.320312 0.824074 0.075149 0.108466
3 0.364583 0.756944 0.073661 0.095899
3 0.318824 0.960648 0.095982 0.076058
5 0.431548 0.949735 0.121280 0.097884
4 0.468564 0.886574 0.101562 0.131614
3 0.251860 0.593254 0.039435 0.060847
3 0.693266 0.504630 0.065848 0.051587
3 0.606957 0.511905 0.079241 0.059524
3 0.099516 0.393519 0.046503 0.033069
3 0.582589 0.456019 0.061012 0.045635
3 0.658482 0.437831 0.060268 0.043651
3 0.425037 0.472553 0.059152 0.042989
3 0.490885 0.449405 0.056920 0.042989
3 0.257999 0.480489 0.064360 0.042989
3 0.262835 0.463955 0.061384 0.040344
3 0.171317 0.418651 0.052455 0.044974
3 0.119048 0.502646 0.075893 0.050265
3 0.090774 0.479167 0.066964 0.052249
3 0.063616 0.372354 0.024554 0.034392
8 0.062872 0.424603 0.125744 0.075397
3 0.396577 0.407077 0.057292 0.037698
3 0.469494 0.405754 0.052827 0.035053
8 0.377604 0.420635 0.126488 0.091270
3 0.012091 0.507937 0.024182 0.039683
3 0.190104 0.435185 0.052827 0.038360
3 0.276600 0.416667 0.052455 0.039683
3 0.533854 0.399471 0.049851 0.039683
3 0.634487 0.389550 0.059152 0.039683
3 0.553385 0.422288 0.050223 0.037698
3 0.720238 0.367063 0.052083 0.034392
3 0.706287 0.388228 0.047247 0.034392
3 0.769903 0.361772 0.045015 0.033069
0 0.048363 0.254960 0.096726 0.248016
0 0.429501 0.614418 0.352307 0.251323
0 0.062128 0.666005 0.019345 0.060847
0 0.149926 0.667328 0.052827 0.116402
0 0.226562 0.540344 0.107887 0.097884
0 0.136533 0.569114 0.011161 0.040344
9 0.672991 0.796627 0.030506 0.058862
0 0.735491 0.730820 0.017113 0.070106
0 0.749442 0.775132 0.018229 0.070106
0 0.708519 0.861111 0.021205 0.070106
0 0.758929 0.707341 0.015625 0.068122
0 0.772879 0.699405 0.017485 0.078704
6 0.744048 0.872354 0.049107 0.054233
2 0.793713 0.894180 0.029390 0.066138
9 0.817894 0.910053 0.026414 0.097884
0 0.881138 0.819444 0.029390 0.075397
0 0.892299 0.777447 0.027158 0.066799
1 0.920387 0.774802 0.021577 0.046958
1 0.907366 0.763558 0.019345 0.040344
9 0.848400 0.924934 0.047247 0.095899
2 0.540365 0.715608 0.026414 0.054233
1 0.539621 0.700066 0.018229 0.064153
0 0.737723 0.582011 0.013393 0.056878
0 0.730283 0.582011 0.011905 0.056878
0 0.304501 0.350198 0.300967 0.087963
0 0.710751 0.631944 0.012277 0.054894
0 0.808966 0.725198 0.014509 0.061508
0 0.735305 0.686839 0.014509 0.061508
0 0.743862 0.682209 0.014509 0.064153
0 0.734747 0.532738 0.014881 0.049603
0 0.634115 0.542328 0.011533 0.048942
0 0.803757 0.619378 0.015997 0.068122
2 0.548549 0.874669 0.044271 0.053571
2 0.696987 0.831680 0.028646 0.054894
2 0.711868 0.842923 0.030134 0.042989
