3 0.094122 0.915344 0.087054 0.137566
3 0.171317 0.855159 0.082961 0.119048
3 0.248698 0.819114 0.079241 0.107804
3 0.295015 0.743717 0.078125 0.094577
3 0.252976 0.960979 0.107887 0.076720
5 0.370164 0.944775 0.125744 0.109127
4 0.405878 0.871362 0.102679 0.130291
3 0.174107 0.587963 0.039435 0.064815
3 0.620722 0.485450 0.064360 0.050265
3 0.633185 0.428902 0.055060 0.042989
3 0.519531 0.438492 0.062872 0.043651
3 0.583891 0.416667 0.056176 0.039683
3 0.014137 0.408730 0.028274 0.043651
3 0.393787 0.453042 0.068824 0.048942
3 0.324219 0.446098 0.061384 0.052249
3 0.213170 0.412368 0.057292 0.037698
3 0.299851 0.399471 0.054315 0.038360
8 0.184524 0.421958 0.140625 0.092593
3 0.236049 0.471892 0.069568 0.044312
3 0.166295 0.458664 0.069940 0.052249
3 0.102121 0.478836 0.077009 0.043651
3 0.098214 0.416336 0.052083 0.045635
3 0.375930 0.393519 0.056176 0.038360
3 0.484003 0.383598 0.052083 0.038360
3 0.348958 0.421296 0.054315 0.039683
3 0.647135 0.351190 0.052455 0.034392
3 0.564174 0.377646 0.044271 0.034392
3 0.696615 0.344577 0.045015 0.033069
3 0.633371 0.369378 0.046503 0.037698
0 0.494792 0.640542 0.130952 0.240079
0 0.016183 0.665344 0.014509 0.058201
9 0.001860 0.636905 0.003720 0.039683
2 0.147135 0.566138 0.035342 0.038360
2 0.201079 0.547288 0.030134 0.032407
0 0.127418 0.635913 0.021205 0.061508
0 0.327753 0.671296 0.199405 0.145503
0 0.143973 0.551587 0.013393 0.039683
0 0.307664 0.538029 0.244048 0.132937
2 0.630208 0.900463 0.040179 0.068122
1 0.633743 0.885913 0.023438 0.080026
2 0.613095 0.847553 0.037202 0.062831
1 0.614211 0.838294 0.025298 0.069444
9 0.607329 0.766534 0.030134 0.059524
0 0.679129 0.692791 0.016741 0.065476
0 0.718378 0.786045 0.018601 0.062831
0 0.552827 0.829696 0.027530 0.077381
0 0.659040 0.609458 0.014509 0.056217
0 0.670201 0.603175 0.013021 0.056878
6 0.680804 0.836640 0.049107 0.054233
2 0.729725 0.849537 0.029390 0.066799
9 0.749814 0.865741 0.026414 0.097884
0 0.711496 0.690146 0.015253 0.064153
0 0.817894 0.734127 0.020461 0.066138
1 0.843192 0.729828 0.021205 0.046958
1 0.832031 0.716601 0.018973 0.040344
9 0.778460 0.882275 0.044271 0.096561
2 0.639323 0.725198 0.039062 0.053571
1 0.640997 0.711310 0.023065 0.052249
0 0.861793 0.765542 0.023438 0.072090
0 0.924293 0.931878 0.026414 0.084656
0 0.965960 0.899140 0.028646 0.086640
0 0.668527 0.556878 0.011905 0.056878
0 0.659226 0.556217 0.011905 0.051587
0 0.206101 0.340608 0.412202 0.088624
0 0.734561 0.629299 0.015253 0.056217
0 0.727865 0.680225 0.017485 0.061508
0 0.729353 0.731481 0.014509 0.063492
0 0.737165 0.728505 0.011533 0.068122
0 0.804501 0.967262 0.020461 0.064153
0 0.583891 0.542659 0.011533 0.049603
0 0.649368 0.542659 0.011533 0.045635
0 0.738653 0.598876 0.014509 0.058862
2 0.485305 0.856812 0.044271 0.053571
2 0.632254 0.797950 0.025670 0.049603
2 0.649368 0.809193 0.028646 0.042989
