3 0.393043 0.875661 0.054688 0.116402
3 0.471540 0.873347 0.058408 0.113095
3 0.534226 0.851852 0.063244 0.107143
3 0.597284 0.849537 0.064360 0.102513
3 0.645461 0.803571 0.069196 0.095238
3 0.505394 0.968915 0.068824 0.060847
3 0.580543 0.967923 0.077009 0.062831
4 0.733445 0.947421 0.091146 0.105159
3 0.555990 0.627976 0.033854 0.054894
3 0.926711 0.632606 0.076637 0.050926
3 0.812128 0.558532 0.072173 0.042989
3 0.835565 0.539683 0.068452 0.046296
3 0.432106 0.467923 0.050223 0.032407
3 0.346912 0.443452 0.047247 0.036376
3 0.522693 0.447421 0.046131 0.032407
3 0.648251 0.514881 0.056920 0.037698
4 0.601749 0.519841 0.065104 0.055556
3 0.466890 0.503968 0.054315 0.039683
3 0.488281 0.491402 0.053199 0.038360
3 0.523810 0.480489 0.051339 0.037698
3 0.629278 0.497354 0.053943 0.033069
3 0.363839 0.490741 0.052083 0.044974
3 0.434152 0.454365 0.049107 0.038360
3 0.580171 0.459987 0.046503 0.037698
3 0.365699 0.473876 0.051339 0.042989
3 0.178757 0.438492 0.053943 0.038360
3 0.199963 0.429233 0.040551 0.033069
3 0.259301 0.474206 0.054315 0.043651
3 0.282738 0.459656 0.049851 0.035714
3 0.577009 0.475860 0.048363 0.036376
3 0.645089 0.466931 0.049107 0.039683
3 0.156436 0.470569 0.059896 0.044312
3 0.274554 0.444114 0.045387 0.035053
3 0.435454 0.425595 0.031622 0.031085
8 0.712798 0.472553 0.120536 0.077381
3 0.813988 0.488095 0.056548 0.038360
3 0.899368 0.487103 0.050223 0.035053
8 0.927455 0.510251 0.133185 0.090608
3 0.700707 0.467262 0.038318 0.036376
3 0.038504 0.419643 0.045759 0.032407
3 0.124442 0.426257 0.034598 0.031085
0 0.220982 0.289683 0.392113 0.248677
0 0.692150 0.663029 0.216890 0.221561
0 0.010975 0.336640 0.021949 0.154762
0 0.199777 0.672288 0.013393 0.053571
0 0.009115 0.740079 0.010789 0.050265
0 0.026228 0.729167 0.017485 0.052249
0 0.227865 0.666667 0.011533 0.052910
0 0.045015 0.758267 0.017857 0.054894
0 0.025856 0.744048 0.013765 0.048942
0 0.088728 0.743056 0.015253 0.060185
0 0.063616 0.713955 0.017857 0.061508
2 0.365513 0.656415 0.028646 0.029762
1 0.363467 0.644511 0.014881 0.048280
0 0.339100 0.709325 0.458705 0.144841
0 0.470238 0.554563 0.343750 0.098545
2 0.246094 0.537037 0.019717 0.022487
1 0.245350 0.524140 0.015253 0.032407
2 0.211124 0.515542 0.022693 0.021825
1 0.207589 0.503307 0.010417 0.030423
0 0.897135 0.793651 0.192336 0.412698
0 0.599144 0.383929 0.234747 0.087963
