3 0.350074 0.933201 0.060268 0.132275
3 0.435640 0.927249 0.063988 0.129630
3 0.502604 0.898479 0.068452 0.119709
3 0.571057 0.894841 0.069196 0.116402
3 0.619234 0.835648 0.074033 0.105159
4 0.708705 0.966270 0.090774 0.067460
3 0.519531 0.639550 0.033110 0.060847
3 0.904762 0.635251 0.090774 0.058862
3 0.902344 0.570437 0.073289 0.050926
3 0.930804 0.552910 0.072917 0.044974
3 0.335751 0.467923 0.055432 0.031085
3 0.251302 0.448743 0.050223 0.035053
3 0.458333 0.441799 0.046131 0.033069
3 0.715030 0.531746 0.060268 0.043651
4 0.650670 0.535384 0.069940 0.062831
3 0.480655 0.520833 0.058036 0.045635
3 0.510231 0.508929 0.059152 0.037698
3 0.427641 0.481812 0.050967 0.037698
3 0.544457 0.492725 0.053943 0.038360
3 0.372210 0.509921 0.053943 0.044974
3 0.336496 0.453042 0.052455 0.038360
3 0.516183 0.457672 0.046503 0.038360
3 0.368862 0.491071 0.053199 0.042989
3 0.074033 0.446759 0.057292 0.041667
3 0.077009 0.438161 0.051339 0.032407
3 0.247396 0.493386 0.055804 0.043651
3 0.272135 0.478175 0.050967 0.038360
3 0.481399 0.475198 0.048363 0.036376
3 0.595796 0.464286 0.049479 0.039683
3 0.144903 0.492394 0.059896 0.044312
3 0.135045 0.466270 0.052083 0.037037
3 0.172433 0.453704 0.047991 0.038360
3 0.388765 0.421627 0.024554 0.029762
8 0.621094 0.469577 0.128348 0.076720
3 0.768229 0.487103 0.057292 0.037698
3 0.843564 0.478175 0.050223 0.034392
8 0.870722 0.507606 0.152158 0.090608
8 0.051897 0.541667 0.097098 0.132275
3 0.766183 0.500992 0.052455 0.042989
3 0.684896 0.479167 0.037202 0.037698
3 0.011347 0.437500 0.021949 0.031085
0 0.198475 0.299272 0.396949 0.241402
0 0.681548 0.669974 0.260417 0.220899
0 0.179688 0.713955 0.019345 0.061508
0 0.193824 0.703704 0.018601 0.054233
2 0.355469 0.687500 0.028646 0.029762
1 0.353051 0.668981 0.014881 0.049603
0 0.278088 0.745370 0.540551 0.171958
0 0.445312 0.563823 0.343750 0.098545
2 0.244234 0.561839 0.026414 0.027116
1 0.242932 0.543981 0.015625 0.032407
2 0.201823 0.538029 0.022693 0.021825
1 0.198661 0.524802 0.012649 0.029762
0 0.900298 0.791005 0.198661 0.415344
0 0.599888 0.389220 0.257068 0.087963
