3 0.381882 0.682870 0.042039 0.069444
3 0.437128 0.681548 0.043155 0.066799
3 0.482329 0.669643 0.044271 0.066799
3 0.529762 0.667328 0.045387 0.071429
3 0.565476 0.643519 0.049107 0.060847
3 0.410156 0.768849 0.052455 0.095899
3 0.466890 0.755291 0.052083 0.089947
3 0.517857 0.751653 0.058036 0.085317
5 0.589286 0.770172 0.072173 0.114418
4 0.622210 0.725198 0.062872 0.081349
3 0.445126 0.920304 0.064360 0.118386
3 0.508371 0.884590 0.057664 0.093254
3 0.567894 0.869378 0.063616 0.095899
3 0.640067 0.887566 0.074777 0.109788
3 0.690104 0.854497 0.078869 0.104497
3 0.548549 0.978836 0.071801 0.039683
3 0.614769 0.958664 0.077753 0.080026
3 0.750930 0.954696 0.085193 0.086640
3 0.500744 0.541667 0.030506 0.043651
3 0.869792 0.541667 0.058036 0.044974
3 0.788132 0.534061 0.064360 0.042989
3 0.898438 0.498016 0.051339 0.044974
3 0.586310 0.471892 0.051339 0.037698
3 0.694940 0.480489 0.051339 0.039021
3 0.757254 0.476521 0.049479 0.032407
3 0.645461 0.462963 0.048363 0.034392
3 0.482143 0.460648 0.051339 0.029762
3 0.497024 0.448082 0.046131 0.032407
3 0.501302 0.437831 0.044271 0.030423
3 0.452939 0.423280 0.042783 0.030423
3 0.512091 0.416667 0.047247 0.027778
3 0.411830 0.440146 0.043155 0.032407
4 0.379278 0.443452 0.049479 0.041667
3 0.299665 0.435516 0.045015 0.031085
3 0.339286 0.429563 0.040923 0.031085
3 0.561756 0.446429 0.042411 0.031746
3 0.652530 0.450728 0.046131 0.032407
3 0.220796 0.434524 0.042039 0.030423
3 0.540923 0.429563 0.043155 0.031085
3 0.561756 0.420966 0.039435 0.029762
3 0.394531 0.426587 0.039062 0.029101
3 0.430432 0.407738 0.037202 0.025794
3 0.682106 0.431548 0.038318 0.035053
3 0.191964 0.403108 0.043155 0.031085
3 0.259859 0.407407 0.029390 0.027778
0 0.271205 0.270503 0.315476 0.239418
0 0.638951 0.574405 0.216890 0.204365
0 0.073475 0.317791 0.079241 0.154101
0 0.067336 0.696098 0.011905 0.049603
10 0.066034 0.667659 0.016741 0.049603
0 0.013207 0.629630 0.014509 0.047619
0 0.062686 0.614087 0.010045 0.049603
0 0.080729 0.630622 0.013393 0.041667
0 0.064546 0.628307 0.017485 0.041005
0 0.129464 0.586971 0.016369 0.046958
0 0.111235 0.621362 0.010417 0.036376
0 0.111235 0.612103 0.012649 0.039021
0 0.150112 0.629299 0.015253 0.044312
0 0.185454 0.579034 0.010045 0.039021
0 0.181920 0.621693 0.011161 0.043651
0 0.210007 0.614087 0.014509 0.042989
0 0.207775 0.603836 0.015997 0.047619
2 0.253534 0.571429 0.025670 0.023810
1 0.251860 0.556548 0.011905 0.032407
0 0.372954 0.591931 0.287574 0.092593
0 0.357329 0.484458 0.344122 0.098545
0 0.899740 0.768849 0.197545 0.459656
0 0.596540 0.367394 0.170759 0.087963
0 0.771577 0.635251 0.058780 0.217593
