3 0.208147 0.931217 0.069568 0.132275
3 0.298177 0.910384 0.069568 0.128968
3 0.366071 0.869378 0.071429 0.114418
3 0.433594 0.846892 0.071801 0.109127
3 0.478609 0.786045 0.071801 0.099868
4 0.580357 0.931217 0.100446 0.132275
3 0.375000 0.606812 0.033482 0.061508
3 0.818452 0.558532 0.069940 0.052249
3 0.729539 0.558201 0.079613 0.059524
3 0.046131 0.467262 0.056548 0.041667
3 0.266555 0.408399 0.046503 0.032407
3 0.806548 0.482804 0.060268 0.043651
4 0.708519 0.493386 0.070312 0.059524
3 0.485863 0.502315 0.061012 0.045635
3 0.535156 0.484127 0.058408 0.044974
3 0.147135 0.463955 0.056920 0.036376
3 0.259301 0.462302 0.057292 0.038360
3 0.344308 0.501323 0.056176 0.043651
3 0.046317 0.447421 0.061384 0.037698
3 0.282366 0.429233 0.046131 0.038360
3 0.369048 0.477844 0.057292 0.041667
3 0.206845 0.494378 0.063244 0.042989
3 0.212240 0.477183 0.058408 0.036376
3 0.196057 0.449405 0.048363 0.036376
3 0.365699 0.436177 0.049107 0.040344
3 0.087612 0.509259 0.073289 0.043651
3 0.085379 0.481151 0.058408 0.040344
3 0.217634 0.392196 0.024554 0.034392
8 0.335007 0.433201 0.123884 0.076720
3 0.569382 0.433532 0.056920 0.037698
3 0.658296 0.434854 0.050223 0.035053
8 0.609933 0.446429 0.133557 0.091270
3 0.010417 0.507275 0.020833 0.038360
3 0.468564 0.447751 0.047991 0.038360
3 0.469680 0.433862 0.046503 0.038360
3 0.719866 0.435516 0.054315 0.040344
3 0.788876 0.432540 0.059152 0.039683
3 0.788318 0.457341 0.060268 0.042989
3 0.859003 0.413029 0.060268 0.035053
3 0.877790 0.432870 0.053199 0.035053
3 0.917411 0.410053 0.055060 0.038360
0 0.128534 0.268188 0.257068 0.248016
0 0.592076 0.630952 0.391741 0.255291
2 0.290365 0.669312 0.028646 0.030423
1 0.286830 0.656415 0.014881 0.050926
0 0.198289 0.702381 0.396577 0.170635
0 0.324777 0.544312 0.140625 0.085979
2 0.204427 0.560516 0.026414 0.027116
1 0.200149 0.540344 0.015625 0.033069
2 0.145833 0.541997 0.024554 0.027116
1 0.143229 0.526786 0.013393 0.029762
0 0.198475 0.581349 0.014509 0.039683
2 0.744606 0.748677 0.023438 0.054233
1 0.748698 0.737103 0.014509 0.057540
9 0.796131 0.870370 0.030506 0.059524
0 0.854725 0.816799 0.017485 0.076720
0 0.882254 0.864418 0.024182 0.071429
0 0.857143 0.923611 0.021577 0.069444
0 0.930990 0.848876 0.022693 0.072090
0 0.941964 0.836310 0.022321 0.078704
2 0.719680 0.854828 0.029390 0.058862
1 0.720796 0.838294 0.020461 0.065476
0 0.438802 0.365410 0.300967 0.087963
0 0.952567 0.830026 0.019717 0.067460
0 0.853981 0.713294 0.014509 0.061508
0 0.864769 0.709325 0.014509 0.064153
0 0.808966 0.592923 0.016741 0.049603
0 0.930246 0.683532 0.015997 0.068122
2 0.661272 0.935516 0.044271 0.057540
2 0.821243 0.914352 0.033854 0.061508
2 0.842448 0.932870 0.033854 0.056217
