4 0.590861 0.800187 0.044118 0.089636
5 0.568540 0.608310 0.027836 0.064426
4 0.560662 0.537815 0.024685 0.042951
6 0.532038 0.431373 0.019958 0.033613
4 0.631828 0.602241 0.038866 0.048553
4 0.239758 0.528011 0.051996 0.043884
4 0.402836 0.526611 0.048319 0.044818
4 0.552521 0.419701 0.016807 0.027077
4 0.476103 0.498133 0.023634 0.042017
4 0.524160 0.375817 0.015756 0.025210
4 0.445903 0.431839 0.022059 0.036415
4 0.501576 0.456116 0.022059 0.042017
4 0.477153 0.429038 0.019433 0.034547
4 0.493697 0.404295 0.016807 0.029879
4 0.484769 0.345472 0.013655 0.024276
4 0.474002 0.361811 0.013130 0.025210
5 0.470588 0.374883 0.013655 0.032680
5 0.471639 0.321195 0.011555 0.028011
4 0.911502 0.865546 0.081408 0.108310
1 0.641282 0.600840 0.012605 0.040149
4 0.231355 0.554622 0.053046 0.050420
4 0.297532 0.498599 0.053046 0.046685
5 0.349790 0.385621 0.031513 0.031746
4 0.389443 0.449580 0.026786 0.036415
1 0.205095 0.924837 0.009979 0.058824
10 0.399422 0.682073 0.019433 0.042017
1 0.769695 0.664332 0.017332 0.040149
10 0.517595 0.536415 0.016282 0.034547
1 0.412027 0.654528 0.016282 0.050420
1 0.408351 0.601774 0.012080 0.045752
7 0.804359 0.640056 0.038340 0.034547
10 0.450368 0.726891 0.011029 0.042017
10 0.584296 0.502801 0.013130 0.047619
4 0.116859 0.753968 0.096113 0.081232
4 0.075630 0.904295 0.108193 0.066293
7 0.122637 0.834267 0.025735 0.055089
0 0.056985 0.826797 0.058298 0.064426
10 0.450893 0.493464 0.012080 0.043884
1 0.239233 0.490663 0.016282 0.028945
0 0.246061 0.454248 0.030987 0.042017
5 0.603729 0.483193 0.023634 0.055089
0 0.489233 0.156396 0.022584 0.040149
0 0.493435 0.201214 0.045693 0.028945
0 0.492910 0.224556 0.057248 0.023343
1 0.783351 0.626050 0.011029 0.042017
1 0.716124 0.525210 0.017332 0.042017
6 0.656775 0.508403 0.020483 0.073763
4 0.930410 0.765173 0.067752 0.049486
4 0.891544 0.698880 0.069853 0.064426
0 0.376313 0.280579 0.027836 0.049486
4 0.341124 0.353408 0.016282 0.036415
4 0.526523 0.294585 0.014181 0.027077
4 0.507616 0.262838 0.011029 0.017740
10 0.558036 0.368347 0.007878 0.028945
10 0.528887 0.313259 0.008403 0.021475
4 0.312763 0.428105 0.056197 0.032680
4 0.019433 0.502801 0.038866 0.043884
5 0.012342 0.545752 0.024685 0.051354
