4 0.644170 0.681606 0.071954 0.183007
4 0.565126 0.324463 0.042017 0.096172
5 0.551208 0.074230 0.025735 0.068161
4 0.747111 0.741830 0.094013 0.182073
4 0.327468 0.908964 0.066702 0.180205
4 0.460084 0.902894 0.064076 0.190476
1 0.798845 0.776377 0.021008 0.094304
4 0.371849 0.248366 0.043067 0.108310
4 0.482143 0.517274 0.044118 0.160598
4 0.424895 0.256303 0.037815 0.105509
4 0.970588 0.637255 0.054622 0.148459
6 0.869223 0.327731 0.123950 0.270775
4 0.185924 0.335201 0.053571 0.119514
4 0.230567 0.211018 0.051471 0.087768
4 0.484244 0.084034 0.024160 0.076564
6 0.279412 0.061158 0.048319 0.116713
2 0.132090 0.640056 0.020483 0.068161
3 0.136029 0.660598 0.027311 0.094304
5 0.779674 0.184874 0.037290 0.084034
1 0.599265 0.139122 0.007353 0.052288
4 0.085872 0.210551 0.061450 0.084967
4 0.168330 0.151727 0.096113 0.068161
5 0.168067 0.069094 0.050420 0.089636
4 0.160714 0.028478 0.036765 0.056956
4 0.199580 0.023810 0.033613 0.047619
5 0.932248 0.193744 0.042017 0.098039
7 0.951943 0.122316 0.055147 0.067227
4 0.863183 0.113445 0.038340 0.083100
