4 0.587447 0.873483 0.048845 0.103641
5 0.563025 0.618114 0.029412 0.067227
6 0.176471 0.832400 0.094538 0.221289
4 0.544118 0.528478 0.024160 0.039216
6 0.484506 0.644258 0.045693 0.108310
6 0.545693 0.466853 0.018908 0.035481
4 0.596639 0.518207 0.024160 0.037348
4 0.370536 0.470588 0.038340 0.031746
4 0.453256 0.450980 0.030462 0.039216
4 0.551208 0.434174 0.016282 0.028011
4 0.479779 0.424837 0.018382 0.031746
4 0.527311 0.400560 0.016807 0.029879
4 0.447742 0.395425 0.018382 0.030812
4 0.495798 0.395425 0.017857 0.032680
4 0.472689 0.383287 0.017857 0.028945
4 0.490546 0.359944 0.014706 0.027077
4 0.487658 0.305789 0.012080 0.023343
4 0.470851 0.316060 0.013130 0.017740
5 0.472952 0.329599 0.011029 0.024276
4 0.798057 0.687208 0.054097 0.067227
1 0.614233 0.520075 0.007878 0.035481
4 0.027836 0.759570 0.055672 0.086835
4 0.077468 0.756303 0.066702 0.078431
4 0.097689 0.679739 0.038866 0.080299
4 0.275473 0.481326 0.051996 0.051354
4 0.321691 0.440243 0.047794 0.040149
5 0.362920 0.355742 0.026261 0.028011
4 0.399422 0.404295 0.020483 0.029879
0 0.039916 0.629785 0.079832 0.071895
1 0.264443 0.761438 0.009979 0.058824
10 0.408351 0.570028 0.019433 0.042017
1 0.725053 0.603641 0.017332 0.040149
10 0.506565 0.471055 0.016282 0.034547
1 0.420431 0.550420 0.016282 0.036415
1 0.417805 0.520542 0.012080 0.045752
7 0.738708 0.550420 0.038340 0.034547
10 0.469275 0.504669 0.011029 0.042017
10 0.571166 0.505602 0.013130 0.047619
4 0.196166 0.607376 0.074055 0.060691
4 0.173582 0.698880 0.081408 0.056956
0 0.275998 0.412232 0.030987 0.042017
5 0.585872 0.429038 0.023634 0.055089
0 0.490809 0.172269 0.022584 0.040149
0 0.495011 0.214286 0.045693 0.028945
0 0.494485 0.238562 0.057248 0.023343
1 0.712973 0.540149 0.011029 0.042017
4 0.827731 0.627918 0.063025 0.049486
0 0.389443 0.261905 0.027836 0.049486
4 0.527048 0.309524 0.014181 0.027077
4 0.506565 0.276844 0.011029 0.017740
4 0.332458 0.389356 0.048319 0.031746
