4 0.639181 0.952381 0.059874 0.093371
4 0.584559 0.776377 0.042017 0.084967
5 0.566964 0.598506 0.026786 0.061625
4 0.559874 0.530345 0.023109 0.041083
6 0.527574 0.418301 0.018382 0.031746
4 0.632090 0.609244 0.039391 0.049486
4 0.215599 0.531746 0.053046 0.042017
4 0.388393 0.535948 0.047794 0.046685
4 0.549632 0.411765 0.016282 0.026144
4 0.470326 0.508403 0.026786 0.043884
4 0.521796 0.368347 0.015231 0.025210
4 0.443277 0.434641 0.022059 0.036415
4 0.500000 0.464052 0.022059 0.042951
4 0.476366 0.435574 0.019958 0.034547
4 0.492384 0.408497 0.017332 0.030812
4 0.483718 0.349673 0.013655 0.025210
4 0.472952 0.366947 0.013130 0.026144
5 0.469538 0.380952 0.013655 0.033613
5 0.469275 0.327264 0.012080 0.027077
4 0.916754 0.880952 0.083508 0.109244
1 0.642332 0.607376 0.013655 0.040149
4 0.225840 0.561158 0.052521 0.050420
4 0.293330 0.503268 0.055147 0.046685
5 0.346376 0.390756 0.033088 0.030812
4 0.386555 0.452381 0.026261 0.036415
1 0.197216 0.930439 0.009979 0.058824
10 0.396796 0.693277 0.019433 0.042017
1 0.767595 0.663399 0.017332 0.040149
10 0.516544 0.542017 0.016282 0.034547
1 0.408876 0.664332 0.016282 0.053221
1 0.404674 0.611111 0.012080 0.045752
7 0.805410 0.648459 0.038340 0.034547
10 0.440126 0.791317 0.012605 0.053221
10 0.581670 0.499066 0.013130 0.047619
4 0.106880 0.766106 0.096113 0.081232
4 0.066964 0.920168 0.105567 0.066293
7 0.112658 0.850140 0.025735 0.055089
0 0.044380 0.846405 0.058298 0.064426
10 0.449842 0.499066 0.012080 0.043884
1 0.237658 0.490663 0.016282 0.028945
0 0.241859 0.458917 0.030987 0.042017
5 0.604779 0.486928 0.023634 0.055089
0 0.489233 0.154528 0.022584 0.040149
0 0.492910 0.199346 0.045693 0.028945
0 0.492910 0.222689 0.057248 0.023343
1 0.790704 0.635387 0.011029 0.042017
1 0.717174 0.532680 0.017332 0.042017
6 0.656775 0.513072 0.020483 0.073763
4 0.935137 0.775910 0.069853 0.052288
4 0.895221 0.708217 0.069853 0.064426
10 0.817489 0.855742 0.022584 0.077498
0 0.375788 0.281513 0.027836 0.049486
4 0.338498 0.358077 0.016282 0.036415
4 0.524422 0.290850 0.014181 0.027077
4 0.505515 0.259104 0.011029 0.017740
10 0.557511 0.366480 0.007878 0.028945
10 0.528099 0.310458 0.007878 0.021475
4 0.309611 0.431839 0.056197 0.032680
4 0.016019 0.508403 0.032038 0.043884
