4 0.632878 0.939309 0.058824 0.119514
4 0.580095 0.758170 0.041492 0.082166
5 0.565651 0.591503 0.026261 0.058824
4 0.558824 0.525677 0.023109 0.041083
6 0.524160 0.410364 0.017857 0.030812
4 0.632090 0.613445 0.039391 0.050420
4 0.200630 0.538282 0.052521 0.042017
4 0.375525 0.541550 0.045168 0.044818
4 0.547269 0.405696 0.015756 0.025210
4 0.466124 0.515406 0.029937 0.044818
4 0.520221 0.363212 0.015231 0.024276
4 0.441702 0.436508 0.022059 0.036415
4 0.498687 0.469655 0.022584 0.044818
4 0.475578 0.439776 0.020483 0.035481
4 0.491334 0.410831 0.017332 0.031746
4 0.482668 0.352474 0.014706 0.025210
4 0.472164 0.370215 0.012605 0.027077
5 0.468225 0.385154 0.014181 0.036415
5 0.467174 0.330999 0.012080 0.027077
4 0.918330 0.889356 0.084559 0.111111
1 0.641544 0.611111 0.014181 0.040149
4 0.221113 0.564426 0.052521 0.051354
4 0.291229 0.505602 0.055147 0.047619
5 0.343750 0.389823 0.034139 0.030812
4 0.384716 0.454248 0.026786 0.036415
1 0.191964 0.934174 0.009979 0.058824
10 0.395746 0.700747 0.019433 0.042017
1 0.766544 0.662465 0.017332 0.040149
10 0.516019 0.545752 0.016282 0.034547
1 0.406775 0.668067 0.016282 0.053221
1 0.402048 0.613912 0.012080 0.045752
7 0.805935 0.654062 0.038340 0.034547
10 0.432511 0.836134 0.013130 0.056956
10 0.579569 0.496265 0.013130 0.047619
4 0.101628 0.774510 0.096113 0.081232
4 0.061450 0.930439 0.103992 0.066293
7 0.105830 0.856676 0.025735 0.055089
0 0.037553 0.857610 0.057248 0.064426
10 0.447742 0.502801 0.012080 0.043884
1 0.237132 0.490663 0.016282 0.028945
0 0.239233 0.461718 0.030987 0.042017
5 0.603204 0.488796 0.023634 0.055089
0 0.489233 0.152661 0.022584 0.040149
0 0.492910 0.197479 0.045693 0.028945
0 0.492910 0.221289 0.057248 0.024276
1 0.790704 0.639122 0.011029 0.042017
1 0.716124 0.532680 0.017332 0.042017
6 0.656775 0.515873 0.020483 0.073763
4 0.936187 0.781046 0.071954 0.055089
4 0.895746 0.712885 0.069853 0.064426
10 0.830620 0.887488 0.022584 0.077498
1 0.530200 0.536415 0.015231 0.049486
1 0.539916 0.521008 0.013655 0.056022
0 0.373687 0.282446 0.027836 0.049486
4 0.336397 0.359944 0.016282 0.036415
4 0.523372 0.288049 0.014181 0.027077
4 0.503939 0.257236 0.011029 0.017740
10 0.555935 0.362745 0.007878 0.028945
10 0.526523 0.307656 0.007878 0.021475
4 0.306985 0.434641 0.056197 0.032680
4 0.013655 0.511204 0.027311 0.043884
