4 0.586922 0.872549 0.048845 0.103641
5 0.562500 0.615780 0.029412 0.064426
6 0.180672 0.821662 0.092437 0.216620
4 0.543592 0.527077 0.024160 0.040149
6 0.483981 0.633053 0.043592 0.102708
6 0.545168 0.465920 0.017857 0.033613
4 0.595588 0.515873 0.023109 0.036415
4 0.375788 0.468721 0.038340 0.031746
4 0.454569 0.449113 0.029937 0.039216
4 0.550945 0.434174 0.015756 0.028011
4 0.480305 0.422969 0.018382 0.031746
4 0.527311 0.400560 0.016807 0.029879
4 0.447742 0.394024 0.018382 0.031746
4 0.495798 0.393557 0.017857 0.032680
4 0.472689 0.382353 0.017857 0.028945
4 0.490809 0.359010 0.014181 0.027077
4 0.488183 0.304855 0.012080 0.023343
4 0.470588 0.314192 0.012605 0.017740
5 0.472952 0.328198 0.011029 0.023343
4 0.794380 0.681606 0.053046 0.065359
1 0.613183 0.517274 0.007878 0.035481
4 0.030725 0.753968 0.061450 0.092437
4 0.082195 0.748366 0.064601 0.075630
4 0.102416 0.673203 0.038866 0.078431
4 0.278099 0.479458 0.053046 0.051354
4 0.323267 0.438375 0.047794 0.040149
5 0.363445 0.354809 0.026261 0.028011
4 0.399947 0.402894 0.020483 0.028945
0 0.040179 0.627918 0.080357 0.071895
1 0.267069 0.755836 0.009979 0.058824
10 0.408876 0.566293 0.019433 0.042017
1 0.723477 0.601774 0.017332 0.040149
10 0.506040 0.470121 0.016282 0.034547
1 0.420956 0.547619 0.016282 0.036415
1 0.417805 0.518674 0.012080 0.045752
7 0.736607 0.547619 0.038340 0.034547
10 0.468750 0.501867 0.011029 0.042017
10 0.570641 0.505602 0.013130 0.047619
4 0.198267 0.602708 0.074055 0.060691
4 0.176733 0.693277 0.081408 0.056956
0 0.276523 0.412232 0.030987 0.042017
5 0.584296 0.429038 0.023634 0.055089
0 0.490809 0.172269 0.022584 0.040149
0 0.495011 0.214286 0.045693 0.028945
0 0.494485 0.238562 0.057248 0.023343
1 0.710347 0.538282 0.011029 0.042017
4 0.824055 0.624183 0.061975 0.049486
0 0.389968 0.260971 0.027836 0.049486
4 0.527048 0.310458 0.014181 0.027077
4 0.507090 0.276844 0.011029 0.017740
4 0.333508 0.388889 0.048319 0.030812
