4 0.576681 0.857610 0.046218 0.101774
5 0.554359 0.603175 0.028887 0.063492
4 0.340599 0.948179 0.060399 0.099907
4 0.153361 0.917367 0.080882 0.131653
4 0.493697 0.906629 0.038866 0.132586
6 0.242384 0.679272 0.066702 0.154062
4 0.538340 0.514472 0.025210 0.039216
6 0.481355 0.515406 0.032038 0.067227
6 0.535189 0.455649 0.017857 0.033613
4 0.579569 0.476190 0.022584 0.035481
4 0.433561 0.443511 0.038340 0.033613
4 0.461660 0.414566 0.021008 0.033613
4 0.545693 0.429972 0.015756 0.028945
4 0.480567 0.397292 0.014706 0.027077
4 0.526786 0.404762 0.016807 0.025210
4 0.450368 0.377218 0.016282 0.028011
4 0.492122 0.373016 0.015756 0.028945
4 0.471376 0.362278 0.017332 0.024276
4 0.489233 0.344071 0.013130 0.025210
5 0.877626 0.859477 0.059874 0.122316
1 0.633403 0.790850 0.008403 0.057890
4 0.742122 0.598039 0.040966 0.051354
4 0.097164 0.836134 0.098739 0.077498
5 0.104254 0.702148 0.075105 0.112045
4 0.108193 0.640523 0.050420 0.067227
4 0.155725 0.637255 0.044643 0.058824
4 0.087710 0.613912 0.051471 0.055089
4 0.166492 0.585901 0.032563 0.064426
5 0.298845 0.441643 0.032563 0.035481
4 0.338761 0.412698 0.039916 0.031746
0 0.079569 0.554155 0.086660 0.071895
1 0.298582 0.657796 0.012080 0.058824
1 0.695116 0.548553 0.017332 0.040149
10 0.501313 0.434641 0.016282 0.034547
1 0.430935 0.496732 0.014181 0.035481
1 0.422269 0.476190 0.011555 0.044818
7 0.702994 0.497199 0.038340 0.034547
10 0.468487 0.446312 0.010504 0.041083
10 0.562500 0.488329 0.012605 0.046685
4 0.238183 0.533147 0.074055 0.059757
4 0.227153 0.603641 0.068803 0.056956
0 0.298057 0.391690 0.030987 0.042017
5 0.571954 0.410831 0.023109 0.054155
0 0.491334 0.185341 0.022584 0.040149
0 0.495011 0.222689 0.045693 0.028945
0 0.494485 0.251634 0.057248 0.023343
4 0.769695 0.553221 0.053046 0.049486
0 0.400998 0.248833 0.027836 0.049486
4 0.528624 0.317927 0.014181 0.027077
4 0.509191 0.283380 0.011029 0.017740
