4 0.641544 0.710551 0.076155 0.203548
4 0.546218 0.332400 0.045168 0.104575
5 0.446691 0.656863 0.047794 0.208217
5 0.540441 0.033147 0.028361 0.064426
4 0.052784 0.597572 0.103466 0.186741
4 0.466649 0.177871 0.036239 0.103641
4 0.621061 0.134921 0.047794 0.060691
4 0.422269 0.024276 0.030462 0.048553
1 0.632616 0.119981 0.009979 0.030812
7 0.408876 0.189542 0.024685 0.069094
2 0.407563 0.188609 0.011555 0.041083
1 0.358718 0.269841 0.012605 0.057890
1 0.355042 0.256769 0.008403 0.056022
2 0.406513 0.186741 0.011555 0.044818
5 0.183298 0.244164 0.044118 0.081232
4 0.208246 0.180205 0.048845 0.087768
4 0.764968 0.104108 0.041492 0.056956
1 0.982668 0.648926 0.030462 0.070962
1 0.957458 0.619048 0.030462 0.080299
4 0.074842 0.157796 0.074055 0.069094
3 0.021271 0.291783 0.022584 0.058824
2 0.023897 0.287582 0.021534 0.056022
3 0.042542 0.264706 0.014706 0.038282
2 0.042805 0.252568 0.017332 0.045752
1 0.302784 0.182540 0.015231 0.060691
7 0.314863 0.366480 0.038340 0.098039
