4 0.577731 0.654995 0.037815 0.068161
4 0.564076 0.526144 0.028361 0.045752
5 0.525210 0.419701 0.018908 0.038282
4 0.512080 0.329132 0.013655 0.023343
6 0.502626 0.278245 0.010504 0.020542
4 0.672269 0.815593 0.040966 0.092437
4 0.522847 0.302054 0.016282 0.028945
4 0.060924 0.675070 0.087185 0.056022
4 0.511292 0.263772 0.017332 0.025210
4 0.419905 0.498133 0.027836 0.047619
4 0.468225 0.785247 0.044643 0.115780
4 0.478729 0.604108 0.032038 0.067227
5 0.577206 0.867880 0.043067 0.112979
4 0.458771 0.430439 0.022584 0.037348
4 0.464548 0.510271 0.026786 0.049486
5 0.436712 0.570962 0.026786 0.071895
5 0.428046 0.447712 0.022059 0.045752
5 0.841387 0.704949 0.075630 0.069094
4 0.097689 0.722222 0.082983 0.075630
4 0.209821 0.611578 0.074055 0.061625
5 0.297269 0.427171 0.050420 0.040149
4 0.342437 0.526144 0.034664 0.045752
1 0.823792 0.757703 0.017332 0.040149
10 0.512868 0.683940 0.016282 0.045752
1 0.342174 0.933707 0.016282 0.065359
10 0.552784 0.374883 0.012080 0.036415
7 0.334821 0.827264 0.059349 0.069094
10 0.325893 0.767040 0.034139 0.047619
1 0.186975 0.531279 0.015756 0.035481
0 0.151786 0.542017 0.048319 0.064426
1 0.240284 0.650327 0.013130 0.056956
1 0.259716 0.648459 0.014181 0.051354
5 0.628676 0.577498 0.031513 0.062558
0 0.483456 0.117180 0.022584 0.040149
0 0.485557 0.160131 0.045693 0.028945
0 0.489233 0.205415 0.058298 0.054155
1 0.918330 0.853875 0.011029 0.042017
1 0.631565 0.763305 0.015231 0.047619
1 0.783876 0.650327 0.017332 0.042017
1 0.731618 0.732960 0.016807 0.046685
6 0.700368 0.608310 0.023634 0.073763
7 0.341124 0.634454 0.040441 0.043884
1 0.527574 0.659664 0.015231 0.049486
1 0.541754 0.641923 0.014181 0.056956
1 0.882616 0.754902 0.020483 0.068161
0 0.341387 0.260037 0.027311 0.049486
4 0.298582 0.380486 0.016282 0.036415
10 0.537027 0.302988 0.007878 0.021475
10 0.491859 0.246965 0.007878 0.021475
6 0.784139 0.828198 0.087185 0.168067
4 0.256565 0.490663 0.056197 0.043884
10 0.428571 0.368814 0.007353 0.031746
10 0.451418 0.326797 0.007878 0.018674
1 0.731618 0.653595 0.011555 0.050420
1 0.720326 0.645191 0.014181 0.041083
7 0.328519 0.586835 0.020483 0.043884
