4 0.633141 0.600373 0.067752 0.168067
4 0.560662 0.258170 0.041492 0.090570
5 0.547532 0.021942 0.022584 0.043884
4 0.696429 0.488796 0.068277 0.127918
4 0.352416 0.548086 0.056723 0.158730
4 0.463235 0.472456 0.046218 0.158730
1 0.740021 0.508403 0.019958 0.073763
1 0.284139 0.860878 0.014706 0.082166
1 0.278624 0.827264 0.012080 0.067227
4 0.378676 0.115313 0.039916 0.088702
4 0.478992 0.238562 0.035714 0.101774
4 0.431723 0.066760 0.031513 0.071895
4 0.061712 0.609244 0.096113 0.187675
4 0.911502 0.418768 0.078256 0.120448
6 0.823267 0.176004 0.107668 0.219421
4 0.214548 0.184407 0.046744 0.092437
4 0.249737 0.086368 0.045693 0.075630
2 0.201943 0.349206 0.017332 0.048553
3 0.204307 0.364146 0.021008 0.056022
5 0.747899 0.067694 0.040966 0.077498
1 0.586660 0.029412 0.007353 0.045752
4 0.049632 0.358077 0.099265 0.075630
4 0.119485 0.084500 0.058298 0.073763
5 0.890494 0.074697 0.036239 0.074697
1 0.206145 0.628385 0.014181 0.082166
