4 0.593487 0.865546 0.048319 0.104575
5 0.566439 0.625117 0.029937 0.068161
6 0.118172 0.924837 0.110294 0.148459
4 0.551471 0.542484 0.025210 0.044818
6 0.488708 0.869748 0.065651 0.195145
6 0.547269 0.466853 0.023109 0.039216
4 0.613971 0.560224 0.032563 0.044818
4 0.321429 0.500467 0.056723 0.042951
4 0.436450 0.490663 0.040966 0.047619
4 0.553571 0.434641 0.016807 0.027077
4 0.477941 0.457049 0.019958 0.036415
4 0.526523 0.395425 0.017332 0.027077
4 0.445903 0.413632 0.019958 0.031746
4 0.497899 0.422969 0.019958 0.037348
4 0.474002 0.404295 0.017332 0.031746
4 0.491334 0.381886 0.016282 0.026144
4 0.487132 0.322596 0.013130 0.021475
4 0.473477 0.337068 0.013130 0.022409
5 0.472164 0.350140 0.012605 0.029879
4 0.852153 0.772176 0.066702 0.082166
1 0.629989 0.559757 0.005777 0.038282
4 0.024422 0.879552 0.048845 0.106443
4 0.036765 0.777778 0.052521 0.112045
4 0.248162 0.514939 0.046744 0.049486
4 0.309086 0.468254 0.047794 0.038282
5 0.355042 0.371148 0.030462 0.032680
4 0.393382 0.428105 0.026261 0.034547
1 0.232405 0.853875 0.009979 0.058824
10 0.402048 0.626050 0.019433 0.042017
1 0.751838 0.641923 0.017332 0.040149
10 0.511292 0.500000 0.016282 0.034547
1 0.417279 0.599907 0.016282 0.036415
1 0.414128 0.557890 0.012080 0.045752
7 0.770221 0.596172 0.038340 0.034547
10 0.464548 0.581232 0.011029 0.042017
10 0.579569 0.516807 0.013130 0.047619
4 0.155987 0.670401 0.075630 0.061625
4 0.124212 0.795051 0.109769 0.066293
1 0.242910 0.468254 0.016282 0.028945
0 0.260242 0.431839 0.030987 0.042017
5 0.592700 0.461718 0.023634 0.055089
0 0.490284 0.164799 0.022584 0.040149
0 0.494485 0.207750 0.045693 0.028945
0 0.493960 0.231559 0.057248 0.024276
1 0.745011 0.583100 0.011029 0.042017
1 0.692752 0.496732 0.016807 0.041083
6 0.642069 0.475724 0.018382 0.051354
4 0.879464 0.698880 0.067752 0.049486
4 0.849002 0.640990 0.069853 0.064426
0 0.379989 0.274977 0.027836 0.049486
4 0.527048 0.303922 0.014181 0.027077
4 0.507090 0.271242 0.011029 0.017740
10 0.560399 0.373950 0.008403 0.028945
10 0.531250 0.322596 0.008929 0.021475
4 0.321166 0.407563 0.055147 0.032680
