4 0.576418 0.810458 0.044643 0.112045
5 0.555410 0.556956 0.025735 0.071895
4 0.347689 0.891690 0.059874 0.168067
4 0.171481 0.831466 0.074055 0.133520
4 0.491334 0.788515 0.034139 0.137255
6 0.252363 0.614846 0.058298 0.167134
4 0.539916 0.462652 0.022059 0.049486
6 0.480567 0.457983 0.028361 0.071895
6 0.534401 0.404295 0.016282 0.042951
4 0.578256 0.422502 0.018908 0.043884
4 0.462447 0.353408 0.017332 0.042017
4 0.546218 0.377684 0.013655 0.034547
4 0.480305 0.335668 0.014181 0.034547
4 0.528099 0.351541 0.015231 0.032680
4 0.452206 0.322129 0.017857 0.029879
4 0.493697 0.321662 0.014706 0.034547
4 0.471113 0.300187 0.015756 0.032680
4 0.490809 0.287582 0.012080 0.031746
5 0.856355 0.784781 0.048845 0.118581
1 0.627101 0.725490 0.007353 0.056022
4 0.735294 0.538749 0.039916 0.059757
4 0.117384 0.748833 0.095063 0.067227
5 0.120273 0.633053 0.069328 0.112045
4 0.123162 0.575163 0.045693 0.061625
4 0.168330 0.571895 0.041492 0.058824
4 0.098739 0.554622 0.042017 0.046685
4 0.178309 0.519141 0.027836 0.065359
5 0.304359 0.384687 0.040441 0.039216
4 0.342437 0.359477 0.034664 0.031746
0 0.089023 0.499066 0.086660 0.071895
1 0.304884 0.587768 0.012080 0.058824
