4 0.596639 0.840336 0.047269 0.100840
5 0.570641 0.625117 0.029937 0.071895
4 0.558036 0.542951 0.024685 0.043884
6 0.543067 0.454715 0.023109 0.039216
4 0.625788 0.583567 0.036239 0.046685
4 0.283351 0.515873 0.054097 0.045752
4 0.422006 0.511671 0.048845 0.046685
4 0.554622 0.429972 0.016807 0.027077
4 0.477941 0.477124 0.022059 0.039216
4 0.526261 0.387021 0.016807 0.027077
4 0.445903 0.423436 0.022059 0.034547
4 0.500525 0.439309 0.021008 0.040149
4 0.476103 0.417367 0.018382 0.031746
4 0.493172 0.394024 0.016807 0.028011
4 0.486345 0.333800 0.013655 0.021475
4 0.474002 0.350140 0.013130 0.024276
5 0.471376 0.362278 0.013130 0.031746
5 0.474790 0.309524 0.011555 0.025210
4 0.885767 0.822596 0.075105 0.095238
1 0.637342 0.584967 0.009979 0.038282
4 0.015756 0.834267 0.031513 0.120448
4 0.240021 0.536415 0.052521 0.049486
4 0.303046 0.483193 0.051471 0.042017
5 0.352679 0.378151 0.030987 0.031746
4 0.391544 0.438842 0.026786 0.035481
1 0.218225 0.897759 0.009979 0.058824
10 0.402574 0.659664 0.019433 0.042017
1 0.763918 0.665266 0.017332 0.040149
10 0.514968 0.519608 0.016282 0.034547
1 0.415704 0.630252 0.016282 0.037348
1 0.414128 0.582166 0.012080 0.045752
7 0.790179 0.623249 0.038340 0.034547
10 0.460872 0.643791 0.011029 0.042017
10 0.583246 0.513072 0.013130 0.047619
4 0.137080 0.708217 0.090336 0.075630
4 0.097952 0.854809 0.109769 0.066293
7 0.142069 0.792250 0.025735 0.055089
0 0.084821 0.784314 0.058298 0.063492
1 0.240809 0.479458 0.016282 0.028945
0 0.252363 0.446779 0.030987 0.042017
5 0.601628 0.475724 0.023634 0.055089
0 0.489758 0.161064 0.022584 0.040149
0 0.493960 0.204949 0.045693 0.028945
0 0.493435 0.228291 0.057248 0.023343
1 0.765494 0.607376 0.011029 0.042017
1 0.707195 0.509337 0.017332 0.042017
6 0.653099 0.499066 0.020483 0.073763
4 0.908876 0.733427 0.067752 0.049486
4 0.873687 0.670868 0.069853 0.064426
0 0.377889 0.277778 0.027836 0.049486
4 0.345851 0.345938 0.016282 0.036415
4 0.528099 0.300187 0.014181 0.027077
4 0.509191 0.267507 0.011029 0.017740
10 0.559349 0.371148 0.008403 0.028945
10 0.529937 0.317927 0.008403 0.021475
4 0.317489 0.417834 0.056197 0.032680
4 0.027836 0.486928 0.053571 0.043884
5 0.020746 0.526144 0.041492 0.051354
