4 0.574580 0.691877 0.038866 0.076564
4 0.558561 0.587768 0.028887 0.053221
5 0.547532 0.489262 0.022584 0.048553
4 0.523109 0.401494 0.018908 0.029879
6 0.505515 0.320261 0.013130 0.024276
4 0.621324 0.620448 0.040966 0.051354
4 0.205620 0.535948 0.065651 0.041083
4 0.528887 0.337535 0.013655 0.021475
4 0.347952 0.543884 0.047794 0.042017
4 0.509191 0.300654 0.013130 0.020542
4 0.430935 0.430439 0.021534 0.039216
4 0.476891 0.543884 0.029412 0.058824
4 0.469538 0.470121 0.023109 0.042017
4 0.482931 0.427171 0.018382 0.034547
4 0.472426 0.361811 0.016282 0.028945
4 0.464548 0.385621 0.016282 0.031746
5 0.457721 0.404762 0.017332 0.040149
5 0.439601 0.363679 0.017857 0.032680
4 0.921218 0.926237 0.090336 0.125117
1 0.632616 0.618114 0.014181 0.042951
4 0.194853 0.563492 0.052521 0.056956
4 0.270221 0.501867 0.054097 0.045752
5 0.327468 0.381886 0.041492 0.033613
4 0.369748 0.448646 0.027311 0.036415
1 0.169905 0.901494 0.009979 0.058824
10 0.370536 0.710084 0.019433 0.042017
1 0.746586 0.638189 0.017332 0.040149
10 0.506040 0.548553 0.016282 0.034547
1 0.381565 0.683940 0.016282 0.053221
1 0.371586 0.649393 0.012080 0.045752
7 0.803834 0.669468 0.046744 0.048553
10 0.565389 0.417834 0.013130 0.047619
4 0.057511 0.806256 0.091912 0.081232
4 0.032038 0.971055 0.064076 0.056022
7 0.057511 0.890289 0.035189 0.060691
10 0.433036 0.536415 0.012080 0.043884
1 0.231092 0.474790 0.010504 0.028945
0 0.219800 0.457049 0.030987 0.042017
5 0.595851 0.481326 0.024685 0.055089
0 0.487658 0.135854 0.022584 0.040149
0 0.490809 0.182540 0.045693 0.028945
0 0.491334 0.206349 0.057248 0.024276
1 0.789653 0.643791 0.011029 0.042017
1 0.628939 0.579365 0.015231 0.045752
1 0.715861 0.525677 0.013655 0.039216
6 0.652574 0.514939 0.020483 0.073763
7 0.374737 0.514006 0.040441 0.043884
4 0.940651 0.801120 0.079832 0.067227
4 0.895746 0.725023 0.069853 0.064426
1 0.521271 0.530812 0.012080 0.040149
1 0.528099 0.520075 0.009979 0.048553
0 0.351628 0.276844 0.027836 0.049486
4 0.323792 0.350607 0.016282 0.036415
4 0.513918 0.248833 0.014181 0.027077
10 0.543067 0.316993 0.007353 0.021475
10 0.507090 0.267507 0.007878 0.021475
4 0.293330 0.427171 0.056197 0.032680
1 0.664391 0.537348 0.010504 0.040149
1 0.674632 0.532213 0.013130 0.041083
