4 0.590336 0.873950 0.048319 0.106443
5 0.564601 0.626517 0.029412 0.069094
6 0.137080 0.897759 0.109244 0.200747
4 0.548057 0.538282 0.024685 0.043884
6 0.485032 0.766573 0.055147 0.154995
6 0.547794 0.469188 0.022059 0.040149
4 0.604779 0.544818 0.027836 0.040149
4 0.339286 0.490663 0.046218 0.034547
4 0.443277 0.474323 0.035714 0.041083
4 0.552521 0.435574 0.016807 0.027077
4 0.478204 0.443978 0.018382 0.034547
4 0.527048 0.399160 0.017332 0.027077
4 0.446429 0.406629 0.018908 0.030812
4 0.496586 0.412698 0.019433 0.035481
4 0.472952 0.395892 0.017332 0.031746
4 0.490809 0.373483 0.015231 0.026144
4 0.487395 0.315593 0.012605 0.022409
4 0.472426 0.328665 0.013130 0.020542
5 0.472426 0.342204 0.012080 0.027077
4 0.829569 0.738562 0.062500 0.076564
1 0.623162 0.545752 0.007878 0.038282
4 0.035714 0.832400 0.071429 0.096172
4 0.061187 0.739496 0.047794 0.097106
4 0.257616 0.502801 0.046744 0.049486
4 0.312237 0.457983 0.047794 0.038282
5 0.357931 0.365546 0.028887 0.030812
4 0.395746 0.418768 0.024685 0.032680
0 0.022321 0.680205 0.044643 0.071895
1 0.242910 0.819328 0.009979 0.058824
10 0.404674 0.603641 0.019433 0.042017
1 0.741334 0.626050 0.017332 0.040149
10 0.508666 0.485061 0.016282 0.034547
1 0.418330 0.580299 0.016282 0.036415
1 0.415179 0.542017 0.012080 0.045752
7 0.758141 0.577498 0.038340 0.034547
10 0.466124 0.547619 0.011029 0.042017
10 0.576943 0.516807 0.013130 0.047619
4 0.169380 0.650327 0.074055 0.060691
4 0.143908 0.755836 0.098739 0.062558
1 0.245536 0.456116 0.016282 0.028945
0 0.266019 0.423436 0.030987 0.042017
5 0.589548 0.448646 0.023634 0.055089
0 0.490284 0.166667 0.022584 0.040149
0 0.494485 0.210551 0.045693 0.028945
0 0.493960 0.233894 0.057248 0.023343
1 0.730830 0.563492 0.011029 0.042017
6 0.636292 0.476657 0.018382 0.066293
4 0.858981 0.670868 0.067752 0.049486
0 0.383666 0.269374 0.027836 0.049486
4 0.526523 0.305789 0.014181 0.027077
4 0.506040 0.273109 0.011029 0.017740
4 0.323004 0.400560 0.049370 0.031746
