4 0.570903 0.662465 0.044118 0.107376
5 0.553309 0.418768 0.025735 0.071895
4 0.357143 0.691410 0.054622 0.146592
4 0.402311 0.835668 0.056723 0.181139
6 0.934611 0.802521 0.127626 0.344538
4 0.123162 0.821195 0.074055 0.174603
4 0.193540 0.638189 0.063550 0.120448
4 0.489758 0.565359 0.030987 0.105509
6 0.262342 0.452381 0.050945 0.140990
4 0.538078 0.320728 0.021534 0.053221
6 0.478992 0.301587 0.029412 0.069094
6 0.533613 0.261438 0.016807 0.046685
4 0.575630 0.273576 0.018908 0.044818
4 0.463235 0.206816 0.016807 0.042017
4 0.544643 0.233427 0.012605 0.035481
4 0.480830 0.190943 0.015231 0.038282
4 0.527836 0.208217 0.015756 0.037348
4 0.451155 0.174603 0.015756 0.039216
4 0.493435 0.171802 0.015231 0.029879
4 0.470326 0.156396 0.014181 0.036415
4 0.490284 0.137722 0.012080 0.028945
5 0.830095 0.606909 0.036239 0.102708
1 0.615809 0.547619 0.006828 0.055089
4 0.725053 0.383754 0.034139 0.061625
4 0.034664 0.649393 0.069328 0.109244
4 0.136292 0.568161 0.095063 0.068161
5 0.139181 0.464052 0.060924 0.106443
4 0.137868 0.413632 0.039391 0.065359
4 0.180672 0.410364 0.037815 0.056956
4 0.112920 0.397292 0.036765 0.047619
4 0.187237 0.365546 0.026786 0.056956
0 0.028887 0.441176 0.057773 0.120448
0 0.104254 0.340336 0.086660 0.071895
1 0.310924 0.437908 0.011555 0.057890
