4 0.590861 0.790850 0.046218 0.091503
4 0.559086 0.660598 0.030987 0.060691
5 0.555410 0.543884 0.022584 0.055089
4 0.536239 0.465453 0.022059 0.036415
6 0.509979 0.360878 0.014706 0.027077
4 0.622637 0.619981 0.041492 0.052288
4 0.274160 0.543884 0.061975 0.045752
4 0.535452 0.373016 0.015231 0.025210
4 0.419118 0.542484 0.053571 0.046685
4 0.511555 0.331933 0.013655 0.021475
4 0.433036 0.437442 0.022584 0.036415
4 0.486607 0.499066 0.025735 0.051354
4 0.469013 0.455649 0.021008 0.037348
4 0.484244 0.420168 0.017857 0.033613
4 0.475053 0.363212 0.015231 0.026144
4 0.466387 0.382820 0.012605 0.029879
5 0.459559 0.397759 0.014706 0.039216
5 0.454044 0.351074 0.014181 0.029879
4 0.915179 0.913165 0.086660 0.115780
1 0.632090 0.620448 0.014181 0.040149
4 0.202731 0.567227 0.051471 0.056956
4 0.277836 0.506536 0.054622 0.047619
5 0.333246 0.388422 0.039391 0.033613
4 0.373687 0.456116 0.025735 0.036415
1 0.175158 0.916433 0.009979 0.058824
10 0.375263 0.704482 0.019433 0.042017
1 0.750788 0.643791 0.017332 0.040149
10 0.508666 0.548553 0.016282 0.034547
1 0.392069 0.681139 0.016282 0.053221
1 0.383666 0.628852 0.012080 0.045752
7 0.802258 0.662465 0.038340 0.034547
10 0.571166 0.454248 0.013130 0.047619
4 0.072742 0.787582 0.096113 0.081232
4 0.042279 0.961251 0.084559 0.066293
7 0.072216 0.875350 0.030987 0.058824
0 0.022059 0.875350 0.044118 0.064426
10 0.438288 0.514939 0.012080 0.043884
1 0.233456 0.482260 0.016282 0.028945
0 0.225578 0.460784 0.030987 0.042017
5 0.597164 0.486928 0.023109 0.055089
0 0.488183 0.143324 0.022584 0.040149
0 0.491859 0.190009 0.045693 0.028945
0 0.491859 0.213819 0.057248 0.024276
1 0.788603 0.642857 0.011029 0.042017
1 0.712973 0.533613 0.017332 0.042017
6 0.653099 0.520542 0.020483 0.073763
7 0.379464 0.518674 0.040441 0.043884
4 0.939338 0.798786 0.079307 0.066293
4 0.893120 0.719421 0.069853 0.064426
1 0.523372 0.541083 0.015231 0.049486
1 0.530200 0.523343 0.014181 0.056956
0 0.352679 0.285247 0.027836 0.049486
4 0.329569 0.351541 0.016282 0.036415
4 0.517069 0.268441 0.014181 0.027077
4 0.500788 0.240430 0.011029 0.017740
10 0.547532 0.345005 0.007878 0.028945
10 0.516019 0.291783 0.007878 0.021475
4 0.295956 0.433707 0.056197 0.032680
