4 0.598477 0.822129 0.047794 0.099907
4 0.560924 0.681606 0.032563 0.067227
5 0.557511 0.557423 0.022584 0.056022
4 0.541492 0.481793 0.023109 0.037348
6 0.511817 0.372082 0.015231 0.028945
4 0.623950 0.620915 0.039916 0.050420
4 0.292542 0.546685 0.059874 0.043884
4 0.538340 0.382353 0.015756 0.025210
4 0.434086 0.541083 0.048845 0.045752
4 0.513393 0.341270 0.014181 0.021475
4 0.435399 0.440710 0.022059 0.039216
4 0.489496 0.492530 0.025210 0.049486
4 0.470326 0.453782 0.021534 0.037348
4 0.485819 0.420635 0.017857 0.032680
4 0.477153 0.362278 0.015231 0.026144
4 0.467437 0.382353 0.012605 0.028945
5 0.461134 0.397759 0.014706 0.039216
5 0.456408 0.348273 0.013655 0.028011
4 0.915704 0.912698 0.086660 0.114846
1 0.634716 0.620448 0.014181 0.040149
4 0.205357 0.569561 0.051471 0.056022
4 0.279674 0.509337 0.054097 0.047619
5 0.335609 0.390756 0.038866 0.032680
4 0.375788 0.457983 0.025735 0.036415
1 0.177258 0.924837 0.009979 0.058824
10 0.378414 0.703548 0.019433 0.042017
1 0.755515 0.650327 0.017332 0.040149
10 0.510242 0.552288 0.016282 0.034547
1 0.394695 0.680205 0.016282 0.053221
1 0.388393 0.626050 0.012080 0.045752
7 0.803309 0.661531 0.038340 0.034547
10 0.572216 0.466387 0.013130 0.047619
4 0.079569 0.793184 0.096113 0.081232
4 0.044905 0.957516 0.089811 0.066293
7 0.077468 0.874883 0.027836 0.056022
0 0.023372 0.875350 0.046744 0.064426
10 0.439863 0.513072 0.012080 0.043884
1 0.233456 0.487862 0.016282 0.028945
0 0.226628 0.463585 0.030987 0.042017
5 0.598477 0.490663 0.023634 0.055089
0 0.488708 0.146125 0.022584 0.040149
0 0.492384 0.191877 0.045693 0.028945
0 0.492384 0.215686 0.057248 0.024276
1 0.789653 0.643791 0.011029 0.042017
1 0.713498 0.533613 0.017332 0.042017
6 0.654149 0.520542 0.020483 0.073763
7 0.381040 0.522409 0.040441 0.043884
4 0.939338 0.798786 0.079307 0.066293
4 0.894170 0.720355 0.069853 0.064426
1 0.524947 0.540149 0.015231 0.049486
1 0.532826 0.524276 0.014181 0.056956
0 0.353204 0.287115 0.027836 0.049486
4 0.330620 0.354342 0.016282 0.036415
4 0.517069 0.273109 0.014181 0.027077
4 0.500788 0.246032 0.011029 0.017740
10 0.549632 0.348739 0.007878 0.028945
10 0.518645 0.295518 0.007878 0.021475
4 0.296481 0.435574 0.056197 0.032680
