4 0.591124 0.873016 0.047794 0.106443
5 0.565126 0.626984 0.029412 0.070028
6 0.134191 0.902428 0.109769 0.191410
4 0.548582 0.539683 0.024685 0.044818
6 0.485294 0.782446 0.056723 0.162465
6 0.548319 0.469655 0.022059 0.039216
4 0.605830 0.548553 0.027836 0.040149
4 0.336397 0.491597 0.047794 0.036415
4 0.441964 0.477124 0.036239 0.041083
4 0.552521 0.435574 0.016807 0.027077
4 0.477941 0.446312 0.018908 0.035481
4 0.526523 0.398693 0.017332 0.028011
4 0.446166 0.408030 0.019433 0.031746
4 0.496586 0.414566 0.019433 0.035481
4 0.472952 0.397292 0.017332 0.030812
4 0.490809 0.374416 0.015231 0.026144
4 0.487395 0.317460 0.012605 0.022409
4 0.472426 0.330065 0.013130 0.021475
5 0.472426 0.343137 0.012080 0.027077
4 0.833508 0.743697 0.063025 0.077498
1 0.623950 0.548086 0.007353 0.039216
4 0.033876 0.839869 0.067752 0.098039
4 0.056985 0.745565 0.048845 0.099907
4 0.260767 0.505602 0.053046 0.047619
4 0.311712 0.458917 0.047794 0.038282
5 0.357668 0.366480 0.029412 0.030812
4 0.395221 0.420168 0.024685 0.033613
0 0.020221 0.686741 0.040441 0.071895
1 0.240809 0.825864 0.009979 0.058824
10 0.404149 0.607376 0.019433 0.042017
1 0.742910 0.628852 0.017332 0.040149
10 0.509191 0.487862 0.016282 0.034547
1 0.418330 0.584034 0.016282 0.036415
1 0.414653 0.544818 0.012080 0.045752
7 0.760242 0.580299 0.038340 0.034547
10 0.466124 0.553221 0.011029 0.042017
10 0.577468 0.516807 0.013130 0.047619
4 0.166754 0.655929 0.074055 0.060691
4 0.140494 0.762838 0.101366 0.063492
1 0.245011 0.458917 0.016282 0.028945
0 0.264968 0.424370 0.030987 0.042017
5 0.590074 0.451447 0.023634 0.055089
0 0.490284 0.166667 0.022584 0.040149
0 0.494485 0.209617 0.045693 0.028945
0 0.493960 0.232960 0.057248 0.023343
1 0.732931 0.566293 0.011029 0.042017
6 0.637342 0.476657 0.018382 0.064426
4 0.862658 0.676471 0.067752 0.049486
0 0.383141 0.270308 0.027836 0.049486
4 0.526523 0.305789 0.014181 0.027077
4 0.506040 0.273109 0.011029 0.017740
4 0.322742 0.401494 0.049895 0.031746
