4 0.573792 0.646592 0.037290 0.066293
4 0.560662 0.520075 0.027836 0.046685
5 0.521008 0.414099 0.017857 0.040149
4 0.509979 0.324930 0.014706 0.022409
6 0.500000 0.270775 0.010504 0.020542
4 0.681985 0.855742 0.043592 0.099907
4 0.522321 0.297386 0.016282 0.028945
4 0.027048 0.704482 0.054097 0.055089
4 0.507616 0.262372 0.013130 0.024276
4 0.416229 0.511204 0.028887 0.055089
4 0.467962 0.890289 0.052521 0.140990
4 0.476103 0.646592 0.034139 0.077498
5 0.578782 0.866480 0.042017 0.113912
4 0.456408 0.444911 0.023109 0.042017
4 0.459296 0.540149 0.027836 0.055089
5 0.428834 0.617180 0.029937 0.078431
5 0.424632 0.458450 0.022584 0.048553
5 0.838498 0.732960 0.079307 0.076564
4 0.081145 0.756303 0.091912 0.080299
4 0.196691 0.634921 0.077206 0.065359
5 0.290704 0.437442 0.049895 0.042017
4 0.336660 0.541083 0.035714 0.047619
1 0.838498 0.772642 0.017332 0.040149
10 0.513918 0.702148 0.016282 0.054155
1 0.328519 0.977124 0.016282 0.045752
10 0.548582 0.378618 0.013130 0.047619
7 0.321691 0.865079 0.065651 0.081232
10 0.318015 0.801587 0.034139 0.047619
1 0.175945 0.540616 0.015756 0.044818
0 0.136029 0.556022 0.053571 0.064426
1 0.225578 0.669001 0.013130 0.056956
1 0.241859 0.671802 0.014181 0.051354
5 0.633141 0.599907 0.035189 0.073763
0 0.482931 0.103175 0.022584 0.040149
0 0.485557 0.144258 0.045693 0.028945
0 0.486345 0.191877 0.059874 0.062558
1 0.943015 0.893091 0.011029 0.042017
1 0.632090 0.793184 0.015231 0.045752
1 0.797532 0.671802 0.017332 0.042017
1 0.742647 0.749300 0.016807 0.047619
6 0.708771 0.620448 0.026786 0.073763
7 0.335084 0.655929 0.057773 0.047619
1 0.529937 0.673203 0.014706 0.050420
1 0.542805 0.654995 0.014181 0.056956
1 0.905725 0.782913 0.020483 0.068161
0 0.336660 0.241830 0.027311 0.048553
4 0.291229 0.388889 0.016282 0.036415
10 0.537027 0.291783 0.007878 0.021475
10 0.489758 0.235761 0.007878 0.021475
6 0.796218 0.843137 0.098739 0.183007
4 0.248950 0.497666 0.055672 0.052288
10 0.424895 0.376284 0.007353 0.031746
10 0.449842 0.336134 0.007878 0.018674
1 0.741597 0.654995 0.011555 0.051354
1 0.728729 0.648926 0.014181 0.042951
7 0.322216 0.607376 0.020483 0.043884
