4 0.580620 0.872082 0.047794 0.102708
5 0.557511 0.614846 0.027836 0.064426
6 0.218225 0.737628 0.069853 0.179272
4 0.539128 0.525677 0.024685 0.041083
6 0.481618 0.561158 0.035714 0.076564
6 0.537553 0.467787 0.018382 0.033613
4 0.585872 0.497199 0.024685 0.034547
4 0.412815 0.457049 0.038866 0.032680
4 0.457458 0.434174 0.023109 0.033613
4 0.547006 0.437908 0.015231 0.028011
4 0.477941 0.411765 0.015756 0.029879
4 0.526261 0.408964 0.016807 0.024276
4 0.448267 0.389356 0.017332 0.029879
4 0.493172 0.388422 0.017857 0.033613
4 0.470588 0.374883 0.017857 0.025210
4 0.487920 0.354809 0.012605 0.024276
5 0.925420 0.940243 0.072479 0.115780
1 0.652574 0.869281 0.011029 0.065359
4 0.761817 0.634921 0.044643 0.056022
4 0.052521 0.924837 0.105042 0.092437
5 0.065651 0.765173 0.087185 0.129785
4 0.075368 0.691410 0.058298 0.077498
4 0.126576 0.684407 0.052521 0.065359
4 0.054622 0.657330 0.058824 0.059757
4 0.141544 0.624183 0.035189 0.064426
5 0.288078 0.458917 0.040441 0.042017
4 0.330620 0.429505 0.042542 0.035481
0 0.050158 0.596172 0.086660 0.071895
1 0.284139 0.703548 0.011555 0.058824
10 0.414653 0.538282 0.019433 0.042017
1 0.704044 0.575630 0.017332 0.040149
10 0.502889 0.449580 0.016282 0.034547
1 0.426208 0.519608 0.016282 0.036415
1 0.419905 0.495798 0.012080 0.044818
7 0.714023 0.523343 0.038340 0.034547
10 0.468225 0.473856 0.011029 0.042017
10 0.564863 0.501401 0.013130 0.046685
4 0.219800 0.556956 0.074055 0.060691
4 0.207195 0.644725 0.068803 0.056956
0 0.288078 0.403828 0.030987 0.042017
5 0.573792 0.430906 0.023634 0.055089
0 0.491334 0.179739 0.022584 0.040149
0 0.495011 0.218954 0.045693 0.028945
0 0.494485 0.246032 0.057248 0.023343
1 0.689338 0.514006 0.011029 0.042017
4 0.789653 0.584967 0.053046 0.049486
0 0.395746 0.252568 0.027836 0.049486
4 0.527574 0.314192 0.014181 0.027077
4 0.508141 0.280579 0.011029 0.017740
