4 0.626576 0.610177 0.067227 0.172736
4 0.547532 0.270775 0.039391 0.091503
5 0.541754 0.021008 0.024685 0.042017
4 0.460347 0.545752 0.051996 0.191410
4 0.643645 0.243697 0.054097 0.078431
4 0.396534 0.175537 0.039916 0.080299
4 0.464548 0.086368 0.032038 0.075630
1 0.663340 0.237628 0.013655 0.055089
7 0.375263 0.515406 0.034139 0.117647
2 0.370536 0.520542 0.017332 0.045752
1 0.335872 0.429505 0.013130 0.069094
1 0.331408 0.411298 0.008403 0.056956
2 0.376576 0.497666 0.013655 0.044818
5 0.128939 0.399627 0.065651 0.119514
4 0.165441 0.295985 0.060924 0.110177
4 0.808824 0.203548 0.052521 0.074697
6 0.754727 0.059757 0.074580 0.119514
4 0.259191 0.045285 0.034139 0.066293
4 0.027048 0.266573 0.054097 0.079365
1 0.275473 0.302988 0.015231 0.060691
7 0.276523 0.564426 0.046744 0.112979
