4 0.595588 0.854809 0.048319 0.103641
5 0.569065 0.626050 0.029937 0.070028
4 0.555147 0.544351 0.024160 0.042951
6 0.491334 0.930906 0.060399 0.136321
6 0.546218 0.462185 0.024160 0.039216
4 0.621061 0.572829 0.035189 0.045752
4 0.300683 0.507937 0.054097 0.046685
4 0.429359 0.501867 0.045693 0.045752
4 0.554622 0.432773 0.016807 0.027077
4 0.478466 0.467320 0.021008 0.038282
4 0.526523 0.391690 0.017332 0.027077
4 0.445903 0.419234 0.021008 0.033613
4 0.499475 0.431373 0.019958 0.039216
4 0.475315 0.411298 0.017857 0.030812
4 0.492647 0.388889 0.016807 0.027077
4 0.487132 0.328198 0.013130 0.021475
4 0.474002 0.344538 0.013130 0.024276
5 0.471901 0.356676 0.013130 0.031746
4 0.870011 0.799253 0.070903 0.087768
1 0.633666 0.571895 0.007878 0.038282
4 0.023109 0.808590 0.046218 0.115780
4 0.241071 0.525677 0.052521 0.050420
4 0.306197 0.476657 0.048319 0.038282
5 0.353992 0.374883 0.030462 0.032680
4 0.392595 0.433240 0.026786 0.035481
1 0.224527 0.879085 0.009979 0.058824
10 0.402048 0.642857 0.019433 0.042017
1 0.757616 0.653128 0.017332 0.040149
10 0.513918 0.512138 0.016282 0.034547
1 0.416754 0.615780 0.016282 0.036415
1 0.414128 0.570028 0.012080 0.045752
7 0.780200 0.610177 0.038340 0.034547
10 0.462973 0.611111 0.011029 0.042017
10 0.582195 0.516807 0.013130 0.047619
4 0.146534 0.689542 0.082983 0.068161
4 0.110557 0.824930 0.109769 0.066293
7 0.150998 0.767974 0.025735 0.055089
0 0.093487 0.756303 0.057773 0.063492
1 0.241859 0.472923 0.016282 0.028945
0 0.254989 0.439309 0.030987 0.042017
5 0.597426 0.469188 0.023634 0.055089
0 0.489758 0.162932 0.022584 0.040149
0 0.493960 0.206816 0.045693 0.028945
0 0.493435 0.230159 0.057248 0.023343
1 0.757090 0.599907 0.011029 0.042017
1 0.700368 0.503735 0.017332 0.042017
6 0.647847 0.487862 0.019433 0.064426
4 0.896271 0.717554 0.067752 0.049486
4 0.861082 0.656863 0.069853 0.064426
0 0.378414 0.276844 0.027836 0.049486
4 0.345851 0.344071 0.016282 0.036415
4 0.527574 0.302054 0.014181 0.027077
4 0.508141 0.269374 0.011029 0.017740
10 0.559874 0.372082 0.008403 0.028945
10 0.530462 0.319795 0.008403 0.021475
4 0.319065 0.413165 0.056197 0.032680
4 0.035452 0.477591 0.056197 0.043884
5 0.029149 0.518674 0.047794 0.051354
