4 0.574842 0.773109 0.044643 0.110177
5 0.555672 0.521475 0.025210 0.071895
4 0.350053 0.840336 0.058298 0.162465
4 0.177258 0.782913 0.070903 0.129785
4 0.490546 0.730159 0.032563 0.128852
6 0.255515 0.570495 0.058298 0.162465
4 0.539916 0.425770 0.021008 0.050420
6 0.482143 0.418768 0.028361 0.071895
6 0.534139 0.369748 0.016807 0.044818
4 0.577468 0.386555 0.019433 0.044818
4 0.462710 0.323996 0.015756 0.046685
4 0.545693 0.342204 0.013655 0.034547
4 0.480305 0.306256 0.014181 0.039216
4 0.528099 0.315593 0.015231 0.033613
4 0.451943 0.285247 0.017332 0.032680
4 0.493960 0.283847 0.014181 0.035481
4 0.470851 0.270308 0.015231 0.036415
4 0.490284 0.250700 0.012080 0.030812
5 0.851366 0.741830 0.040966 0.101774
1 0.623687 0.674603 0.005777 0.055089
4 0.731355 0.500934 0.037290 0.056956
4 0.122637 0.702148 0.095063 0.067227
5 0.126050 0.590570 0.067227 0.112979
4 0.127363 0.535014 0.043592 0.063492
4 0.171481 0.530812 0.040441 0.058824
4 0.102153 0.515406 0.039391 0.046685
4 0.180935 0.481326 0.026786 0.064426
5 0.306985 0.347339 0.040441 0.037348
4 0.342437 0.322129 0.033613 0.031746
0 0.022321 0.553221 0.044643 0.120448
0 0.093225 0.459851 0.086660 0.071895
1 0.306985 0.556022 0.012080 0.058824
