4 0.583771 0.873950 0.047794 0.104575
5 0.559611 0.615313 0.027836 0.061625
6 0.196429 0.787115 0.085084 0.199813
4 0.541492 0.528478 0.025210 0.041083
6 0.482931 0.603641 0.040441 0.092437
6 0.541492 0.467787 0.017857 0.035481
4 0.591124 0.508403 0.023634 0.034547
4 0.395483 0.464986 0.038866 0.031746
4 0.455357 0.443044 0.027311 0.038282
4 0.548845 0.436041 0.015756 0.026144
4 0.478466 0.419701 0.015756 0.032680
4 0.526523 0.404762 0.017332 0.027077
4 0.448004 0.391690 0.017857 0.030812
4 0.494223 0.392624 0.017857 0.032680
4 0.471113 0.378618 0.017857 0.025210
4 0.489496 0.358077 0.014706 0.023343
1 0.669905 0.936041 0.013130 0.066293
4 0.780725 0.661998 0.048845 0.061625
1 0.611082 0.508403 0.007878 0.034547
5 0.040441 0.816060 0.080882 0.143791
4 0.045431 0.727358 0.063550 0.080299
4 0.101891 0.723623 0.060924 0.070962
4 0.029149 0.692810 0.058298 0.059757
4 0.118697 0.653595 0.039916 0.072829
5 0.278624 0.472923 0.041492 0.045752
4 0.325893 0.436508 0.045693 0.038282
0 0.041229 0.620448 0.082458 0.071895
1 0.273897 0.737162 0.009979 0.058824
10 0.413078 0.558824 0.019433 0.042017
1 0.715599 0.591503 0.017332 0.040149
10 0.505515 0.465453 0.016282 0.034547
1 0.422532 0.535481 0.016282 0.036415
1 0.418330 0.510271 0.012080 0.045752
7 0.727153 0.538282 0.038340 0.034547
10 0.468750 0.490663 0.011029 0.042017
10 0.568015 0.505602 0.013130 0.047619
4 0.206670 0.584034 0.074055 0.060691
4 0.189076 0.675537 0.074580 0.056956
0 0.279674 0.411298 0.030987 0.042017
5 0.580095 0.431839 0.023634 0.055089
0 0.490809 0.176004 0.022584 0.040149
0 0.495011 0.216153 0.045693 0.028945
0 0.494485 0.242297 0.057248 0.023343
1 0.701418 0.530812 0.011029 0.042017
4 0.809874 0.609244 0.057773 0.049486
0 0.392595 0.258170 0.027836 0.049486
4 0.527574 0.312325 0.014181 0.027077
4 0.507616 0.278711 0.011029 0.017740
4 0.336134 0.386088 0.048319 0.030812
