4 0.596376 0.849673 0.047794 0.102708
5 0.570116 0.626517 0.029937 0.070962
4 0.556197 0.543884 0.024160 0.043884
6 0.544905 0.457983 0.023634 0.038282
4 0.622899 0.577965 0.035714 0.046685
4 0.293855 0.511204 0.054097 0.045752
4 0.426208 0.506536 0.047794 0.045752
4 0.555147 0.432773 0.016807 0.027077
4 0.478729 0.471989 0.021534 0.038282
4 0.527048 0.390756 0.017332 0.027077
4 0.446166 0.421569 0.021534 0.034547
4 0.500263 0.435107 0.020483 0.039216
4 0.476103 0.414099 0.018382 0.030812
4 0.493172 0.391690 0.016807 0.027077
4 0.486607 0.330999 0.013130 0.021475
4 0.474002 0.347339 0.013130 0.024276
5 0.471376 0.359477 0.013130 0.031746
5 0.475578 0.306723 0.011029 0.025210
4 0.876838 0.809057 0.073004 0.090570
1 0.634979 0.577498 0.008403 0.038282
4 0.020221 0.819328 0.040441 0.118581
4 0.241071 0.530345 0.052521 0.050420
4 0.304884 0.478992 0.049895 0.039216
5 0.353466 0.376284 0.030462 0.031746
4 0.392069 0.435107 0.026786 0.035481
1 0.221901 0.886555 0.009979 0.058824
10 0.402574 0.649393 0.019433 0.042017
1 0.760242 0.657796 0.017332 0.040149
10 0.514443 0.514939 0.016282 0.034547
1 0.416229 0.622316 0.016282 0.036415
1 0.414128 0.574697 0.012080 0.045752
7 0.784401 0.615780 0.038340 0.034547
10 0.462447 0.624183 0.011029 0.042017
10 0.582721 0.515873 0.013130 0.047619
4 0.142595 0.697012 0.085609 0.071895
4 0.105305 0.837068 0.109769 0.066293
7 0.147321 0.778245 0.025735 0.055089
0 0.090074 0.767507 0.058298 0.063492
1 0.241859 0.475724 0.016282 0.028945
0 0.253939 0.442110 0.030987 0.042017
5 0.599002 0.471989 0.023634 0.055089
0 0.489758 0.161998 0.022584 0.040149
0 0.493960 0.205882 0.045693 0.028945
0 0.493435 0.229225 0.057248 0.023343
1 0.760242 0.602708 0.011029 0.042017
1 0.703519 0.505602 0.017332 0.042017
6 0.650210 0.492997 0.019958 0.069094
4 0.903099 0.725023 0.067752 0.049486
4 0.866334 0.662465 0.069853 0.064426
0 0.377889 0.277778 0.027836 0.049486
4 0.345851 0.345005 0.016282 0.036415
4 0.527574 0.301120 0.014181 0.027077
4 0.508666 0.268441 0.011029 0.017740
10 0.559349 0.372082 0.008403 0.028945
10 0.530200 0.318861 0.008929 0.021475
4 0.318540 0.415033 0.056197 0.032680
4 0.031775 0.481326 0.056197 0.043884
5 0.024685 0.521475 0.046218 0.051354
