4 0.625525 0.591036 0.068277 0.166200
4 0.550945 0.256303 0.038866 0.088702
5 0.543330 0.017740 0.024685 0.035481
4 0.452731 0.863212 0.070378 0.273576
4 0.657300 0.310458 0.060399 0.088702
4 0.381040 0.276844 0.043592 0.099907
4 0.462973 0.185808 0.033088 0.095238
1 0.681985 0.314659 0.018382 0.061625
7 0.341387 0.805789 0.047269 0.183007
2 0.336134 0.820728 0.018908 0.057890
1 0.320378 0.541550 0.015756 0.078431
1 0.314601 0.522409 0.008403 0.056956
2 0.343487 0.788515 0.015756 0.045752
4 0.386555 0.036415 0.035714 0.070962
4 0.477941 0.053688 0.028361 0.066293
5 0.090336 0.509337 0.079832 0.137255
4 0.137080 0.379552 0.070378 0.129785
4 0.838498 0.264239 0.058298 0.082166
6 0.771796 0.085434 0.084559 0.165266
4 0.245536 0.087302 0.037290 0.071895
2 0.260242 0.152661 0.014181 0.043884
3 0.259979 0.169468 0.012605 0.040149
4 0.101628 0.215219 0.102416 0.071895
1 0.255515 0.398693 0.015231 0.067227
7 0.244485 0.715686 0.062500 0.133520
