4 0.574055 0.688609 0.038866 0.075630
4 0.558824 0.585901 0.029412 0.053221
5 0.547006 0.487862 0.022584 0.047619
4 0.522584 0.399160 0.018908 0.028945
6 0.505515 0.319328 0.013130 0.024276
4 0.621324 0.620448 0.040966 0.051354
4 0.202468 0.535948 0.065651 0.041083
4 0.528624 0.336601 0.013130 0.021475
4 0.344538 0.543884 0.047269 0.042017
4 0.509191 0.299720 0.013130 0.020542
4 0.430935 0.430439 0.021534 0.039216
4 0.476366 0.547619 0.029412 0.058824
4 0.469538 0.471055 0.023109 0.042017
4 0.482931 0.428105 0.018382 0.034547
5 0.576943 0.968254 0.053046 0.061625
4 0.472426 0.362745 0.016282 0.028945
4 0.464811 0.386555 0.016807 0.031746
5 0.457721 0.406162 0.017332 0.041083
5 0.439076 0.365546 0.017857 0.032680
4 0.922269 0.928105 0.090336 0.125117
1 0.633141 0.618581 0.014181 0.043884
4 0.194328 0.563959 0.052521 0.057890
4 0.270221 0.501867 0.054097 0.045752
5 0.326943 0.381886 0.041492 0.033613
4 0.369485 0.448646 0.027836 0.036415
1 0.169380 0.900560 0.009979 0.058824
10 0.370011 0.710084 0.019433 0.042017
1 0.746586 0.638189 0.017332 0.040149
10 0.506040 0.550420 0.016282 0.034547
1 0.381565 0.685808 0.016282 0.053221
1 0.371061 0.650327 0.012080 0.045752
7 0.804359 0.671335 0.046744 0.048553
10 0.564863 0.416900 0.013130 0.047619
4 0.056723 0.809057 0.091387 0.081232
4 0.031513 0.971522 0.063025 0.055089
7 0.055410 0.894024 0.035189 0.060691
10 0.433036 0.538282 0.012080 0.043884
1 0.230830 0.474790 0.009979 0.028945
0 0.219275 0.457049 0.030987 0.042017
5 0.595851 0.482260 0.024685 0.055089
0 0.487658 0.134921 0.022584 0.040149
0 0.490809 0.182540 0.045693 0.028945
0 0.491334 0.206349 0.057248 0.024276
1 0.790179 0.644725 0.011029 0.042017
1 0.628414 0.581232 0.015231 0.045752
1 0.716124 0.527077 0.014181 0.040149
6 0.652574 0.514939 0.020483 0.073763
7 0.374737 0.514939 0.040441 0.043884
4 0.942227 0.803455 0.080882 0.068161
4 0.896271 0.725957 0.069853 0.064426
1 0.521271 0.532680 0.012080 0.040149
1 0.528099 0.521475 0.009979 0.049486
0 0.351628 0.276844 0.027836 0.049486
4 0.323792 0.350607 0.016282 0.036415
4 0.513918 0.247899 0.014181 0.027077
10 0.543067 0.316060 0.007353 0.021475
10 0.506565 0.267507 0.007878 0.021475
4 0.292805 0.428105 0.056197 0.032680
1 0.664916 0.538282 0.010504 0.040149
1 0.675158 0.533147 0.013130 0.041083
