4 0.654937 0.882820 0.076681 0.189542
4 0.568015 0.519141 0.043592 0.102708
5 0.553309 0.272176 0.025735 0.073763
4 0.364758 0.505602 0.046744 0.131653
4 0.413866 0.583567 0.047269 0.143791
6 0.919380 0.608310 0.153887 0.318394
4 0.154149 0.616246 0.066702 0.149393
4 0.212185 0.459851 0.060924 0.111111
4 0.488183 0.364613 0.025735 0.096172
6 0.270746 0.288049 0.050945 0.140990
4 0.538866 0.171802 0.021008 0.050420
6 0.476891 0.138189 0.029412 0.067227
6 0.533613 0.110177 0.016807 0.048553
4 0.574580 0.117647 0.018908 0.042951
4 0.544643 0.082633 0.012605 0.038282
4 0.529412 0.061625 0.015756 0.044818
4 0.450105 0.021942 0.015756 0.040149
5 0.807773 0.434641 0.034664 0.096172
1 0.608456 0.379085 0.006828 0.050420
4 0.717962 0.226424 0.032563 0.056956
4 0.054884 0.463585 0.071954 0.103641
4 0.152048 0.393557 0.095063 0.068161
5 0.152311 0.296919 0.054622 0.095238
4 0.148897 0.248833 0.036239 0.058824
4 0.190126 0.248833 0.035714 0.055089
4 0.124737 0.234360 0.036239 0.048553
4 0.193803 0.205415 0.028361 0.050420
5 0.967174 0.436508 0.047794 0.109244
0 0.035452 0.289916 0.070903 0.120448
0 0.115284 0.176004 0.086660 0.071895
7 0.974527 0.346872 0.044643 0.079365
4 0.888918 0.345938 0.038340 0.083100
