4 0.634191 0.602708 0.067752 0.169001
4 0.561187 0.259104 0.041492 0.090570
5 0.547532 0.022876 0.024685 0.045752
4 0.702206 0.508403 0.071429 0.131653
4 0.349527 0.578898 0.058298 0.168067
4 0.462973 0.507937 0.048845 0.168067
1 0.746324 0.530345 0.019958 0.074697
1 0.282563 0.900093 0.014706 0.082166
1 0.275473 0.867414 0.012080 0.067227
4 0.378414 0.122316 0.040441 0.089636
4 0.479254 0.257236 0.036239 0.105509
4 0.431460 0.078898 0.032038 0.073763
4 0.056460 0.629785 0.096113 0.187675
4 0.919905 0.434641 0.078256 0.114846
6 0.827468 0.181606 0.109769 0.226891
4 0.212447 0.195612 0.046744 0.092437
4 0.247637 0.090103 0.045693 0.075630
2 0.195378 0.371148 0.017857 0.049486
3 0.197216 0.388889 0.021534 0.056956
5 0.751838 0.074230 0.041492 0.077498
1 0.588235 0.035014 0.007353 0.045752
4 0.046744 0.373016 0.093487 0.079365
4 0.115546 0.091970 0.058824 0.073763
5 0.895483 0.081232 0.036765 0.076564
1 0.202468 0.650327 0.014181 0.083100
