4 0.685137 0.879552 0.092962 0.237162
4 0.462185 0.781979 0.070378 0.245565
4 0.560137 0.437442 0.050945 0.122316
5 0.462185 0.335201 0.037815 0.128852
5 0.547006 0.079832 0.030987 0.071895
4 0.046218 0.642857 0.092437 0.202614
4 0.103729 0.477591 0.086660 0.152194
4 0.467437 0.038282 0.028361 0.070962
4 0.606880 0.089169 0.041492 0.058824
7 0.420168 0.062558 0.017857 0.050420
2 0.421218 0.053688 0.010504 0.040149
1 0.365284 0.204949 0.013130 0.056956
1 0.360557 0.196078 0.009979 0.056022
2 0.422794 0.049020 0.010504 0.034547
5 0.207458 0.181606 0.039916 0.079365
4 0.229779 0.126517 0.042542 0.077498
4 0.745536 0.060224 0.039391 0.055089
1 0.951418 0.539216 0.022584 0.066293
1 0.928046 0.517740 0.028361 0.077498
4 0.100053 0.111111 0.066702 0.065359
1 0.021271 0.216620 0.014181 0.063492
3 0.027574 0.239963 0.033088 0.042951
3 0.060662 0.224556 0.019433 0.056956
2 0.061975 0.219421 0.024160 0.054155
3 0.079307 0.198413 0.016807 0.038282
2 0.078256 0.190009 0.015756 0.043884
1 0.315389 0.135387 0.015231 0.059757
7 0.328519 0.289916 0.038340 0.098039
5 0.036239 0.399160 0.072479 0.084967
