4 0.574317 0.654062 0.036239 0.068161
4 0.564601 0.543417 0.028361 0.048553
5 0.534926 0.436508 0.020483 0.042017
4 0.514443 0.348273 0.015231 0.026144
6 0.503151 0.286648 0.010504 0.020542
4 0.636292 0.678338 0.035189 0.064426
4 0.083771 0.570028 0.053046 0.047619
4 0.523634 0.304388 0.012605 0.018674
4 0.214811 0.585901 0.066176 0.047619
4 0.509716 0.268441 0.017332 0.025210
4 0.427258 0.446312 0.024685 0.042951
4 0.473739 0.802988 0.047269 0.126984
4 0.468487 0.550887 0.029412 0.059757
4 0.481880 0.476190 0.024685 0.044818
5 0.569590 0.862278 0.045693 0.112979
4 0.468225 0.378618 0.019433 0.034547
4 0.469538 0.421569 0.019958 0.038282
5 0.452206 0.450047 0.021008 0.052288
5 0.429622 0.398226 0.017857 0.038282
1 0.669905 0.681139 0.012080 0.049486
4 0.158876 0.609711 0.058298 0.061625
4 0.248424 0.531279 0.060924 0.048553
5 0.317227 0.388422 0.043067 0.035481
4 0.360557 0.467787 0.029937 0.042951
10 0.349002 0.807190 0.019433 0.060691
1 0.768645 0.655929 0.016282 0.047619
10 0.508666 0.585901 0.016282 0.034547
1 0.369485 0.759570 0.016282 0.053221
1 0.351628 0.767040 0.012080 0.045752
7 0.851628 0.746499 0.057248 0.062558
10 0.555147 0.381419 0.012605 0.045752
10 0.420956 0.642390 0.012080 0.052288
7 0.363445 0.681139 0.048319 0.049486
1 0.217700 0.485061 0.016282 0.028945
0 0.194065 0.479458 0.033088 0.045752
5 0.606880 0.506536 0.024685 0.055089
0 0.486607 0.124650 0.022584 0.040149
0 0.489758 0.173203 0.045693 0.028945
0 0.490284 0.197479 0.057248 0.025210
1 0.833771 0.722222 0.011029 0.042017
1 0.622637 0.640056 0.015231 0.045752
1 0.740284 0.571895 0.017332 0.042017
6 0.669905 0.547619 0.020483 0.073763
7 0.362132 0.552288 0.043592 0.043884
4 0.961397 0.824930 0.075105 0.073763
1 0.519695 0.575630 0.015231 0.049486
1 0.532300 0.561158 0.014181 0.056022
0 0.348477 0.276844 0.027836 0.049486
4 0.315389 0.349673 0.016282 0.036415
4 0.513393 0.223156 0.009979 0.024276
10 0.540179 0.301120 0.007878 0.021475
10 0.498162 0.247899 0.007878 0.021475
6 0.728729 0.687208 0.059349 0.123249
4 0.278099 0.444444 0.056197 0.039216
10 0.433824 0.342204 0.009454 0.021475
10 0.454569 0.292250 0.007878 0.018674
1 0.688813 0.583567 0.011029 0.039216
1 0.690914 0.566760 0.014181 0.041083
7 0.351628 0.513072 0.018382 0.032680
