4 0.608456 0.860878 0.049895 0.108310
4 0.566702 0.706816 0.035714 0.072829
5 0.560137 0.567694 0.023634 0.057890
4 0.547269 0.498599 0.025210 0.039216
6 0.515231 0.384687 0.015756 0.029879
4 0.626576 0.620448 0.039916 0.049486
4 0.151523 0.537348 0.051996 0.040149
4 0.312763 0.547152 0.053046 0.042951
4 0.541229 0.389823 0.015231 0.025210
4 0.447479 0.533147 0.040966 0.046685
4 0.515231 0.348273 0.014706 0.022409
4 0.436975 0.439776 0.022059 0.037348
4 0.493172 0.485061 0.024160 0.047619
4 0.472164 0.449580 0.021008 0.036415
4 0.487395 0.417367 0.017857 0.031746
4 0.478729 0.358543 0.015231 0.026144
4 0.469013 0.378151 0.012605 0.028011
5 0.463761 0.394024 0.014706 0.039216
5 0.459821 0.341737 0.013130 0.026144
4 0.918330 0.907096 0.087710 0.114846
1 0.637868 0.618581 0.014181 0.040149
4 0.210609 0.567694 0.051471 0.056022
4 0.282563 0.510271 0.054622 0.047619
5 0.337973 0.390289 0.037290 0.031746
4 0.378939 0.457983 0.025735 0.036415
1 0.179359 0.934174 0.009979 0.058824
10 0.384191 0.702614 0.019433 0.042017
1 0.760767 0.656863 0.017332 0.040149
10 0.512342 0.551354 0.016282 0.034547
1 0.398897 0.676471 0.016282 0.053221
1 0.393645 0.622316 0.012080 0.045752
7 0.804359 0.660598 0.038340 0.034547
10 0.574842 0.477591 0.013130 0.047619
4 0.087447 0.796919 0.096113 0.081232
4 0.048057 0.953782 0.096113 0.066293
7 0.084821 0.872549 0.025735 0.055089
0 0.024947 0.875350 0.049895 0.064426
10 0.441964 0.512138 0.012080 0.043884
1 0.233981 0.490663 0.016282 0.028945
0 0.230305 0.465453 0.030987 0.042017
5 0.600053 0.495331 0.023634 0.055089
0 0.488708 0.147993 0.022584 0.040149
0 0.492384 0.193744 0.045693 0.028945
0 0.492384 0.217554 0.057248 0.024276
1 0.790179 0.645658 0.011029 0.042017
1 0.714548 0.532680 0.017332 0.042017
6 0.655200 0.520542 0.020483 0.073763
4 0.938813 0.795985 0.078256 0.064426
4 0.895746 0.720355 0.069853 0.064426
1 0.526523 0.539216 0.015231 0.049486
1 0.535977 0.525210 0.014181 0.056956
0 0.353204 0.288982 0.027836 0.049486
4 0.332195 0.358077 0.016282 0.036415
4 0.519170 0.278711 0.014181 0.027077
4 0.501313 0.249767 0.011029 0.017740
10 0.551733 0.353408 0.007878 0.028945
10 0.521796 0.299253 0.007878 0.021475
4 0.299632 0.435574 0.056197 0.032680
