4 0.624737 0.598506 0.066702 0.168067
4 0.549107 0.262838 0.039391 0.092437
5 0.542542 0.018207 0.023109 0.036415
4 0.457195 0.688142 0.059349 0.229692
4 0.650210 0.277311 0.055672 0.084034
4 0.389443 0.222222 0.041492 0.089636
4 0.463761 0.131653 0.032563 0.084034
1 0.672006 0.271242 0.015231 0.058824
7 0.360819 0.641923 0.039916 0.144725
2 0.355830 0.648926 0.018382 0.052288
1 0.328256 0.481793 0.013655 0.070962
1 0.323004 0.461718 0.008403 0.056956
2 0.362132 0.622782 0.014181 0.044818
4 0.390231 0.026144 0.033613 0.052288
4 0.477679 0.023343 0.027836 0.046685
5 0.110557 0.448646 0.071954 0.129785
4 0.152311 0.333333 0.065126 0.117647
4 0.822479 0.232960 0.056723 0.079365
6 0.763393 0.071429 0.080357 0.142857
4 0.251838 0.065359 0.036239 0.069094
2 0.272847 0.114846 0.013130 0.039216
3 0.272059 0.130252 0.009454 0.036415
1 0.266019 0.348273 0.015231 0.063492
7 0.261029 0.636788 0.058824 0.128852
