4 0.574580 0.649393 0.038866 0.064426
4 0.561187 0.522409 0.027836 0.045752
5 0.522059 0.415966 0.016807 0.038282
4 0.510242 0.325397 0.013130 0.025210
6 0.501576 0.277311 0.010504 0.020542
4 0.677521 0.841270 0.043067 0.097106
4 0.522321 0.299253 0.016282 0.028945
4 0.035189 0.693277 0.070378 0.060691
4 0.508929 0.264239 0.014706 0.024276
4 0.417017 0.506536 0.028361 0.051354
4 0.467700 0.853408 0.049895 0.134454
4 0.476366 0.632586 0.032563 0.073763
5 0.577468 0.866947 0.042542 0.112979
4 0.456670 0.440243 0.022584 0.040149
4 0.460609 0.529412 0.027311 0.052288
5 0.430935 0.599907 0.028887 0.077498
5 0.425158 0.455649 0.021534 0.046685
5 0.838498 0.723156 0.079307 0.068161
4 0.085872 0.743231 0.088761 0.078431
4 0.201418 0.626984 0.076155 0.064426
5 0.293330 0.434174 0.050945 0.041083
4 0.338761 0.537348 0.035714 0.045752
1 0.833246 0.772642 0.017332 0.040149
10 0.513918 0.703548 0.016282 0.051354
1 0.333246 0.963119 0.016282 0.058824
10 0.549895 0.376751 0.012605 0.043884
7 0.327468 0.852941 0.065651 0.081232
10 0.320641 0.790383 0.034139 0.047619
1 0.179622 0.537348 0.015756 0.042017
0 0.141282 0.551354 0.051471 0.064426
1 0.229779 0.666200 0.013130 0.056956
1 0.247111 0.669935 0.014181 0.051354
5 0.631565 0.592437 0.034139 0.070028
0 0.482931 0.112512 0.022584 0.040149
0 0.485032 0.153595 0.045693 0.028945
0 0.486607 0.200747 0.058298 0.059757
1 0.934611 0.880019 0.011029 0.042017
1 0.630515 0.785714 0.014181 0.055089
1 0.792279 0.664332 0.017332 0.042017
1 0.736870 0.754902 0.016807 0.047619
6 0.706145 0.616713 0.025735 0.073763
7 0.336922 0.648459 0.048845 0.045752
1 0.529149 0.676004 0.014181 0.050420
1 0.541754 0.656396 0.014181 0.057890
1 0.897847 0.773576 0.020483 0.068161
0 0.338235 0.248366 0.027311 0.048553
4 0.292805 0.387021 0.016282 0.036415
10 0.537027 0.303922 0.007878 0.021475
10 0.490809 0.246965 0.007878 0.021475
6 0.792279 0.839869 0.095063 0.178338
4 0.251576 0.495331 0.055672 0.049486
10 0.425945 0.373483 0.007353 0.031746
10 0.450368 0.332400 0.007878 0.018674
1 0.738445 0.655929 0.011555 0.051354
1 0.725578 0.648459 0.014181 0.042017
7 0.323792 0.600840 0.020483 0.043884
