4 0.577994 0.657796 0.037290 0.068161
4 0.566176 0.537815 0.028361 0.048553
5 0.530987 0.429972 0.019958 0.042017
4 0.513918 0.340336 0.014181 0.025210
6 0.504989 0.281046 0.009979 0.018674
4 0.650473 0.729692 0.037290 0.075630
4 0.024160 0.602708 0.044118 0.043884
4 0.524160 0.304388 0.013655 0.022409
4 0.163078 0.618581 0.066702 0.049486
4 0.510767 0.268441 0.017332 0.025210
4 0.425420 0.465453 0.025210 0.045752
4 0.468750 0.619514 0.033088 0.071895
4 0.482143 0.520075 0.026261 0.050420
5 0.573267 0.860411 0.044643 0.111111
4 0.465336 0.398226 0.022059 0.034547
4 0.469013 0.453315 0.022059 0.042017
5 0.448004 0.492063 0.023109 0.059757
5 0.430147 0.419701 0.019958 0.042017
1 0.697216 0.730159 0.012080 0.050420
5 0.838761 0.643324 0.067227 0.059757
4 0.137342 0.649860 0.065651 0.065359
4 0.235557 0.562092 0.066702 0.056022
5 0.310399 0.403361 0.046218 0.037348
4 0.354517 0.489262 0.030462 0.042951
10 0.338498 0.880952 0.019433 0.060691
1 0.791229 0.694211 0.017332 0.040149
10 0.510767 0.622316 0.016282 0.034547
1 0.360032 0.822129 0.016282 0.053221
7 0.892069 0.816527 0.058298 0.064426
10 0.555147 0.377684 0.012605 0.038282
10 0.413603 0.725957 0.012080 0.062558
7 0.351103 0.734360 0.048845 0.049486
10 0.345588 0.687208 0.033613 0.046685
1 0.209296 0.502801 0.016282 0.028945
0 0.179359 0.502801 0.039391 0.056956
5 0.613971 0.531746 0.025210 0.055089
0 0.485557 0.120915 0.022584 0.040149
0 0.488708 0.168534 0.045693 0.028945
0 0.489758 0.197012 0.057248 0.031746
1 0.868960 0.767974 0.011029 0.042017
1 0.627889 0.684874 0.015231 0.045752
1 0.758141 0.602708 0.017332 0.042017
6 0.682511 0.573763 0.020483 0.073763
7 0.357931 0.584034 0.040441 0.043884
1 0.522321 0.608310 0.015231 0.049486
1 0.536502 0.592437 0.014181 0.056956
0 0.347426 0.277778 0.027836 0.049486
4 0.309611 0.360878 0.016282 0.036415
10 0.538603 0.302054 0.007878 0.021475
10 0.495536 0.246965 0.007878 0.021475
6 0.749212 0.739496 0.066702 0.140056
4 0.270221 0.460784 0.056197 0.040149
10 0.432773 0.353408 0.008403 0.025210
10 0.454044 0.305322 0.007878 0.018674
1 0.705095 0.610644 0.012080 0.042951
1 0.700368 0.592904 0.014181 0.041083
7 0.343225 0.542017 0.020483 0.043884
