4 0.654674 0.777311 0.081408 0.226891
4 0.546481 0.372082 0.046744 0.111111
5 0.449842 0.475257 0.040441 0.160598
5 0.537553 0.051354 0.026786 0.070962
4 0.031775 0.714286 0.063550 0.212885
4 0.074842 0.533147 0.094013 0.169935
4 0.461134 0.100373 0.031513 0.086835
4 0.608718 0.109711 0.045168 0.060691
1 0.615021 0.097106 0.010504 0.028011
7 0.410714 0.120448 0.022059 0.057890
2 0.410714 0.114846 0.010504 0.041083
1 0.357668 0.232960 0.011555 0.056956
1 0.354779 0.223156 0.009979 0.056022
2 0.412553 0.110644 0.012080 0.034547
5 0.193540 0.211951 0.041492 0.082166
4 0.216124 0.151261 0.046744 0.085901
4 0.751576 0.080299 0.040966 0.056022
1 0.960347 0.581699 0.022584 0.065359
1 0.935924 0.559757 0.029412 0.081232
4 0.083246 0.133520 0.070903 0.067227
3 0.038866 0.253035 0.023109 0.056022
2 0.039653 0.249300 0.021534 0.056022
3 0.057773 0.229225 0.015756 0.038282
2 0.056985 0.219421 0.018382 0.046685
1 0.304359 0.157330 0.015231 0.060691
7 0.320641 0.329132 0.038340 0.098039
5 0.023634 0.459851 0.047269 0.084967
