4 0.588498 0.875350 0.048845 0.103641
5 0.563288 0.620448 0.030987 0.066293
6 0.168330 0.854342 0.098214 0.231559
4 0.545693 0.532213 0.024160 0.039216
6 0.485819 0.667600 0.049370 0.119514
6 0.547006 0.469188 0.020483 0.040149
4 0.599265 0.524743 0.025210 0.039216
4 0.362920 0.475257 0.039916 0.031746
4 0.451155 0.456583 0.031513 0.039216
4 0.551996 0.434174 0.016807 0.028011
4 0.479517 0.429038 0.018908 0.032680
4 0.527836 0.401027 0.016807 0.028945
4 0.447216 0.397759 0.018382 0.031746
4 0.495798 0.399627 0.017857 0.033613
4 0.472689 0.386088 0.017857 0.028945
4 0.490546 0.362745 0.014706 0.027077
4 0.487658 0.307656 0.012080 0.023343
4 0.471113 0.318394 0.012605 0.018674
5 0.472689 0.332400 0.011555 0.024276
4 0.804884 0.698413 0.056197 0.069094
1 0.616334 0.526144 0.007878 0.036415
4 0.022584 0.771709 0.045168 0.077498
4 0.068540 0.773576 0.070903 0.083100
4 0.089286 0.692810 0.038866 0.084034
4 0.270483 0.485994 0.049370 0.051354
4 0.319590 0.443978 0.047794 0.040149
5 0.361870 0.358077 0.027311 0.028945
4 0.398634 0.407563 0.021008 0.030812
0 0.037290 0.637255 0.074580 0.071895
1 0.259191 0.773576 0.009979 0.058824
10 0.407826 0.577498 0.019433 0.042017
1 0.728729 0.608310 0.017332 0.040149
10 0.506565 0.473856 0.016282 0.034547
1 0.419905 0.556956 0.016282 0.036415
1 0.417279 0.524276 0.012080 0.045752
7 0.743435 0.555089 0.038340 0.034547
10 0.468225 0.513072 0.011029 0.042017
10 0.572742 0.507470 0.013130 0.047619
4 0.189863 0.616713 0.074055 0.060691
4 0.167805 0.710084 0.081408 0.056956
0 0.274422 0.413165 0.030987 0.042017
5 0.586397 0.432773 0.023634 0.055089
0 0.490809 0.170401 0.022584 0.040149
0 0.495011 0.213352 0.045693 0.028945
0 0.494485 0.236695 0.057248 0.023343
1 0.716649 0.544818 0.011029 0.042017
4 0.834821 0.635387 0.065651 0.049486
0 0.388393 0.263772 0.027836 0.049486
4 0.526523 0.308590 0.014181 0.027077
4 0.506565 0.275910 0.011029 0.017740
4 0.331408 0.391223 0.048319 0.031746
