4 0.647847 0.748366 0.078256 0.219421
4 0.546744 0.352941 0.046218 0.108310
5 0.446691 0.544818 0.041492 0.174603
5 0.538340 0.043417 0.027311 0.068161
4 0.065914 0.565359 0.097164 0.182073
4 0.462447 0.128385 0.034139 0.090570
4 0.612132 0.121849 0.047794 0.060691
1 0.619748 0.105042 0.010504 0.027077
7 0.409139 0.148926 0.023109 0.060691
2 0.408876 0.144725 0.011029 0.041083
1 0.357143 0.247899 0.011555 0.056956
1 0.353992 0.236228 0.008403 0.056022
2 0.409139 0.142390 0.010504 0.043884
5 0.188550 0.223623 0.042017 0.081232
4 0.211134 0.160598 0.048319 0.089636
4 0.754464 0.087768 0.041492 0.056022
1 0.967174 0.604575 0.023634 0.068161
1 0.939863 0.580299 0.032038 0.084967
4 0.077994 0.142857 0.071954 0.069094
3 0.031513 0.273576 0.023109 0.057890
2 0.031250 0.265173 0.021534 0.056022
3 0.050420 0.245098 0.015756 0.038282
2 0.049632 0.233894 0.017332 0.045752
1 0.301733 0.166667 0.015231 0.060691
7 0.318015 0.345005 0.038340 0.098039
5 0.018645 0.485061 0.037290 0.084967
