4 0.571954 0.609244 0.036765 0.070028
4 0.559611 0.485061 0.026786 0.047619
5 0.521008 0.380486 0.017857 0.043884
4 0.510242 0.295518 0.014181 0.027077
6 0.501313 0.255369 0.011029 0.019608
4 0.685662 0.840336 0.044643 0.100840
4 0.520746 0.264706 0.016282 0.028945
4 0.507878 0.229692 0.015756 0.024276
4 0.415179 0.487395 0.028887 0.057890
4 0.469013 0.921569 0.055672 0.153128
4 0.475840 0.639122 0.034664 0.079365
5 0.580620 0.826797 0.041492 0.112979
4 0.455620 0.419234 0.023634 0.041083
4 0.457983 0.524276 0.028361 0.058824
5 0.425945 0.611578 0.031513 0.084034
5 0.423057 0.432306 0.022584 0.050420
5 0.837710 0.712418 0.080882 0.074697
4 0.072216 0.737628 0.096113 0.084034
4 0.191702 0.613912 0.078782 0.068161
5 0.288340 0.408030 0.051471 0.042951
4 0.333246 0.515873 0.035189 0.053221
1 0.845851 0.765173 0.017332 0.040149
10 0.513918 0.699813 0.016282 0.056956
1 0.325893 0.971055 0.016282 0.050420
10 0.548582 0.342204 0.013130 0.040149
7 0.315914 0.866947 0.065651 0.081232
10 0.314601 0.808590 0.035714 0.048553
1 0.172532 0.520075 0.016282 0.042951
0 0.129989 0.537815 0.054097 0.063492
1 0.219275 0.663399 0.013130 0.056956
1 0.236082 0.660598 0.014181 0.051354
5 0.634979 0.575630 0.033613 0.073763
0 0.483456 0.089169 0.022584 0.040149
0 0.486607 0.130252 0.045693 0.028945
0 0.487132 0.176471 0.058298 0.063492
1 0.955620 0.890289 0.011029 0.042017
1 0.635242 0.780112 0.015231 0.045752
1 0.804884 0.661531 0.017332 0.042017
1 0.751313 0.740896 0.017332 0.047619
6 0.712973 0.613912 0.025735 0.073763
7 0.331670 0.640523 0.058298 0.048553
1 0.531513 0.669468 0.014706 0.050420
1 0.544380 0.653595 0.014181 0.057890
1 0.912553 0.773576 0.020483 0.068161
1 0.884716 0.682073 0.014181 0.042017
1 0.901261 0.681606 0.013655 0.046685
0 0.334034 0.232960 0.027311 0.047619
4 0.288078 0.357143 0.016282 0.036415
10 0.537027 0.274977 0.007878 0.021475
10 0.488708 0.218954 0.007878 0.021475
6 0.802258 0.848273 0.104517 0.189542
4 0.245798 0.487395 0.055672 0.054155
10 0.424370 0.348273 0.007353 0.031746
10 0.449842 0.310924 0.007878 0.018674
1 0.746324 0.654995 0.011555 0.051354
1 0.732931 0.649393 0.014181 0.043884
7 0.319590 0.581232 0.020483 0.045752
