4 0.570116 0.627918 0.044643 0.107376
5 0.553834 0.382353 0.024685 0.071895
4 0.359506 0.645191 0.053046 0.138189
4 0.405462 0.769374 0.053571 0.169935
6 0.930672 0.756769 0.134454 0.344538
4 0.131828 0.771242 0.071429 0.168067
4 0.199580 0.593838 0.061975 0.115780
4 0.488445 0.513539 0.029412 0.100840
6 0.264443 0.410364 0.050945 0.140990
4 0.537815 0.284314 0.021008 0.051354
6 0.478466 0.264239 0.029412 0.067227
6 0.533613 0.225023 0.016807 0.048553
4 0.575105 0.235761 0.018908 0.043884
4 0.463235 0.168067 0.016807 0.041083
4 0.544643 0.195612 0.012605 0.036415
4 0.480830 0.152661 0.015231 0.038282
4 0.528099 0.173203 0.016282 0.038282
4 0.450630 0.136321 0.015756 0.039216
4 0.493435 0.132120 0.015231 0.030812
4 0.470326 0.118581 0.014181 0.037348
4 0.490284 0.098973 0.012080 0.029879
5 0.824055 0.564426 0.035714 0.101774
1 0.613708 0.505602 0.006828 0.053221
4 0.722952 0.345005 0.033088 0.062558
4 0.037553 0.604575 0.075105 0.109244
4 0.140494 0.524276 0.095063 0.068161
5 0.142857 0.422035 0.058824 0.102708
4 0.141019 0.373483 0.038340 0.065359
4 0.183561 0.370682 0.037290 0.056022
4 0.116597 0.357610 0.036765 0.048553
4 0.189076 0.326797 0.027311 0.054155
5 0.978992 0.561625 0.039916 0.107376
0 0.030987 0.403828 0.061975 0.120448
0 0.106880 0.299253 0.086660 0.071895
1 0.312500 0.398693 0.011555 0.057890
