4 0.627626 0.591503 0.069328 0.169001
4 0.554622 0.252568 0.038866 0.088702
5 0.543855 0.019141 0.025735 0.038282
4 0.670431 0.382820 0.062500 0.104575
4 0.368172 0.383287 0.050420 0.124183
4 0.462185 0.293184 0.039916 0.115780
1 0.703519 0.393091 0.018382 0.063492
1 0.305147 0.664799 0.013655 0.084034
1 0.299107 0.640990 0.011029 0.060691
4 0.382090 0.066293 0.038340 0.078431
4 0.477679 0.125117 0.032038 0.078431
5 0.048057 0.622316 0.090861 0.163399
4 0.105830 0.464519 0.077206 0.140990
4 0.867384 0.325397 0.063550 0.094304
6 0.792805 0.116246 0.090861 0.193277
4 0.230830 0.127451 0.040441 0.079365
4 0.262868 0.038749 0.039391 0.062558
2 0.236082 0.232493 0.016282 0.046685
3 0.236345 0.247899 0.016807 0.045752
4 0.077994 0.269374 0.102416 0.071895
4 0.139443 0.044351 0.053046 0.075630
5 0.862132 0.035481 0.033088 0.070962
1 0.233981 0.476657 0.015231 0.073763
