4 0.593225 0.867414 0.047794 0.104575
5 0.565914 0.625117 0.029937 0.068161
6 0.121586 0.920168 0.110819 0.155929
4 0.550945 0.541550 0.025210 0.044818
6 0.487920 0.851074 0.063025 0.187675
6 0.547532 0.467320 0.022584 0.038282
4 0.612658 0.557890 0.032038 0.043884
4 0.324317 0.498133 0.055147 0.042017
4 0.437237 0.487395 0.040441 0.046685
4 0.553046 0.435574 0.016807 0.027077
4 0.477679 0.454715 0.019433 0.035481
4 0.526523 0.396359 0.017332 0.027077
4 0.445903 0.412698 0.019958 0.031746
4 0.497637 0.421569 0.019433 0.036415
4 0.473739 0.402894 0.017857 0.030812
4 0.491334 0.380486 0.016282 0.027077
4 0.487132 0.321662 0.013130 0.021475
4 0.472952 0.336134 0.013130 0.022409
5 0.472164 0.348739 0.012605 0.028945
4 0.848214 0.767040 0.066176 0.081232
1 0.628414 0.558824 0.005777 0.038282
4 0.026261 0.871148 0.052521 0.104575
4 0.040704 0.770775 0.051996 0.109244
4 0.250788 0.512605 0.049895 0.050420
4 0.309611 0.466387 0.047794 0.038282
5 0.355567 0.371148 0.030462 0.032680
4 0.393908 0.427171 0.026261 0.034547
1 0.233981 0.848273 0.009979 0.058824
10 0.402574 0.622316 0.019433 0.042017
1 0.749737 0.639122 0.017332 0.040149
10 0.510767 0.497199 0.016282 0.034547
1 0.417805 0.597106 0.016282 0.036415
1 0.414128 0.555089 0.012080 0.045752
7 0.768120 0.593371 0.038340 0.034547
10 0.464548 0.575630 0.011029 0.042017
10 0.579569 0.516807 0.013130 0.047619
4 0.158351 0.667134 0.074055 0.060691
4 0.126838 0.789449 0.109769 0.066293
1 0.242910 0.466387 0.016282 0.028945
0 0.261292 0.430906 0.030987 0.042017
5 0.592174 0.460784 0.023634 0.055089
0 0.490284 0.164799 0.022584 0.040149
0 0.494485 0.208683 0.045693 0.028945
0 0.493960 0.232026 0.057248 0.023343
1 0.742384 0.579365 0.011029 0.042017
1 0.691702 0.494865 0.016807 0.041083
6 0.641019 0.475257 0.018382 0.054155
4 0.875788 0.695145 0.067752 0.049486
4 0.846376 0.637255 0.069853 0.064426
0 0.380515 0.274043 0.027836 0.049486
4 0.527048 0.303922 0.014181 0.027077
4 0.507090 0.271242 0.011029 0.017740
4 0.321691 0.406629 0.054097 0.032680
