4 0.565389 0.548086 0.036239 0.061625
4 0.556197 0.433240 0.026261 0.044818
5 0.519433 0.331933 0.016807 0.042017
4 0.510767 0.238562 0.014181 0.023343
6 0.500525 0.188142 0.010504 0.019608
4 0.703256 0.868347 0.048319 0.113912
4 0.523372 0.214286 0.016282 0.028945
4 0.507616 0.186275 0.017332 0.025210
4 0.413078 0.470121 0.030987 0.055089
4 0.475315 0.689076 0.039916 0.100840
5 0.585872 0.774510 0.041492 0.111111
4 0.456145 0.406629 0.022584 0.043884
4 0.454307 0.546218 0.031513 0.069094
5 0.417279 0.673669 0.038340 0.111111
5 0.421744 0.411298 0.024160 0.055089
5 0.834559 0.714286 0.085084 0.080299
4 0.051996 0.760971 0.103992 0.098973
4 0.176733 0.611578 0.081408 0.069094
5 0.281250 0.378618 0.054097 0.045752
4 0.325630 0.494865 0.034664 0.056022
1 0.868697 0.758637 0.017857 0.049486
10 0.518120 0.695145 0.016282 0.056956
10 0.548582 0.289916 0.014181 0.032680
7 0.305410 0.884687 0.065651 0.081232
10 0.305147 0.811858 0.044118 0.053221
1 0.158876 0.499066 0.016282 0.028945
0 0.113708 0.506536 0.060399 0.071895
1 0.197216 0.678338 0.013130 0.056956
1 0.216649 0.673669 0.014181 0.051354
5 0.644695 0.560691 0.034139 0.073763
0 0.484506 0.054622 0.022584 0.040149
0 0.486607 0.093838 0.045693 0.028945
0 0.487132 0.131653 0.056197 0.048553
1 0.646271 0.804388 0.015231 0.045752
1 0.829569 0.648459 0.017332 0.042017
1 0.775998 0.750233 0.017332 0.047619
6 0.728204 0.612045 0.027836 0.086835
10 0.945641 0.701681 0.030987 0.051354
7 0.323792 0.627918 0.062500 0.053221
1 0.535977 0.655929 0.015231 0.049486
1 0.550158 0.645658 0.014181 0.056956
1 0.940389 0.779178 0.020483 0.068161
1 0.909926 0.675537 0.014181 0.042017
1 0.929884 0.655929 0.014181 0.047619
0 0.335347 0.203548 0.027836 0.048553
4 0.282826 0.334734 0.016282 0.036415
1 0.646534 0.361811 0.006303 0.053221
1 0.654674 0.357610 0.007878 0.039216
1 0.661502 0.359944 0.011029 0.045752
1 0.307511 0.310458 0.011029 0.038282
1 0.321166 0.302054 0.013130 0.032680
10 0.538603 0.224556 0.007878 0.021475
6 0.829307 0.885621 0.125000 0.211951
4 0.236870 0.448179 0.055672 0.054155
10 0.423057 0.300654 0.007878 0.031746
10 0.450893 0.271242 0.007878 0.021475
1 0.761555 0.638189 0.011555 0.051354
1 0.750525 0.642857 0.013655 0.047619
7 0.311975 0.575630 0.024160 0.051354
5 0.358718 0.197479 0.032563 0.034547
