4 0.644695 0.729692 0.077206 0.211951
4 0.548582 0.342204 0.045693 0.107376
5 0.451418 0.595238 0.044643 0.191410
5 0.541229 0.038749 0.027836 0.066293
4 0.062763 0.580299 0.099265 0.185808
4 0.467700 0.151727 0.036239 0.096172
4 0.619485 0.127451 0.047794 0.060691
4 0.425945 0.016807 0.031513 0.033613
1 0.628939 0.115313 0.009979 0.028945
7 0.408876 0.169001 0.023634 0.065359
2 0.408088 0.166200 0.011555 0.041083
1 0.357931 0.258637 0.012080 0.057890
1 0.354517 0.246499 0.008403 0.056022
2 0.407826 0.164799 0.011029 0.043884
5 0.185924 0.233894 0.043067 0.081232
4 0.209559 0.170401 0.048319 0.088702
4 0.759716 0.095705 0.041492 0.056956
1 0.977416 0.625117 0.025210 0.066293
1 0.951155 0.598506 0.030462 0.078431
4 0.076418 0.150327 0.073004 0.069094
3 0.026523 0.282446 0.022584 0.058824
2 0.027574 0.276377 0.021534 0.056022
3 0.046481 0.255369 0.015231 0.038282
2 0.045956 0.243231 0.017332 0.045752
1 0.302258 0.175070 0.015231 0.060691
7 0.316439 0.355275 0.038340 0.098039
5 0.015231 0.501867 0.030462 0.084967
