4 0.569328 0.669935 0.036765 0.070028
4 0.560662 0.569094 0.028887 0.051354
5 0.539653 0.470121 0.021534 0.045752
4 0.516019 0.380019 0.018382 0.028011
6 0.501838 0.307656 0.013130 0.021475
4 0.622637 0.638189 0.039391 0.055089
4 0.157300 0.549020 0.064601 0.046685
4 0.524422 0.328198 0.013130 0.021475
4 0.288340 0.563959 0.061975 0.044818
4 0.427784 0.438842 0.022584 0.039216
4 0.471376 0.610644 0.033088 0.074697
4 0.467962 0.497199 0.025210 0.045752
4 0.480042 0.446312 0.021008 0.037348
5 0.569328 0.924370 0.049370 0.123249
4 0.469800 0.372549 0.016282 0.029879
4 0.465861 0.400560 0.017857 0.031746
5 0.455095 0.422502 0.018382 0.043884
5 0.433036 0.382353 0.016282 0.034547
4 0.940126 0.951914 0.092437 0.092437
1 0.638918 0.640056 0.014181 0.045752
4 0.183298 0.581699 0.055672 0.057890
4 0.262080 0.514472 0.054622 0.046685
5 0.324055 0.386555 0.043067 0.033613
4 0.365546 0.458917 0.028361 0.036415
1 0.162027 0.913632 0.009979 0.058824
10 0.362658 0.739029 0.019433 0.053221
1 0.746586 0.638189 0.017332 0.040149
10 0.507090 0.562558 0.016282 0.034547
1 0.377889 0.708217 0.016282 0.053221
1 0.363708 0.686741 0.012080 0.045752
7 0.813025 0.693744 0.049370 0.048553
10 0.559874 0.403828 0.012605 0.040149
4 0.046481 0.840336 0.085609 0.082166
7 0.028099 0.942577 0.035189 0.060691
10 0.429884 0.560691 0.012080 0.043884
1 0.228992 0.473856 0.007353 0.028945
0 0.212973 0.460784 0.030987 0.042017
5 0.596639 0.488796 0.024160 0.055089
0 0.487132 0.131186 0.022584 0.040149
0 0.490284 0.178805 0.045693 0.028945
0 0.490809 0.202614 0.057248 0.024276
1 0.798582 0.664332 0.011029 0.042017
1 0.621586 0.604575 0.015231 0.045752
1 0.721376 0.547152 0.016282 0.041083
6 0.655200 0.528011 0.020483 0.073763
7 0.370011 0.529879 0.040441 0.043884
4 0.909926 0.760504 0.069853 0.064426
1 0.520746 0.550420 0.013130 0.043884
1 0.529937 0.537815 0.011555 0.052288
0 0.350578 0.274977 0.027836 0.049486
4 0.320641 0.349673 0.016282 0.036415
4 0.512868 0.243231 0.014181 0.027077
10 0.541229 0.313259 0.007878 0.021475
10 0.502889 0.263772 0.007878 0.021475
4 0.287027 0.436508 0.056197 0.032680
1 0.672006 0.556956 0.009979 0.040149
1 0.681197 0.544351 0.013655 0.041083
