4 0.595588 0.829599 0.046218 0.098039
5 0.570116 0.620448 0.028887 0.070028
4 0.559611 0.542017 0.024685 0.043884
6 0.540704 0.450047 0.022584 0.039216
4 0.628151 0.588702 0.036765 0.045752
4 0.272321 0.520075 0.054097 0.044818
4 0.417279 0.516807 0.049895 0.047619
4 0.554097 0.427171 0.016807 0.027077
4 0.477416 0.483193 0.022059 0.040149
4 0.525735 0.383754 0.016807 0.026144
4 0.445903 0.425770 0.022059 0.035481
4 0.500788 0.443978 0.021534 0.040149
4 0.476366 0.420635 0.018908 0.032680
4 0.493172 0.396825 0.016807 0.028011
4 0.486082 0.337068 0.013130 0.022409
4 0.474002 0.353408 0.013130 0.025210
5 0.471113 0.366013 0.013655 0.031746
5 0.474002 0.312792 0.011029 0.026144
4 0.893382 0.835201 0.076681 0.098039
1 0.639181 0.591503 0.010504 0.038282
4 0.237658 0.541550 0.053046 0.050420
4 0.302784 0.487862 0.050945 0.043884
5 0.352153 0.380486 0.030987 0.032680
4 0.391019 0.441643 0.026786 0.035481
1 0.214548 0.908964 0.009979 0.058824
10 0.402048 0.667134 0.019433 0.042017
1 0.766019 0.667134 0.017332 0.040149
10 0.516019 0.524276 0.016282 0.034547
1 0.414653 0.636788 0.016282 0.041083
1 0.412553 0.587768 0.012080 0.045752
7 0.794905 0.627918 0.038340 0.034547
10 0.457721 0.664332 0.011029 0.042017
10 0.583771 0.510271 0.013130 0.047619
4 0.131303 0.719888 0.094538 0.080299
4 0.090599 0.871615 0.109769 0.066293
7 0.136817 0.805322 0.025735 0.055089
0 0.077468 0.797852 0.058298 0.064426
10 0.452468 0.485994 0.012080 0.043884
1 0.240284 0.484127 0.016282 0.028945
0 0.250788 0.449580 0.030987 0.042017
5 0.602679 0.478525 0.023634 0.055089
0 0.489758 0.160131 0.022584 0.040149
0 0.493960 0.204015 0.045693 0.028945
0 0.493435 0.227358 0.057248 0.023343
1 0.770746 0.612045 0.011029 0.042017
1 0.710347 0.514006 0.017332 0.042017
6 0.655725 0.501867 0.020483 0.073763
4 0.914653 0.741830 0.067752 0.049486
4 0.879989 0.678338 0.069853 0.064426
0 0.377363 0.278711 0.027836 0.049486
4 0.344800 0.347806 0.016282 0.036415
4 0.528099 0.299253 0.014181 0.027077
4 0.509716 0.266573 0.011029 0.017740
10 0.559086 0.370215 0.007878 0.028945
10 0.529937 0.316993 0.008403 0.021475
4 0.315914 0.420635 0.056197 0.032680
4 0.024685 0.492530 0.048319 0.043884
5 0.018382 0.530812 0.036765 0.051354
