4 0.561712 0.483193 0.035189 0.060691
4 0.555672 0.370215 0.025210 0.043884
5 0.519170 0.267974 0.015231 0.037348
4 0.511817 0.185341 0.013130 0.021475
4 0.715336 0.861345 0.050420 0.126050
4 0.523634 0.163399 0.015756 0.026144
4 0.412553 0.432306 0.030987 0.059757
4 0.476628 0.713352 0.044643 0.119514
5 0.590861 0.703548 0.039916 0.105509
4 0.457195 0.372549 0.023634 0.044818
4 0.451943 0.538749 0.034139 0.074697
5 0.410189 0.705415 0.043067 0.126050
5 0.421744 0.369281 0.024160 0.058824
5 0.830357 0.695145 0.090336 0.086835
4 0.051471 0.749300 0.102941 0.109244
4 0.167279 0.581232 0.086660 0.073763
5 0.276786 0.341737 0.054622 0.044818
4 0.321166 0.467320 0.035189 0.056956
1 0.882616 0.738095 0.017332 0.040149
10 0.521271 0.690476 0.016282 0.056956
10 0.549895 0.234827 0.013655 0.034547
7 0.301208 0.886555 0.065651 0.081232
10 0.297006 0.801587 0.044643 0.053221
1 0.148897 0.460784 0.016282 0.040149
0 0.102679 0.487862 0.068803 0.079365
1 0.181723 0.671335 0.013655 0.056022
1 0.203519 0.667600 0.014181 0.057890
5 0.652574 0.531746 0.043592 0.073763
0 0.484506 0.035948 0.022584 0.040149
0 0.485557 0.073296 0.045693 0.028945
0 0.486870 0.102708 0.056723 0.028011
1 0.655725 0.793184 0.015231 0.045752
1 0.849527 0.629785 0.017332 0.042017
1 0.790704 0.735294 0.017332 0.047619
6 0.738183 0.600373 0.033088 0.098973
10 0.945641 0.701681 0.030987 0.051354
7 0.319065 0.600840 0.062500 0.053221
1 0.539128 0.636321 0.015231 0.049486
1 0.553309 0.618581 0.014181 0.056956
1 0.960347 0.766106 0.020483 0.068161
1 0.929359 0.651261 0.014181 0.042017
1 0.952468 0.643791 0.014181 0.047619
0 0.336922 0.165733 0.027836 0.049486
4 0.277048 0.288982 0.016282 0.036415
1 0.727679 0.277778 0.007878 0.038282
1 0.652048 0.310458 0.006828 0.053221
1 0.658876 0.311391 0.007878 0.040149
1 0.666754 0.314192 0.011029 0.045752
1 0.302258 0.261905 0.011029 0.038282
1 0.311712 0.257236 0.013130 0.032680
6 0.845851 0.892157 0.127626 0.211951
4 0.229517 0.424837 0.055672 0.054155
10 0.421481 0.278245 0.007878 0.031746
10 0.450893 0.253035 0.007878 0.024276
1 0.771008 0.625117 0.011555 0.051354
1 0.761555 0.630719 0.013655 0.047619
7 0.305935 0.551821 0.025735 0.052288
5 0.357668 0.154062 0.032563 0.035481
