4 0.593750 0.802988 0.046744 0.095238
4 0.559874 0.668534 0.031513 0.063492
5 0.556197 0.549953 0.023109 0.056022
4 0.538078 0.473389 0.022584 0.037348
6 0.510504 0.366013 0.014706 0.028011
4 0.622637 0.620915 0.041492 0.050420
4 0.280987 0.545752 0.060924 0.045752
4 0.536502 0.376751 0.015231 0.025210
4 0.424895 0.541550 0.051471 0.046685
4 0.512080 0.335668 0.013655 0.021475
4 0.433824 0.438842 0.022059 0.037348
4 0.487920 0.496732 0.025210 0.050420
4 0.469538 0.454715 0.021008 0.037348
4 0.484769 0.420168 0.017857 0.033613
4 0.476103 0.363212 0.015231 0.026144
4 0.466912 0.382820 0.012605 0.029879
5 0.460084 0.397759 0.014706 0.039216
5 0.455095 0.349673 0.014181 0.028945
4 0.915179 0.913165 0.086660 0.115780
1 0.633141 0.620448 0.014181 0.040149
4 0.203782 0.568161 0.051471 0.056956
4 0.278624 0.507937 0.054097 0.046685
5 0.334296 0.390289 0.039391 0.033613
4 0.374212 0.457983 0.025735 0.036415
1 0.175683 0.919234 0.009979 0.058824
10 0.375788 0.704482 0.019433 0.042017
1 0.752363 0.646592 0.017332 0.040149
10 0.509191 0.550420 0.016282 0.034547
1 0.393120 0.682073 0.016282 0.053221
1 0.385767 0.627918 0.012080 0.045752
7 0.802784 0.662465 0.038340 0.034547
10 0.571691 0.458917 0.013130 0.047619
4 0.075368 0.789449 0.096113 0.081232
4 0.043330 0.959384 0.086660 0.066293
7 0.074317 0.875350 0.029937 0.056956
0 0.022584 0.875350 0.045168 0.064426
10 0.438813 0.514006 0.012080 0.043884
1 0.233456 0.484127 0.016282 0.028945
0 0.226103 0.462652 0.030987 0.042017
5 0.597689 0.487862 0.023109 0.055089
0 0.488183 0.144258 0.022584 0.040149
0 0.491859 0.190009 0.045693 0.028945
0 0.491859 0.213819 0.057248 0.024276
1 0.789128 0.642857 0.011029 0.042017
1 0.712973 0.533613 0.017332 0.042017
6 0.653624 0.520542 0.020483 0.073763
7 0.379989 0.520542 0.040441 0.043884
4 0.939338 0.798786 0.079307 0.066293
4 0.893645 0.719421 0.069853 0.064426
1 0.523897 0.541083 0.015231 0.049486
1 0.531250 0.523343 0.014181 0.056956
0 0.352679 0.285247 0.027836 0.049486
4 0.330095 0.352474 0.016282 0.036415
4 0.517069 0.270308 0.014181 0.027077
4 0.500788 0.243231 0.011029 0.017740
10 0.548582 0.346872 0.007878 0.028945
10 0.517069 0.293651 0.007878 0.021475
4 0.295956 0.433707 0.056197 0.032680
