4 0.700105 0.916433 0.091387 0.163399
4 0.468487 0.663399 0.064076 0.206349
4 0.569590 0.483193 0.054097 0.133520
5 0.465336 0.265173 0.033613 0.119514
5 0.553834 0.097572 0.033088 0.073763
4 0.059349 0.602708 0.103992 0.193277
4 0.118960 0.447712 0.082458 0.148459
4 0.469800 0.020075 0.027836 0.040149
4 0.607405 0.077498 0.039391 0.056022
7 0.426208 0.029412 0.016282 0.051354
2 0.426471 0.025677 0.010504 0.040149
1 0.367647 0.190943 0.010504 0.056956
1 0.363183 0.183473 0.007878 0.056956
2 0.427258 0.014472 0.012080 0.028945
5 0.217437 0.164332 0.038866 0.069094
4 0.237920 0.112512 0.042017 0.077498
4 0.743435 0.047619 0.037290 0.052288
1 0.947742 0.516340 0.020483 0.065359
1 0.926471 0.495331 0.027311 0.070028
4 0.110557 0.096639 0.064601 0.064426
1 0.034926 0.198413 0.014181 0.062558
3 0.040704 0.221289 0.033088 0.042951
3 0.073529 0.205415 0.015756 0.056022
2 0.071166 0.200747 0.026786 0.054155
3 0.090599 0.181606 0.016282 0.038282
2 0.090861 0.173669 0.013655 0.044818
1 0.057511 0.327264 0.019433 0.070028
1 0.323267 0.117647 0.015231 0.059757
7 0.334034 0.271709 0.037815 0.097106
5 0.043067 0.373016 0.086134 0.084967
