4 0.597164 0.844538 0.047269 0.101774
5 0.571166 0.626984 0.029937 0.071895
4 0.557511 0.543417 0.024685 0.042951
6 0.543855 0.456116 0.023634 0.038282
4 0.625000 0.581699 0.035714 0.046685
4 0.286502 0.514006 0.054097 0.045752
4 0.423319 0.509804 0.048319 0.046685
4 0.554622 0.430906 0.016807 0.027077
4 0.478204 0.475257 0.021534 0.039216
4 0.526523 0.387955 0.017332 0.027077
4 0.445903 0.422502 0.022059 0.034547
4 0.500263 0.437908 0.020483 0.039216
4 0.476103 0.415966 0.018382 0.030812
4 0.493172 0.393091 0.016807 0.028011
4 0.486607 0.332866 0.013130 0.021475
4 0.474002 0.349206 0.013130 0.024276
5 0.471376 0.361345 0.013130 0.031746
5 0.475053 0.308590 0.011029 0.025210
4 0.882878 0.818394 0.074580 0.094304
1 0.636555 0.582166 0.009454 0.038282
4 0.017595 0.830532 0.034139 0.120448
4 0.241071 0.535481 0.052521 0.049486
4 0.303571 0.481793 0.051471 0.041083
5 0.352941 0.377684 0.030462 0.032680
4 0.391807 0.436975 0.026261 0.035481
1 0.219800 0.894024 0.009979 0.058824
10 0.402574 0.655929 0.019433 0.042017
1 0.762868 0.662465 0.017332 0.040149
10 0.514968 0.517740 0.016282 0.034547
1 0.416229 0.628852 0.016282 0.036415
1 0.414128 0.579365 0.012080 0.045752
7 0.788603 0.622316 0.038340 0.034547
10 0.461922 0.637255 0.011029 0.042017
10 0.582721 0.514006 0.013130 0.047619
4 0.138918 0.704949 0.088761 0.074697
4 0.100053 0.849206 0.109769 0.066293
7 0.143645 0.787582 0.025735 0.055089
0 0.086397 0.778711 0.058298 0.063492
1 0.241334 0.478525 0.016282 0.028945
0 0.252889 0.444911 0.030987 0.042017
5 0.600578 0.474790 0.023634 0.055089
0 0.489758 0.161064 0.022584 0.040149
0 0.493960 0.204949 0.045693 0.028945
0 0.493435 0.228758 0.057248 0.024276
1 0.763918 0.605509 0.011029 0.042017
1 0.706670 0.508403 0.017332 0.042017
6 0.652574 0.498133 0.020483 0.073763
4 0.906775 0.730626 0.067752 0.049486
4 0.871061 0.668067 0.069853 0.064426
0 0.377889 0.277778 0.027836 0.049486
4 0.345851 0.345938 0.016282 0.036415
4 0.528099 0.300187 0.014181 0.027077
4 0.509191 0.267507 0.011029 0.017740
10 0.559349 0.371148 0.008403 0.028945
10 0.529937 0.317927 0.008403 0.021475
4 0.317489 0.416900 0.056197 0.032680
4 0.028887 0.485061 0.054622 0.043884
5 0.021534 0.524276 0.043067 0.051354
