4 0.638393 0.949113 0.060399 0.099907
4 0.583508 0.772642 0.042017 0.084967
5 0.566439 0.596172 0.026786 0.060691
4 0.559349 0.529412 0.023109 0.041083
6 0.526523 0.415966 0.018382 0.030812
4 0.632090 0.610177 0.039391 0.049486
4 0.212447 0.533147 0.051996 0.041083
4 0.386029 0.537815 0.047269 0.046685
4 0.549107 0.409897 0.016282 0.026144
4 0.469275 0.510271 0.027836 0.043884
4 0.521271 0.366947 0.015231 0.024276
4 0.443015 0.435574 0.021534 0.036415
4 0.499737 0.465453 0.022584 0.043884
4 0.476366 0.436508 0.019958 0.034547
4 0.492384 0.408964 0.017332 0.031746
4 0.483456 0.350607 0.014181 0.025210
4 0.472952 0.367880 0.013130 0.026144
5 0.469275 0.381886 0.014181 0.035481
5 0.468750 0.328198 0.012080 0.027077
4 0.917017 0.882820 0.084034 0.109244
1 0.642332 0.608310 0.013655 0.040149
4 0.224790 0.562092 0.052521 0.050420
4 0.292805 0.504202 0.055147 0.046685
5 0.345588 0.389823 0.033613 0.030812
4 0.386029 0.453315 0.026261 0.036415
1 0.195641 0.931373 0.009979 0.058824
10 0.396796 0.695145 0.019433 0.042017
1 0.767595 0.663399 0.017332 0.040149
10 0.516544 0.542951 0.016282 0.034547
1 0.408351 0.665266 0.016282 0.053221
1 0.404149 0.612045 0.012080 0.045752
7 0.805410 0.649393 0.038340 0.034547
10 0.438288 0.801587 0.013130 0.055089
10 0.581145 0.498133 0.013130 0.047619
4 0.105305 0.768908 0.096113 0.081232
4 0.065651 0.922969 0.105042 0.066293
7 0.111082 0.852941 0.025735 0.055089
0 0.042279 0.850140 0.058298 0.064426
10 0.449842 0.500000 0.012080 0.043884
1 0.237658 0.490663 0.016282 0.028945
0 0.241334 0.459851 0.030987 0.042017
5 0.604254 0.486928 0.023634 0.055089
0 0.489233 0.153595 0.022584 0.040149
0 0.492910 0.198413 0.045693 0.028945
0 0.492910 0.222222 0.057248 0.024276
1 0.790704 0.636321 0.011029 0.042017
1 0.716649 0.532680 0.017332 0.042017
6 0.656775 0.513072 0.020483 0.073763
4 0.935399 0.777311 0.070378 0.053221
4 0.895221 0.709150 0.069853 0.064426
10 0.820641 0.863212 0.022584 0.077498
0 0.375788 0.281513 0.027836 0.049486
4 0.337973 0.358077 0.016282 0.036415
4 0.524422 0.289916 0.014181 0.027077
4 0.504989 0.259104 0.011029 0.017740
10 0.556985 0.365546 0.007878 0.028945
10 0.527574 0.309524 0.007878 0.021475
4 0.308561 0.432773 0.056197 0.032680
4 0.015494 0.509337 0.030987 0.043884
