4 0.565914 0.555556 0.036239 0.061625
4 0.556197 0.437908 0.026261 0.044818
5 0.519433 0.334267 0.016807 0.041083
4 0.510504 0.241363 0.013655 0.023343
6 0.500263 0.194678 0.009979 0.019608
4 0.700893 0.861811 0.047794 0.112045
4 0.522847 0.220822 0.016282 0.028945
4 0.508141 0.189076 0.017332 0.025210
4 0.413078 0.469188 0.030987 0.055089
4 0.475053 0.680205 0.039391 0.098039
5 0.584821 0.777311 0.041492 0.111111
4 0.455620 0.404762 0.022584 0.043884
4 0.454569 0.540149 0.030987 0.068161
5 0.418330 0.662932 0.037290 0.108310
5 0.421744 0.410364 0.024160 0.055089
5 0.835347 0.714286 0.084559 0.078431
4 0.054097 0.755836 0.102941 0.098039
4 0.178571 0.609711 0.080882 0.069094
5 0.282038 0.383287 0.053571 0.045752
4 0.326155 0.499533 0.034664 0.056022
1 0.865809 0.760037 0.017332 0.044818
10 0.517595 0.696078 0.016282 0.056956
10 0.548319 0.294118 0.013655 0.035481
7 0.306460 0.884687 0.065651 0.081232
10 0.306197 0.811391 0.043067 0.052288
1 0.160977 0.505602 0.016282 0.028945
0 0.115546 0.509337 0.058824 0.070028
1 0.199317 0.675537 0.013130 0.056956
1 0.218225 0.669935 0.014181 0.051354
5 0.643382 0.565359 0.032563 0.073763
0 0.484506 0.057423 0.022584 0.040149
0 0.486607 0.097572 0.045693 0.028945
0 0.487132 0.137255 0.056197 0.054155
1 0.644695 0.801587 0.015231 0.045752
1 0.826943 0.647526 0.017332 0.042017
1 0.773372 0.747432 0.017332 0.047619
6 0.726628 0.614846 0.026786 0.084967
10 0.945641 0.701681 0.030987 0.051354
7 0.324842 0.632586 0.062500 0.053221
1 0.535452 0.659664 0.015231 0.049486
1 0.549632 0.650327 0.014181 0.056956
1 0.936712 0.776377 0.020483 0.068161
1 0.907300 0.675537 0.014181 0.042017
1 0.925683 0.659664 0.014181 0.047619
0 0.334034 0.207283 0.027311 0.048553
4 0.283351 0.333800 0.016282 0.036415
1 0.645483 0.366480 0.006303 0.053221
1 0.653887 0.363212 0.007353 0.039216
1 0.661502 0.364613 0.011029 0.045752
1 0.308561 0.309991 0.011029 0.037348
1 0.321954 0.303922 0.012605 0.032680
10 0.538603 0.226424 0.007878 0.021475
6 0.826155 0.881419 0.122899 0.209150
4 0.237920 0.450980 0.055672 0.054155
10 0.423057 0.304388 0.007878 0.031746
10 0.450893 0.274043 0.007878 0.021475
1 0.760504 0.638189 0.011555 0.051354
1 0.748424 0.641923 0.013655 0.047619
7 0.312763 0.573763 0.023634 0.051354
5 0.359244 0.202148 0.032563 0.034547
