4 0.573267 0.654062 0.036239 0.068161
4 0.564338 0.543884 0.028887 0.049486
5 0.535189 0.438375 0.019958 0.042017
4 0.514443 0.349673 0.015231 0.027077
6 0.503151 0.286648 0.010504 0.020542
4 0.633929 0.669468 0.034664 0.063492
4 0.094538 0.565359 0.053571 0.049486
4 0.523634 0.308590 0.012605 0.019608
4 0.224265 0.579365 0.066176 0.049486
4 0.508666 0.269374 0.017332 0.025210
4 0.427258 0.442577 0.024685 0.042951
4 0.473214 0.763772 0.046218 0.117647
4 0.468225 0.540149 0.028887 0.056956
4 0.481880 0.469188 0.024685 0.043884
5 0.569065 0.864146 0.046744 0.114846
4 0.468487 0.375350 0.018908 0.033613
4 0.469275 0.415966 0.019433 0.036415
5 0.452468 0.442110 0.020483 0.051354
5 0.429097 0.393557 0.016807 0.038282
1 0.665441 0.671802 0.011555 0.049486
4 0.163078 0.602241 0.056197 0.061625
4 0.251050 0.524743 0.059874 0.046685
5 0.318277 0.387488 0.043067 0.035481
4 0.361607 0.465453 0.029937 0.042017
10 0.350053 0.795051 0.019433 0.060691
1 0.764181 0.651261 0.016807 0.047619
10 0.508666 0.579365 0.016282 0.034547
1 0.371061 0.747432 0.016282 0.053221
1 0.353204 0.754902 0.012080 0.045752
7 0.844275 0.736228 0.053046 0.060691
10 0.554884 0.380019 0.012080 0.041083
10 0.422532 0.627451 0.012080 0.050420
7 0.364496 0.673203 0.048319 0.048553
1 0.219275 0.481326 0.016282 0.028945
0 0.196954 0.474790 0.031513 0.043884
5 0.605830 0.501867 0.024685 0.055089
0 0.486607 0.125584 0.022584 0.040149
0 0.489758 0.173203 0.045693 0.028945
0 0.490284 0.197479 0.057248 0.025210
1 0.827994 0.711951 0.011029 0.042017
1 0.622111 0.627918 0.015231 0.045752
1 0.737132 0.569094 0.017332 0.042017
6 0.667805 0.545752 0.020483 0.073763
7 0.363445 0.545752 0.044118 0.043884
4 0.957721 0.809991 0.082458 0.071895
1 0.519695 0.572362 0.015231 0.048553
1 0.532038 0.558357 0.013655 0.056022
0 0.349002 0.276844 0.027836 0.049486
4 0.316439 0.348739 0.016282 0.036415
4 0.513393 0.223156 0.009979 0.024276
10 0.540179 0.301120 0.007878 0.021475
10 0.498687 0.247899 0.007878 0.021475
4 0.279149 0.443511 0.056197 0.037348
10 0.433824 0.340336 0.009454 0.021475
10 0.454569 0.290383 0.007878 0.018674
1 0.686450 0.580299 0.011555 0.040149
1 0.689863 0.563025 0.014181 0.041083
7 0.352416 0.510271 0.017857 0.032680
