4 0.614496 0.881419 0.052521 0.113912
4 0.570116 0.719888 0.037290 0.074697
5 0.561712 0.574697 0.023634 0.058824
4 0.550420 0.506069 0.025210 0.039216
6 0.517595 0.391223 0.016282 0.031746
4 0.628151 0.618581 0.039916 0.049486
4 0.164916 0.536881 0.049370 0.041083
4 0.323267 0.549020 0.047794 0.042951
4 0.542805 0.394024 0.015231 0.024276
4 0.454044 0.529412 0.037290 0.046685
4 0.516282 0.352474 0.014706 0.023343
4 0.437763 0.439776 0.021534 0.037348
4 0.495011 0.481793 0.023634 0.046685
4 0.473214 0.447712 0.021008 0.036415
4 0.488445 0.415966 0.017857 0.032680
4 0.479779 0.357610 0.015231 0.026144
4 0.469538 0.376284 0.012605 0.028011
5 0.465336 0.392624 0.014706 0.040149
5 0.461660 0.338936 0.012605 0.026144
4 0.919643 0.904762 0.088235 0.113912
1 0.639443 0.618581 0.014181 0.040149
4 0.212973 0.567227 0.051996 0.055089
4 0.284664 0.509337 0.054622 0.047619
5 0.339286 0.389823 0.036765 0.030812
4 0.380515 0.457983 0.025735 0.036415
1 0.180410 0.938842 0.009979 0.058824
10 0.386817 0.701681 0.019433 0.042017
1 0.763393 0.660598 0.017332 0.040149
10 0.513393 0.549486 0.016282 0.034547
1 0.400998 0.674603 0.016282 0.053221
1 0.396271 0.620448 0.012080 0.045752
7 0.805410 0.659664 0.038340 0.034547
10 0.416754 0.954715 0.013130 0.056956
10 0.575893 0.483193 0.013130 0.047619
4 0.091124 0.791317 0.096113 0.081232
4 0.049632 0.951914 0.099265 0.066293
7 0.090074 0.867880 0.025735 0.055089
0 0.026261 0.874416 0.051471 0.064426
10 0.443015 0.511204 0.012080 0.043884
1 0.235032 0.490663 0.016282 0.028945
0 0.232405 0.465453 0.030987 0.042017
5 0.601103 0.494398 0.023634 0.055089
0 0.488708 0.148926 0.022584 0.040149
0 0.492384 0.194678 0.045693 0.028945
0 0.492384 0.218487 0.057248 0.024276
1 0.790704 0.645658 0.011029 0.042017
1 0.715074 0.532680 0.017332 0.042017
6 0.655725 0.520542 0.020483 0.073763
4 0.938025 0.792250 0.076681 0.062558
4 0.896271 0.720355 0.069853 0.064426
1 0.527574 0.538282 0.015231 0.049486
1 0.536765 0.523810 0.013655 0.056022
0 0.357405 0.288049 0.027836 0.049486
4 0.333246 0.359944 0.016282 0.036415
4 0.520221 0.281513 0.014181 0.027077
4 0.501838 0.251634 0.011029 0.017740
10 0.552784 0.356209 0.007878 0.028945
10 0.522847 0.301120 0.007878 0.021475
4 0.301733 0.435574 0.056197 0.032680
