4 0.582721 0.876284 0.047794 0.103641
5 0.559611 0.620448 0.027836 0.064426
6 0.204307 0.771242 0.080882 0.192344
4 0.540704 0.529879 0.025735 0.042017
6 0.482143 0.589636 0.038866 0.086835
6 0.540179 0.471055 0.018382 0.036415
4 0.589286 0.506069 0.024160 0.033613
4 0.402311 0.463585 0.038866 0.032680
4 0.456145 0.443044 0.025735 0.038282
4 0.548057 0.439776 0.015231 0.026144
4 0.478466 0.421102 0.015756 0.031746
4 0.526523 0.410364 0.017332 0.027077
4 0.447742 0.394491 0.017332 0.030812
4 0.494223 0.392624 0.017857 0.032680
4 0.471113 0.380486 0.017857 0.025210
4 0.489233 0.361345 0.014181 0.024276
5 0.948792 0.964986 0.064601 0.064426
1 0.664653 0.914566 0.013130 0.066293
4 0.774685 0.655929 0.047269 0.058824
1 0.610294 0.506069 0.008403 0.035481
5 0.045431 0.800187 0.090861 0.138189
4 0.055935 0.718487 0.061450 0.081232
4 0.110557 0.711018 0.057248 0.071895
4 0.034401 0.686741 0.062500 0.060691
4 0.126313 0.646125 0.039391 0.070962
5 0.281513 0.470121 0.040966 0.043884
4 0.327468 0.435574 0.044643 0.036415
0 0.044118 0.612045 0.084034 0.071895
1 0.277574 0.727824 0.009979 0.058824
10 0.415704 0.556956 0.019433 0.042017
1 0.711922 0.586835 0.017332 0.040149
10 0.505515 0.463585 0.016282 0.034547
1 0.423582 0.529879 0.016282 0.036415
1 0.418855 0.506536 0.012080 0.045752
7 0.722952 0.533613 0.038340 0.034547
10 0.468225 0.485061 0.011029 0.042017
10 0.566964 0.505602 0.013130 0.047619
4 0.211397 0.575630 0.074055 0.060691
4 0.195378 0.667134 0.070378 0.056956
0 0.281775 0.409430 0.030987 0.042017
5 0.577468 0.432773 0.023634 0.055089
0 0.490809 0.176937 0.022584 0.040149
0 0.495011 0.217087 0.045693 0.028945
0 0.494485 0.243231 0.057248 0.023343
1 0.697216 0.527077 0.011029 0.042017
4 0.802784 0.601774 0.055147 0.049486
0 0.393645 0.256303 0.027836 0.049486
4 0.527574 0.312325 0.014181 0.027077
4 0.507616 0.278711 0.011029 0.017740
