4 0.579307 0.658730 0.037815 0.068161
4 0.565914 0.532213 0.026786 0.046685
5 0.528099 0.424370 0.019433 0.040149
4 0.513393 0.334734 0.014181 0.023343
6 0.504464 0.280112 0.009979 0.018674
4 0.663078 0.777311 0.039391 0.084967
4 0.523372 0.302988 0.016282 0.028945
4 0.107405 0.647059 0.082458 0.050420
4 0.509716 0.264239 0.016282 0.024276
4 0.423319 0.483660 0.026261 0.046685
4 0.469013 0.702614 0.038866 0.090570
4 0.481355 0.565359 0.029937 0.058824
5 0.575893 0.865546 0.043592 0.112045
4 0.461922 0.415966 0.023634 0.034547
4 0.467700 0.483193 0.024685 0.045752
5 0.443277 0.530812 0.025210 0.064426
5 0.429884 0.436508 0.021534 0.045752
5 0.840336 0.675537 0.073529 0.062558
4 0.115809 0.690943 0.075105 0.070962
4 0.222952 0.590103 0.070903 0.057890
5 0.303834 0.416900 0.048845 0.038282
4 0.348477 0.510271 0.032038 0.043884
1 0.809611 0.729692 0.017332 0.040149
10 0.511817 0.654995 0.016282 0.038282
1 0.349527 0.884687 0.016282 0.053221
7 0.917279 0.866013 0.058298 0.064426
10 0.555410 0.373950 0.012080 0.030812
10 0.404149 0.835201 0.012080 0.062558
7 0.342700 0.786648 0.048845 0.049486
10 0.333246 0.731559 0.034139 0.047619
1 0.197216 0.521475 0.016282 0.028945
0 0.165966 0.524276 0.043067 0.060691
1 0.254989 0.614846 0.013130 0.056956
1 0.274160 0.617180 0.013655 0.050420
5 0.624212 0.557423 0.032038 0.054155
0 0.484506 0.119048 0.022584 0.040149
0 0.486607 0.163866 0.045693 0.028945
0 0.489496 0.201681 0.057773 0.044818
1 0.896796 0.814659 0.011029 0.042017
1 0.630515 0.729692 0.015231 0.045752
1 0.772321 0.629785 0.017332 0.042017
6 0.692489 0.597106 0.020483 0.073763
7 0.348477 0.612979 0.040441 0.043884
1 0.525473 0.637255 0.015231 0.049486
1 0.540179 0.620448 0.014181 0.056956
1 0.860557 0.730626 0.020483 0.068161
0 0.346376 0.278711 0.027836 0.049486
4 0.304359 0.370215 0.016282 0.036415
10 0.538078 0.302988 0.007878 0.021475
10 0.493435 0.246965 0.007878 0.021475
6 0.770746 0.788049 0.071954 0.147526
4 0.262868 0.479458 0.056197 0.040149
10 0.431723 0.361811 0.007353 0.030812
10 0.453519 0.318394 0.007878 0.018674
1 0.720588 0.636321 0.011555 0.047619
1 0.710872 0.622782 0.014181 0.041083
7 0.336397 0.567227 0.020483 0.043884
