4 0.627889 0.591503 0.069853 0.169001
4 0.555147 0.252568 0.038866 0.088702
5 0.544118 0.019141 0.025210 0.038282
4 0.671744 0.396359 0.061975 0.107376
4 0.365809 0.401961 0.050945 0.127918
4 0.461660 0.313259 0.040966 0.120448
1 0.707721 0.406162 0.018382 0.063492
1 0.302258 0.688609 0.014181 0.083100
1 0.295956 0.664799 0.011029 0.061625
4 0.381040 0.071895 0.038340 0.078431
4 0.477679 0.138189 0.033088 0.080299
5 0.044118 0.647526 0.084034 0.167134
4 0.099265 0.484127 0.079832 0.148459
4 0.873687 0.338469 0.065651 0.098039
6 0.796744 0.124650 0.093487 0.197012
4 0.228204 0.134921 0.041492 0.081232
4 0.260767 0.045285 0.040441 0.064426
2 0.231355 0.247432 0.016282 0.046685
3 0.231880 0.263305 0.017332 0.046685
4 0.074317 0.281513 0.102416 0.071895
4 0.136292 0.049953 0.054097 0.075630
5 0.865809 0.039683 0.034139 0.071895
1 0.229779 0.497666 0.015231 0.074697
