4 0.570116 0.667600 0.036239 0.069094
4 0.562500 0.563025 0.028361 0.050420
5 0.537815 0.463119 0.022059 0.044818
4 0.515231 0.373483 0.016807 0.028011
6 0.502626 0.305789 0.011555 0.021475
4 0.625000 0.654062 0.033613 0.058824
4 0.131565 0.560224 0.059349 0.046685
4 0.524422 0.326331 0.013130 0.023343
4 0.262342 0.575630 0.066702 0.049486
4 0.508403 0.290383 0.013655 0.024276
4 0.427521 0.446312 0.023109 0.039216
4 0.472164 0.666200 0.035714 0.088702
4 0.467962 0.517274 0.026261 0.050420
4 0.480567 0.460317 0.022059 0.039216
5 0.567752 0.897759 0.047269 0.116713
4 0.468487 0.378618 0.016807 0.030812
4 0.466649 0.411765 0.018382 0.033613
5 0.453782 0.434174 0.019958 0.046685
5 0.429359 0.393091 0.016282 0.035481
1 0.649160 0.654528 0.008403 0.048553
4 0.176733 0.591970 0.056197 0.059757
4 0.258141 0.522876 0.056197 0.046685
5 0.320903 0.391223 0.043067 0.033613
4 0.364233 0.466387 0.028887 0.040149
1 0.151523 0.937908 0.009979 0.058824
10 0.356880 0.761438 0.019433 0.060691
1 0.749737 0.643791 0.017332 0.040149
10 0.507616 0.570028 0.016282 0.034547
1 0.375788 0.720355 0.016282 0.053221
1 0.359506 0.710084 0.012080 0.045752
7 0.823004 0.706816 0.044118 0.039216
10 0.556460 0.397759 0.012080 0.033613
10 0.426733 0.579365 0.012080 0.043884
1 0.224790 0.473856 0.013655 0.028945
0 0.206145 0.466387 0.030987 0.042017
5 0.600578 0.493464 0.024685 0.055089
0 0.487132 0.128385 0.022584 0.040149
0 0.490284 0.176004 0.045693 0.028945
0 0.490809 0.200280 0.057248 0.025210
1 0.807511 0.678338 0.011029 0.042017
1 0.620536 0.612045 0.015231 0.045752
1 0.724527 0.558824 0.017332 0.042017
6 0.658351 0.537348 0.020483 0.073763
7 0.365809 0.539216 0.040441 0.043884
4 0.926208 0.781979 0.073004 0.066293
1 0.520221 0.559757 0.014181 0.045752
1 0.530725 0.546218 0.012080 0.054155
0 0.350053 0.275910 0.027836 0.049486
4 0.319065 0.349673 0.016282 0.036415
4 0.512868 0.233427 0.012080 0.026144
10 0.540704 0.314192 0.007878 0.021475
10 0.501838 0.263772 0.007878 0.021475
4 0.283876 0.439776 0.056197 0.033613
1 0.676733 0.566293 0.009979 0.040149
1 0.684611 0.551821 0.014181 0.041083
