4 0.595063 0.826331 0.046218 0.097106
5 0.569853 0.619048 0.029412 0.069094
4 0.559611 0.541550 0.024685 0.042951
6 0.539653 0.447712 0.022584 0.038282
4 0.628676 0.590570 0.036765 0.045752
4 0.268382 0.521008 0.053571 0.044818
4 0.415441 0.518207 0.049370 0.046685
4 0.553571 0.426237 0.016807 0.027077
4 0.477153 0.485061 0.022584 0.040149
4 0.525473 0.382820 0.016282 0.026144
4 0.445903 0.426704 0.022059 0.035481
4 0.500788 0.445378 0.021534 0.041083
4 0.476366 0.421569 0.018908 0.032680
4 0.493172 0.397759 0.016807 0.028011
4 0.485819 0.338002 0.013655 0.022409
4 0.474002 0.354342 0.013130 0.025210
5 0.471113 0.366947 0.013655 0.031746
5 0.473739 0.313725 0.011555 0.026144
4 0.896271 0.839402 0.077206 0.098973
1 0.639443 0.592437 0.011029 0.038282
4 0.236870 0.543417 0.052521 0.050420
4 0.302521 0.489262 0.050420 0.044818
5 0.351628 0.380952 0.030987 0.031746
4 0.391019 0.442577 0.026786 0.035481
1 0.213498 0.912698 0.009979 0.058824
10 0.401523 0.669001 0.019433 0.042017
1 0.766544 0.667134 0.017332 0.040149
10 0.516019 0.526144 0.016282 0.034547
1 0.414128 0.639122 0.016282 0.042017
1 0.412027 0.589636 0.012080 0.045752
7 0.796481 0.629785 0.038340 0.034547
10 0.457195 0.670868 0.011029 0.042017
10 0.583771 0.509337 0.013130 0.047619
4 0.129464 0.724090 0.096113 0.081232
4 0.088498 0.877218 0.109769 0.066293
7 0.134716 0.809057 0.025735 0.055089
0 0.074842 0.801587 0.058298 0.064426
10 0.452468 0.486928 0.012080 0.043884
1 0.240284 0.485061 0.016282 0.028945
0 0.250263 0.450514 0.030987 0.042017
5 0.602679 0.478525 0.023634 0.055089
0 0.489758 0.159197 0.022584 0.040149
0 0.493435 0.203081 0.045693 0.028945
0 0.493435 0.226891 0.057248 0.024276
1 0.772847 0.613912 0.011029 0.042017
1 0.711397 0.515873 0.017332 0.042017
6 0.656775 0.503735 0.020483 0.073763
4 0.916754 0.744631 0.067752 0.049486
4 0.881565 0.681139 0.069853 0.064426
0 0.377363 0.278711 0.027836 0.049486
4 0.344275 0.348739 0.016282 0.036415
4 0.528624 0.299253 0.014181 0.027077
4 0.510242 0.266573 0.011029 0.017740
10 0.558824 0.370215 0.008403 0.028945
10 0.529412 0.316060 0.008403 0.021475
4 0.315914 0.421569 0.056197 0.032680
4 0.023634 0.494398 0.047269 0.043884
5 0.017595 0.532680 0.035189 0.051354
