4 0.571954 0.699346 0.044118 0.108310
5 0.555672 0.450514 0.026261 0.071895
4 0.355042 0.738562 0.055672 0.154995
4 0.399160 0.901961 0.059874 0.192344
6 0.939601 0.830532 0.118697 0.312792
4 0.115546 0.879085 0.078782 0.180205
4 0.191439 0.689076 0.065651 0.125117
4 0.489758 0.618581 0.030987 0.112979
6 0.260504 0.489262 0.054622 0.149393
4 0.540179 0.355275 0.021534 0.053221
6 0.479517 0.339869 0.029412 0.070962
6 0.533876 0.298319 0.016282 0.045752
4 0.576418 0.311391 0.019433 0.045752
4 0.462973 0.246032 0.016282 0.043884
4 0.544905 0.271709 0.013130 0.035481
4 0.480567 0.229225 0.014706 0.038282
4 0.527836 0.244164 0.015756 0.036415
4 0.451681 0.213352 0.015756 0.038282
4 0.493435 0.211951 0.015231 0.028011
4 0.470588 0.194211 0.014706 0.037348
4 0.490284 0.177404 0.012080 0.028011
5 0.836134 0.649393 0.036765 0.103641
1 0.618172 0.590103 0.006303 0.056022
4 0.727153 0.422969 0.035189 0.059757
4 0.031775 0.694211 0.063550 0.109244
4 0.132090 0.612045 0.095063 0.068161
5 0.135504 0.506069 0.063025 0.110177
4 0.134716 0.453782 0.040441 0.065359
4 0.177521 0.450047 0.038866 0.057890
4 0.109244 0.436508 0.036765 0.047619
4 0.185399 0.404295 0.026261 0.059757
0 0.026786 0.478525 0.053571 0.120448
0 0.101628 0.381419 0.086660 0.071895
1 0.309611 0.477124 0.012080 0.057890
