4 0.571954 0.678805 0.037815 0.074697
4 0.560137 0.577965 0.028887 0.054155
5 0.544905 0.480859 0.022584 0.048553
4 0.521534 0.391690 0.018908 0.028945
6 0.505252 0.314659 0.012605 0.022409
4 0.622111 0.624183 0.040441 0.053221
4 0.186975 0.539216 0.066176 0.043884
4 0.528099 0.332866 0.013130 0.021475
4 0.327994 0.550887 0.048845 0.041083
4 0.430672 0.432773 0.022059 0.038282
4 0.475053 0.566293 0.030987 0.064426
4 0.469538 0.478992 0.024160 0.042951
4 0.482405 0.433240 0.019433 0.035481
5 0.575630 0.952848 0.052521 0.090570
4 0.471901 0.365079 0.016282 0.029879
4 0.465074 0.390289 0.017332 0.031746
5 0.457458 0.409897 0.017857 0.041083
5 0.436975 0.369748 0.017857 0.033613
4 0.927784 0.938375 0.091912 0.121382
1 0.635242 0.623249 0.014181 0.045752
4 0.190914 0.569561 0.053046 0.057890
4 0.267595 0.506069 0.054097 0.046685
5 0.325893 0.382820 0.041492 0.033613
4 0.368172 0.452381 0.028361 0.036415
1 0.168855 0.898693 0.009979 0.058824
10 0.369485 0.711951 0.019433 0.042017
1 0.746586 0.638189 0.017332 0.040149
10 0.506565 0.555089 0.016282 0.034547
1 0.379989 0.694211 0.016282 0.053221
1 0.368960 0.662465 0.012080 0.045752
7 0.806723 0.678805 0.047269 0.048553
10 0.563813 0.411298 0.013130 0.047619
4 0.053046 0.820728 0.089286 0.082166
7 0.046481 0.908030 0.035189 0.060691
10 0.432511 0.543884 0.012080 0.043884
1 0.230567 0.473856 0.008403 0.028945
0 0.217700 0.457049 0.030987 0.042017
5 0.595588 0.484127 0.024160 0.055089
0 0.487132 0.133987 0.022584 0.040149
0 0.490809 0.180672 0.045693 0.028945
0 0.490809 0.204949 0.057248 0.025210
1 0.792279 0.651261 0.011029 0.042017
1 0.625788 0.589636 0.015231 0.045752
1 0.717962 0.534547 0.014706 0.040149
6 0.653099 0.517740 0.020483 0.073763
7 0.374212 0.518674 0.040441 0.043884
4 0.948267 0.813725 0.084559 0.071895
4 0.899947 0.734360 0.069853 0.064426
1 0.521008 0.539216 0.012605 0.042017
1 0.528624 0.527544 0.011029 0.050420
0 0.351628 0.274977 0.027836 0.049486
4 0.322742 0.350607 0.016282 0.036415
4 0.513393 0.246032 0.014181 0.027077
10 0.542279 0.314192 0.007878 0.021475
10 0.504989 0.265640 0.007878 0.021475
4 0.290704 0.430906 0.056197 0.032680
1 0.667279 0.544818 0.009979 0.040149
1 0.677258 0.536881 0.013130 0.041083
