4 0.574842 0.654528 0.036239 0.067227
4 0.565126 0.543417 0.028361 0.048553
5 0.534664 0.435574 0.021008 0.042017
4 0.514443 0.347339 0.015231 0.026144
6 0.503151 0.286648 0.010504 0.020542
4 0.637605 0.682540 0.035714 0.065359
4 0.078519 0.572829 0.053046 0.047619
4 0.523897 0.302988 0.012080 0.017740
4 0.210347 0.589169 0.066702 0.046685
4 0.509716 0.267507 0.017332 0.025210
4 0.427258 0.448179 0.024685 0.042951
4 0.474002 0.822596 0.047794 0.130719
4 0.468487 0.556022 0.029412 0.060691
4 0.481880 0.479925 0.024685 0.044818
5 0.569853 0.860878 0.045168 0.112045
4 0.468225 0.380486 0.019433 0.034547
4 0.469538 0.424370 0.019958 0.038282
5 0.451681 0.453782 0.021008 0.054155
5 0.429622 0.400560 0.017857 0.039216
1 0.672269 0.685808 0.012605 0.049486
4 0.156513 0.613912 0.058824 0.062558
4 0.247111 0.534547 0.061450 0.049486
5 0.316702 0.389356 0.043067 0.035481
4 0.360032 0.468721 0.029937 0.042951
10 0.347952 0.812792 0.019433 0.060691
1 0.770746 0.659197 0.016282 0.046685
10 0.509191 0.589636 0.016282 0.034547
1 0.368435 0.765173 0.016282 0.053221
1 0.351103 0.772642 0.012080 0.045752
7 0.855305 0.752101 0.059349 0.064426
10 0.555410 0.382353 0.013130 0.047619
10 0.420431 0.649860 0.012080 0.054155
7 0.363183 0.685808 0.048845 0.049486
1 0.217174 0.485994 0.016282 0.028945
0 0.192489 0.482260 0.034139 0.047619
5 0.607668 0.509337 0.024160 0.055089
0 0.486607 0.124650 0.022584 0.040149
0 0.489758 0.172269 0.045693 0.028945
0 0.490284 0.196545 0.057248 0.025210
1 0.836922 0.727824 0.011029 0.042017
1 0.622637 0.645658 0.015231 0.045752
1 0.742384 0.573763 0.017332 0.042017
6 0.670956 0.548553 0.020483 0.073763
7 0.361870 0.555089 0.043067 0.043884
4 0.963235 0.832400 0.071429 0.075630
1 0.519695 0.577498 0.015231 0.049486
1 0.532300 0.562558 0.014181 0.056956
0 0.348477 0.276844 0.027836 0.049486
4 0.314863 0.350607 0.016282 0.036415
4 0.513393 0.222689 0.009979 0.023343
10 0.539653 0.301120 0.007878 0.021475
10 0.497637 0.247899 0.007878 0.021475
6 0.730305 0.692344 0.060399 0.126050
4 0.277574 0.444911 0.056197 0.038282
10 0.433824 0.344071 0.009454 0.021475
10 0.454569 0.293184 0.007878 0.018674
1 0.690126 0.585434 0.011555 0.039216
1 0.691964 0.567694 0.014181 0.041083
7 0.350578 0.515406 0.018382 0.033613
