4 0.595851 0.833333 0.046744 0.098039
5 0.570378 0.622316 0.029412 0.070028
4 0.559611 0.542951 0.024685 0.043884
6 0.542017 0.452848 0.023109 0.039216
4 0.627889 0.587768 0.036239 0.045752
4 0.276523 0.519141 0.054097 0.044818
4 0.419380 0.515873 0.049895 0.047619
4 0.554097 0.428105 0.016807 0.027077
4 0.477679 0.481326 0.022584 0.040149
4 0.525735 0.385154 0.016807 0.027077
4 0.445903 0.424837 0.022059 0.035481
4 0.500525 0.442110 0.021008 0.040149
4 0.476366 0.419234 0.018908 0.031746
4 0.493172 0.395892 0.016807 0.028011
4 0.486082 0.336134 0.013130 0.022409
4 0.474002 0.352474 0.013130 0.025210
5 0.471376 0.365079 0.013130 0.031746
5 0.474265 0.311858 0.011555 0.026144
4 0.891019 0.830999 0.076155 0.097106
1 0.639181 0.590570 0.010504 0.038282
4 0.238445 0.540149 0.052521 0.049486
4 0.302784 0.485994 0.050945 0.043884
5 0.352153 0.379552 0.030987 0.032680
4 0.391282 0.440710 0.026261 0.035481
1 0.216124 0.905229 0.009979 0.058824
10 0.402574 0.665266 0.019433 0.042017
1 0.765494 0.667134 0.017332 0.040149
10 0.515494 0.523343 0.016282 0.034547
1 0.415179 0.634921 0.016282 0.039216
1 0.413078 0.585901 0.012080 0.045752
7 0.793330 0.626050 0.038340 0.034547
10 0.458771 0.657796 0.011029 0.042017
10 0.583246 0.511204 0.013130 0.047619
4 0.133141 0.716153 0.092962 0.078431
4 0.093225 0.866013 0.109769 0.066293
7 0.138393 0.800654 0.025735 0.055089
0 0.080095 0.794118 0.058298 0.064426
10 0.452994 0.485061 0.012080 0.043884
1 0.240809 0.483193 0.016282 0.028945
0 0.251313 0.448646 0.030987 0.042017
5 0.602679 0.477591 0.023634 0.055089
0 0.489758 0.160131 0.022584 0.040149
0 0.493960 0.204015 0.045693 0.028945
0 0.493435 0.227358 0.057248 0.023343
1 0.769170 0.610177 0.011029 0.042017
1 0.709296 0.512138 0.017332 0.042017
6 0.654674 0.500934 0.020483 0.073763
4 0.912553 0.739029 0.067752 0.049486
4 0.878939 0.676471 0.069853 0.064426
0 0.377363 0.278711 0.027836 0.049486
4 0.345326 0.346872 0.016282 0.036415
4 0.528099 0.299253 0.014181 0.027077
4 0.509716 0.266573 0.011029 0.017740
10 0.559086 0.370215 0.007878 0.028945
10 0.529937 0.316993 0.008403 0.021475
4 0.316439 0.419701 0.056197 0.032680
4 0.025735 0.490663 0.050420 0.043884
5 0.019170 0.528945 0.038340 0.051354
