4 0.591912 0.804388 0.044118 0.090570
5 0.568540 0.609711 0.027836 0.065359
4 0.560662 0.538749 0.024685 0.042951
6 0.533088 0.433707 0.019958 0.034547
4 0.631565 0.600840 0.038340 0.047619
4 0.243960 0.527077 0.051996 0.043884
4 0.404674 0.525677 0.048845 0.044818
4 0.552521 0.420635 0.016807 0.027077
4 0.476103 0.496265 0.023634 0.042017
4 0.524160 0.376751 0.015756 0.025210
4 0.445903 0.430906 0.022059 0.036415
4 0.501576 0.454248 0.022059 0.042017
4 0.477153 0.428105 0.019433 0.034547
4 0.493697 0.403361 0.016807 0.029879
4 0.485032 0.344538 0.013130 0.024276
4 0.474002 0.360878 0.013130 0.025210
5 0.470588 0.373950 0.013655 0.032680
5 0.472164 0.320261 0.011555 0.028011
4 0.909926 0.861811 0.081408 0.106443
1 0.641019 0.599440 0.012080 0.039216
4 0.232405 0.552754 0.053046 0.050420
4 0.298057 0.497666 0.053046 0.046685
5 0.350578 0.385621 0.030987 0.031746
4 0.389968 0.449580 0.026786 0.036415
1 0.206145 0.922969 0.009979 0.058824
10 0.399422 0.680205 0.019433 0.042017
1 0.769170 0.664332 0.017332 0.040149
10 0.518120 0.536415 0.016282 0.034547
1 0.412027 0.652661 0.016282 0.048553
1 0.408876 0.599907 0.012080 0.045752
7 0.804359 0.638189 0.038340 0.034547
10 0.451418 0.717554 0.011029 0.042017
10 0.584821 0.503735 0.013130 0.047619
4 0.118960 0.752101 0.096113 0.081232
4 0.077206 0.901494 0.108193 0.066293
7 0.124212 0.831466 0.025735 0.055089
0 0.059086 0.823996 0.058298 0.064426
10 0.451418 0.492530 0.012080 0.043884
1 0.239758 0.490663 0.016282 0.028945
0 0.246586 0.454248 0.030987 0.042017
5 0.603729 0.482260 0.023634 0.055089
0 0.489233 0.157330 0.022584 0.040149
0 0.493435 0.201214 0.045693 0.028945
0 0.492910 0.225023 0.057248 0.024276
1 0.782300 0.624183 0.011029 0.042017
1 0.716124 0.524276 0.017332 0.042017
6 0.656775 0.507470 0.020483 0.073763
4 0.928309 0.762372 0.067752 0.049486
4 0.889968 0.696078 0.069853 0.064426
0 0.376838 0.279645 0.027836 0.049486
4 0.341649 0.352474 0.016282 0.036415
4 0.526523 0.295518 0.014181 0.027077
4 0.508141 0.262838 0.011029 0.017740
10 0.558298 0.368347 0.008403 0.028945
10 0.528887 0.313259 0.008403 0.021475
4 0.313288 0.427171 0.056197 0.032680
4 0.019958 0.501867 0.039916 0.043884
5 0.013130 0.543884 0.026261 0.051354
