4 0.625788 0.606909 0.066702 0.171802
4 0.547532 0.268441 0.039391 0.092437
5 0.541754 0.020542 0.024685 0.041083
4 0.459296 0.575163 0.054097 0.199813
4 0.644958 0.251634 0.054622 0.079365
4 0.394695 0.186275 0.040441 0.083100
4 0.464286 0.096639 0.032563 0.077498
1 0.664916 0.245098 0.013655 0.055089
7 0.372899 0.540616 0.034664 0.119514
2 0.367384 0.547619 0.017332 0.047619
1 0.334034 0.441643 0.012605 0.069094
1 0.329307 0.423436 0.008403 0.056956
2 0.373950 0.523810 0.013655 0.044818
5 0.124475 0.411298 0.067227 0.122316
4 0.162027 0.305322 0.061450 0.112045
4 0.811975 0.211018 0.053571 0.076564
6 0.756565 0.062558 0.076155 0.125117
4 0.257353 0.049486 0.034664 0.067227
2 0.282563 0.086835 0.011555 0.035481
3 0.281513 0.100840 0.007353 0.033613
1 0.273897 0.310458 0.015231 0.060691
7 0.274422 0.578431 0.047794 0.114846
