4 0.588761 0.875350 0.048319 0.105509
5 0.563813 0.621849 0.028887 0.063492
6 0.155987 0.881886 0.101891 0.232493
4 0.546481 0.534547 0.024685 0.042017
6 0.484506 0.707283 0.049895 0.129785
6 0.547269 0.469188 0.021008 0.040149
4 0.601366 0.533147 0.026261 0.039216
4 0.352153 0.482726 0.041492 0.031746
4 0.447742 0.464519 0.033088 0.040149
4 0.552521 0.435107 0.016807 0.028011
4 0.478992 0.435107 0.018908 0.033613
4 0.527836 0.400560 0.016807 0.028011
4 0.446954 0.401494 0.018908 0.031746
4 0.496061 0.405696 0.018382 0.034547
4 0.472689 0.390289 0.017857 0.029879
4 0.490546 0.367414 0.014706 0.027077
4 0.487658 0.311391 0.012080 0.023343
4 0.471639 0.323063 0.012605 0.018674
5 0.472689 0.336601 0.011555 0.025210
4 0.815126 0.715686 0.058824 0.071895
1 0.619223 0.535014 0.008403 0.037348
4 0.051733 0.801120 0.074055 0.089636
4 0.077206 0.715219 0.043067 0.089636
4 0.264968 0.492997 0.049895 0.050420
4 0.316439 0.450047 0.047794 0.039216
5 0.360032 0.361345 0.027836 0.029879
4 0.397321 0.412698 0.022584 0.031746
0 0.030987 0.655929 0.061975 0.071895
1 0.251838 0.793184 0.009979 0.058824
10 0.406250 0.588702 0.019433 0.042017
1 0.734506 0.615780 0.017332 0.040149
10 0.507090 0.476657 0.016282 0.034547
1 0.419380 0.567227 0.016282 0.036415
1 0.416229 0.531746 0.012080 0.045752
7 0.749737 0.564426 0.038340 0.034547
10 0.467700 0.527077 0.011029 0.042017
10 0.574842 0.513072 0.013130 0.047619
4 0.181460 0.631653 0.074055 0.060691
4 0.158088 0.728758 0.087185 0.058824
1 0.247899 0.447246 0.015756 0.028011
0 0.270221 0.416900 0.030987 0.042017
5 0.587973 0.440243 0.023634 0.055089
0 0.490284 0.168534 0.022584 0.040149
0 0.494485 0.211485 0.045693 0.028945
0 0.493960 0.234827 0.057248 0.023343
1 0.722952 0.553221 0.011029 0.042017
4 0.845326 0.648459 0.067752 0.049486
0 0.386292 0.265640 0.027836 0.049486
4 0.526523 0.307656 0.014181 0.027077
4 0.506040 0.274977 0.011029 0.017740
4 0.327206 0.394958 0.048319 0.031746
