4 0.656775 0.911765 0.078256 0.172736
4 0.569065 0.555556 0.042542 0.102708
5 0.553834 0.309057 0.024685 0.072829
4 0.363445 0.551354 0.050420 0.131653
4 0.411239 0.643791 0.050420 0.150327
6 0.923057 0.659664 0.147584 0.331466
4 0.147321 0.668534 0.067752 0.154995
4 0.208771 0.504669 0.060399 0.111111
4 0.487658 0.413165 0.026786 0.096172
6 0.268645 0.328198 0.050945 0.140990
4 0.538078 0.209617 0.020483 0.049486
6 0.477941 0.178338 0.029412 0.067227
6 0.533613 0.147526 0.016807 0.048553
4 0.575105 0.157330 0.018908 0.043884
4 0.463761 0.090570 0.017857 0.037348
4 0.544643 0.120448 0.012605 0.037348
4 0.481618 0.076564 0.015756 0.037348
4 0.528887 0.098973 0.015756 0.042951
4 0.450105 0.059757 0.015756 0.039216
4 0.492384 0.056022 0.014181 0.039216
4 0.470063 0.042951 0.013655 0.037348
4 0.490546 0.019141 0.014706 0.034547
5 0.812500 0.479925 0.034664 0.098973
1 0.609769 0.422035 0.007353 0.050420
4 0.719275 0.266573 0.032038 0.060691
4 0.045431 0.509337 0.073004 0.107376
4 0.148372 0.436975 0.095063 0.069094
5 0.149685 0.338002 0.055672 0.097106
4 0.146534 0.290850 0.036765 0.062558
4 0.188288 0.289916 0.036239 0.055089
4 0.122374 0.276377 0.036765 0.048553
4 0.192489 0.246499 0.027836 0.050420
5 0.973214 0.478992 0.048319 0.110177
0 0.034401 0.328198 0.068803 0.120448
0 0.112132 0.217087 0.086660 0.071895
