4 0.579832 0.659197 0.037815 0.069094
4 0.566176 0.531746 0.026261 0.045752
5 0.527574 0.423436 0.019433 0.040149
4 0.513393 0.333800 0.014181 0.023343
6 0.503939 0.279645 0.009979 0.019608
4 0.664653 0.783380 0.039391 0.085901
4 0.523372 0.302988 0.016282 0.028945
4 0.099527 0.651261 0.083508 0.051354
4 0.510767 0.264239 0.015231 0.024276
4 0.423057 0.486461 0.026786 0.046685
4 0.469275 0.715219 0.039391 0.093371
4 0.481092 0.571429 0.030462 0.059757
5 0.576418 0.865546 0.043592 0.112045
4 0.461397 0.418301 0.023634 0.035481
4 0.467437 0.487395 0.025210 0.046685
5 0.442227 0.536881 0.025210 0.065359
5 0.429884 0.438375 0.021534 0.045752
5 0.840336 0.680205 0.074580 0.062558
4 0.112920 0.696078 0.076681 0.071895
4 0.221639 0.594304 0.071429 0.058824
5 0.302784 0.418301 0.048845 0.039216
4 0.347426 0.513072 0.032038 0.043884
1 0.812237 0.733427 0.017332 0.040149
10 0.512342 0.659664 0.016282 0.040149
1 0.347952 0.892157 0.016282 0.053221
10 0.555410 0.373483 0.012080 0.029879
10 0.402574 0.852941 0.012080 0.062558
7 0.342174 0.794118 0.048845 0.049486
10 0.332195 0.737162 0.034139 0.047619
1 0.195641 0.523343 0.016282 0.028945
0 0.163603 0.527544 0.043592 0.061625
1 0.252363 0.621382 0.013130 0.056956
1 0.272059 0.621849 0.013655 0.050420
5 0.625788 0.561158 0.033088 0.054155
0 0.483981 0.119048 0.022584 0.040149
0 0.486607 0.162932 0.045693 0.028945
0 0.489233 0.202614 0.058298 0.046685
1 0.899947 0.821195 0.011029 0.042017
1 0.631040 0.735294 0.015231 0.045752
1 0.774422 0.633520 0.017332 0.042017
6 0.693803 0.598973 0.021008 0.073763
7 0.346901 0.615780 0.040441 0.043884
1 0.525473 0.640990 0.015231 0.049486
1 0.540704 0.624183 0.014181 0.056956
1 0.864233 0.734360 0.020483 0.068161
0 0.345326 0.274977 0.027836 0.049486
4 0.303834 0.371148 0.016282 0.036415
10 0.537553 0.302988 0.007878 0.021475
10 0.492910 0.246965 0.007878 0.021475
6 0.773109 0.795051 0.074580 0.150327
4 0.261817 0.481326 0.056197 0.040149
10 0.431723 0.363212 0.007353 0.031746
10 0.453519 0.320261 0.007878 0.018674
1 0.722689 0.639589 0.011555 0.048553
1 0.712447 0.626517 0.014181 0.041083
7 0.334821 0.570028 0.020483 0.043884
