4 0.627889 0.616713 0.067752 0.174603
4 0.547006 0.275444 0.039391 0.091503
5 0.541754 0.021475 0.024685 0.042951
4 0.462447 0.485994 0.048845 0.174603
4 0.641019 0.227824 0.053046 0.076564
4 0.400473 0.153595 0.038340 0.075630
4 0.465336 0.065359 0.030462 0.070962
1 0.659664 0.222689 0.013655 0.055089
7 0.380777 0.465453 0.032563 0.112979
2 0.377363 0.467787 0.018382 0.042951
1 0.339286 0.404295 0.012605 0.069094
1 0.335609 0.387955 0.008403 0.056956
2 0.382878 0.446312 0.013655 0.044818
5 0.137342 0.376751 0.063550 0.114846
4 0.171744 0.277778 0.058824 0.107376
4 0.802258 0.189076 0.049895 0.071895
6 0.751050 0.054155 0.072479 0.108310
4 0.262868 0.036415 0.033088 0.065359
4 0.031513 0.250700 0.063025 0.079365
1 0.278624 0.289916 0.015231 0.060691
7 0.281250 0.537348 0.044643 0.109244
