4 0.627101 0.613445 0.067227 0.173669
4 0.547006 0.273109 0.039391 0.092437
5 0.541754 0.021008 0.024685 0.042017
4 0.461397 0.515873 0.050945 0.182073
4 0.642332 0.235761 0.053571 0.077498
4 0.398634 0.164332 0.038866 0.078431
4 0.465074 0.076097 0.030987 0.073763
1 0.661239 0.230159 0.013655 0.055089
7 0.378151 0.490663 0.033613 0.114846
2 0.373950 0.494398 0.017857 0.043884
1 0.337710 0.416433 0.012605 0.069094
1 0.333508 0.400093 0.008403 0.056956
2 0.379727 0.472456 0.013655 0.044818
5 0.133141 0.388422 0.064601 0.117647
4 0.168592 0.287115 0.059874 0.109244
4 0.805410 0.196545 0.050945 0.073763
6 0.752889 0.056956 0.074055 0.113912
4 0.261029 0.040616 0.033613 0.066293
4 0.029149 0.258637 0.058298 0.080299
1 0.277048 0.296452 0.015231 0.060691
7 0.278624 0.550420 0.045693 0.111111
