4 0.651523 0.767974 0.079307 0.226891
4 0.544905 0.364613 0.046744 0.109244
5 0.448267 0.495331 0.040441 0.167134
5 0.535714 0.048086 0.027311 0.070028
4 0.070641 0.543884 0.096113 0.176471
4 0.460872 0.109711 0.030987 0.090570
4 0.608456 0.112512 0.044643 0.060691
1 0.615546 0.098973 0.010504 0.028011
7 0.409401 0.129318 0.022584 0.056956
2 0.409664 0.123249 0.010504 0.041083
1 0.356618 0.237162 0.011555 0.056022
1 0.353992 0.226891 0.008403 0.056022
2 0.410714 0.120448 0.010504 0.042951
5 0.191702 0.215686 0.042017 0.082166
4 0.214286 0.154062 0.047269 0.087768
4 0.752363 0.082166 0.041492 0.056022
1 0.962710 0.589169 0.023109 0.067227
1 0.936975 0.566293 0.030462 0.083100
4 0.080882 0.136321 0.071429 0.067227
3 0.036765 0.264706 0.023109 0.056956
2 0.035452 0.254902 0.021534 0.056022
3 0.054622 0.235761 0.015756 0.038282
2 0.053309 0.225023 0.017332 0.046685
1 0.302784 0.160131 0.015231 0.060691
7 0.320116 0.333800 0.038340 0.098039
5 0.021796 0.468254 0.043592 0.084967
