4 0.578519 0.657796 0.037290 0.068161
4 0.566176 0.535948 0.028361 0.048553
5 0.529937 0.428105 0.019958 0.042017
4 0.513918 0.338936 0.014181 0.024276
6 0.504989 0.281046 0.009979 0.018674
4 0.653361 0.740430 0.037815 0.078431
4 0.524160 0.303922 0.014706 0.025210
4 0.152048 0.625117 0.063550 0.047619
4 0.511817 0.264706 0.017332 0.025210
4 0.424895 0.470121 0.025210 0.045752
4 0.469013 0.638189 0.034664 0.075630
4 0.482143 0.530812 0.027311 0.053221
5 0.573792 0.861345 0.044643 0.111111
4 0.464286 0.402428 0.022059 0.035481
4 0.468750 0.460784 0.022584 0.043884
5 0.446954 0.500934 0.024160 0.060691
5 0.430410 0.423903 0.020483 0.042951
1 0.703519 0.741363 0.012080 0.050420
5 0.839023 0.651261 0.068803 0.062558
4 0.133141 0.660131 0.067752 0.067227
4 0.232668 0.567694 0.067227 0.056022
5 0.309086 0.406629 0.046744 0.038282
4 0.353204 0.494398 0.030987 0.043884
10 0.335872 0.897759 0.019433 0.060691
1 0.795956 0.703548 0.017332 0.040149
10 0.510767 0.629785 0.016282 0.034547
1 0.357405 0.838002 0.016282 0.053221
7 0.898372 0.828665 0.058298 0.064426
10 0.555410 0.376751 0.012080 0.036415
10 0.410977 0.749300 0.012080 0.062558
7 0.348477 0.745565 0.048845 0.049486
10 0.342437 0.698413 0.033613 0.046685
1 0.206145 0.507470 0.016282 0.028945
0 0.176733 0.506536 0.039391 0.056956
5 0.616334 0.538282 0.026786 0.055089
0 0.485557 0.120915 0.022584 0.040149
0 0.488183 0.167600 0.045693 0.028945
0 0.489758 0.198413 0.057248 0.034547
1 0.876838 0.775444 0.011029 0.042017
1 0.628939 0.695145 0.015231 0.045752
1 0.761292 0.609244 0.017332 0.042017
6 0.684611 0.579365 0.020483 0.073763
7 0.355305 0.590570 0.040441 0.043884
1 0.523372 0.615780 0.015231 0.049486
1 0.537553 0.599907 0.014181 0.056956
0 0.346901 0.277778 0.027836 0.049486
4 0.308036 0.362745 0.016282 0.036415
10 0.538603 0.302054 0.007878 0.021475
10 0.495011 0.246965 0.007878 0.021475
6 0.754989 0.751634 0.066702 0.140056
4 0.268120 0.465453 0.056197 0.040149
10 0.432773 0.355742 0.008403 0.026144
10 0.454044 0.309057 0.007878 0.018674
1 0.709034 0.617180 0.011555 0.044818
1 0.702994 0.600373 0.014181 0.041083
7 0.341649 0.547619 0.020483 0.043884
