4 0.673319 0.844071 0.093487 0.242764
4 0.455620 0.863679 0.076155 0.265173
4 0.553834 0.414099 0.049895 0.122316
5 0.456408 0.383287 0.035714 0.140990
5 0.543330 0.069094 0.029937 0.070962
4 0.042805 0.667600 0.085609 0.209150
4 0.094275 0.497666 0.088761 0.162465
4 0.466124 0.059290 0.030987 0.077498
4 0.608456 0.095705 0.041492 0.058824
7 0.417017 0.083100 0.019958 0.052288
2 0.417017 0.074697 0.010504 0.041083
1 0.362658 0.214286 0.012080 0.056956
1 0.359506 0.206349 0.012080 0.056022
2 0.420168 0.068161 0.012605 0.029879
5 0.201681 0.192810 0.040966 0.083100
4 0.224790 0.135387 0.043067 0.080299
4 0.747111 0.068161 0.040441 0.056022
1 0.952731 0.551354 0.022059 0.064426
1 0.930147 0.530812 0.027311 0.077498
4 0.093487 0.119048 0.068277 0.066293
1 0.013130 0.227824 0.014706 0.063492
3 0.019695 0.251634 0.033088 0.043884
3 0.053309 0.236228 0.021534 0.057890
2 0.056723 0.231092 0.022059 0.055089
3 0.072479 0.208683 0.016807 0.038282
2 0.070641 0.200280 0.017332 0.043884
1 0.311187 0.143791 0.015231 0.059757
7 0.325368 0.302054 0.038340 0.098039
5 0.031775 0.417834 0.063550 0.084967
