4 0.571954 0.653595 0.036765 0.069094
4 0.563813 0.545752 0.028887 0.049486
5 0.535714 0.443044 0.019958 0.042017
4 0.515231 0.354809 0.016807 0.028011
6 0.502889 0.290383 0.011029 0.020542
4 0.627889 0.653128 0.034139 0.060691
4 0.115546 0.560691 0.056723 0.045752
4 0.523897 0.316060 0.013130 0.021475
4 0.243172 0.574697 0.066176 0.051354
4 0.508666 0.274043 0.017332 0.025210
4 0.427521 0.437908 0.024160 0.042951
4 0.471639 0.699346 0.040966 0.100840
4 0.467962 0.518674 0.027311 0.053221
4 0.480830 0.456583 0.023634 0.042951
5 0.567227 0.870215 0.047269 0.117647
4 0.469013 0.369281 0.017857 0.032680
4 0.468487 0.406629 0.018908 0.034547
5 0.453256 0.429505 0.019958 0.048553
5 0.429097 0.386555 0.016807 0.037348
1 0.656513 0.653128 0.009454 0.049486
4 0.170168 0.592904 0.055672 0.061625
4 0.254727 0.522409 0.057773 0.045752
5 0.320378 0.385154 0.043067 0.034547
4 0.363445 0.461251 0.029412 0.041083
10 0.353204 0.775444 0.019433 0.060691
1 0.755777 0.648459 0.016807 0.042017
10 0.508141 0.574697 0.016282 0.034547
1 0.374212 0.727824 0.016282 0.053221
1 0.356355 0.732493 0.012080 0.045752
7 0.830620 0.715219 0.044643 0.056022
10 0.554884 0.386088 0.012080 0.034547
10 0.424632 0.596639 0.012080 0.044818
1 0.221901 0.474790 0.016282 0.028945
0 0.201943 0.470121 0.030987 0.042017
5 0.603204 0.497199 0.024685 0.055089
0 0.486607 0.127451 0.022584 0.040149
0 0.490284 0.175070 0.045693 0.028945
0 0.490284 0.199346 0.057248 0.025210
1 0.815389 0.690476 0.011029 0.042017
1 0.621061 0.614846 0.015231 0.045752
1 0.730830 0.563492 0.017332 0.042017
6 0.663078 0.541083 0.020483 0.073763
7 0.365021 0.533613 0.045168 0.043884
4 0.941702 0.795518 0.077731 0.069094
1 0.519958 0.566293 0.014706 0.047619
1 0.531250 0.552288 0.013130 0.055089
0 0.349527 0.275910 0.027836 0.049486
4 0.317489 0.348739 0.016282 0.036415
4 0.513130 0.226424 0.010504 0.025210
10 0.540704 0.306723 0.007878 0.021475
10 0.500263 0.254435 0.007878 0.021475
4 0.281775 0.441643 0.056197 0.035481
10 0.433298 0.343137 0.009454 0.021475
10 0.454044 0.290383 0.007878 0.018674
1 0.681723 0.573296 0.010504 0.039216
1 0.687237 0.557423 0.014181 0.041083
7 0.354254 0.504669 0.017332 0.032680
