4 0.616071 0.887955 0.053571 0.115780
4 0.571429 0.724090 0.037815 0.075630
5 0.562237 0.577031 0.023634 0.059757
4 0.551471 0.508870 0.025210 0.039216
6 0.518382 0.393091 0.016807 0.031746
4 0.628676 0.617647 0.039916 0.049486
4 0.168330 0.537348 0.049895 0.042017
4 0.326943 0.549486 0.045693 0.043884
4 0.543330 0.394958 0.015231 0.024276
4 0.456408 0.528478 0.035714 0.046685
4 0.516807 0.353408 0.014706 0.023343
4 0.438288 0.439776 0.021534 0.037348
4 0.495536 0.480392 0.023634 0.045752
4 0.473739 0.446779 0.021008 0.036415
4 0.488971 0.415500 0.017857 0.031746
4 0.480305 0.356676 0.015231 0.026144
4 0.470063 0.375350 0.012605 0.028011
5 0.465861 0.391690 0.014706 0.040149
5 0.462185 0.338002 0.012605 0.026144
4 0.919380 0.902894 0.087710 0.113912
1 0.640231 0.618581 0.014706 0.040149
4 0.213498 0.566760 0.051996 0.054155
4 0.285452 0.508403 0.055147 0.047619
5 0.339548 0.389823 0.036239 0.030812
4 0.381040 0.457983 0.025735 0.036415
1 0.180935 0.940710 0.009979 0.058824
10 0.387868 0.701681 0.019433 0.042017
1 0.764443 0.662465 0.017332 0.040149
10 0.513918 0.549486 0.016282 0.034547
1 0.401523 0.674603 0.016282 0.053221
1 0.397321 0.620448 0.012080 0.045752
7 0.805410 0.659664 0.038340 0.034547
10 0.418330 0.940710 0.013130 0.056956
10 0.576418 0.484127 0.013130 0.047619
4 0.092174 0.789449 0.096113 0.081232
4 0.050158 0.951914 0.100315 0.066293
7 0.091649 0.866947 0.025735 0.055089
0 0.027574 0.872549 0.051996 0.064426
10 0.443540 0.511204 0.012080 0.043884
1 0.235032 0.490663 0.016282 0.028945
0 0.233456 0.465453 0.030987 0.042017
5 0.601103 0.494398 0.023634 0.055089
0 0.488708 0.149860 0.022584 0.040149
0 0.492384 0.194678 0.045693 0.028945
0 0.492384 0.218487 0.057248 0.024276
1 0.790704 0.644725 0.011029 0.042017
1 0.715074 0.532680 0.017332 0.042017
6 0.656250 0.520542 0.020483 0.073763
4 0.937763 0.790850 0.076155 0.061625
4 0.896796 0.721289 0.069853 0.064426
1 0.528099 0.538282 0.015231 0.049486
1 0.537027 0.523343 0.014181 0.056956
0 0.358981 0.288049 0.027836 0.049486
4 0.333246 0.360878 0.016282 0.036415
4 0.520746 0.282446 0.014181 0.027077
4 0.501838 0.252568 0.011029 0.017740
10 0.553309 0.357143 0.007878 0.028945
10 0.523372 0.302054 0.007878 0.021475
4 0.302258 0.435574 0.056197 0.032680
