4 0.582721 0.878151 0.047794 0.103641
5 0.559086 0.618581 0.026786 0.064426
6 0.208246 0.763305 0.079307 0.187675
4 0.540179 0.528945 0.025735 0.042017
6 0.482143 0.582166 0.037815 0.084967
6 0.539653 0.470588 0.018382 0.035481
4 0.588235 0.503735 0.024160 0.032680
4 0.404937 0.461718 0.038866 0.032680
4 0.456145 0.440710 0.024685 0.037348
4 0.547794 0.440243 0.015756 0.027077
4 0.478992 0.419701 0.016807 0.030812
4 0.526523 0.410364 0.017332 0.027077
4 0.447742 0.393557 0.017332 0.030812
4 0.493697 0.391690 0.017857 0.030812
4 0.470588 0.379552 0.016807 0.025210
4 0.488971 0.359477 0.014706 0.024276
5 0.940914 0.959384 0.068803 0.077498
1 0.661502 0.904295 0.013130 0.066293
4 0.771796 0.652661 0.046744 0.057890
1 0.609769 0.503735 0.009454 0.036415
5 0.048582 0.794585 0.094013 0.138189
4 0.059611 0.710551 0.061450 0.082166
4 0.113183 0.708217 0.057248 0.071895
4 0.040704 0.682073 0.062500 0.058824
4 0.130252 0.645191 0.038866 0.070962
5 0.283088 0.469655 0.040966 0.042951
4 0.328256 0.435574 0.044118 0.036415
0 0.045431 0.608310 0.084559 0.071895
1 0.278887 0.721289 0.010504 0.058824
10 0.415179 0.552288 0.019433 0.042017
1 0.709821 0.584034 0.017332 0.040149
10 0.504464 0.459851 0.016282 0.034547
1 0.424632 0.528011 0.016282 0.036415
1 0.419380 0.504669 0.012080 0.045752
7 0.720326 0.531746 0.038340 0.034547
10 0.468225 0.482260 0.011029 0.042017
10 0.566439 0.505602 0.013130 0.047619
4 0.213498 0.570962 0.074055 0.060691
4 0.198792 0.663399 0.068803 0.056956
0 0.283351 0.407563 0.030987 0.042017
5 0.576418 0.432773 0.023634 0.055089
0 0.491334 0.177871 0.022584 0.040149
0 0.495011 0.218021 0.045693 0.028945
0 0.494485 0.244164 0.057248 0.023343
1 0.695116 0.525210 0.011029 0.042017
4 0.799107 0.598039 0.054097 0.049486
0 0.394170 0.255369 0.027836 0.049486
4 0.527574 0.313259 0.014181 0.027077
4 0.507616 0.279645 0.011029 0.017740
