4 0.626313 0.590570 0.068803 0.167134
4 0.552521 0.254435 0.038866 0.088702
5 0.543330 0.018207 0.024685 0.036415
4 0.663078 0.334734 0.060399 0.088702
4 0.377101 0.307656 0.045168 0.103641
4 0.463498 0.217554 0.037290 0.097106
1 0.687763 0.340803 0.018382 0.063492
7 0.330095 0.905696 0.050945 0.186741
2 0.324842 0.932306 0.021534 0.070028
1 0.316964 0.581699 0.017332 0.080299
1 0.310662 0.558824 0.009979 0.062558
2 0.331933 0.894024 0.018908 0.051354
4 0.386555 0.045285 0.037815 0.077498
4 0.478466 0.074697 0.029412 0.067227
5 0.076943 0.543417 0.080357 0.143791
4 0.128414 0.408030 0.070903 0.132586
4 0.846639 0.282446 0.059874 0.083100
6 0.777048 0.094304 0.085609 0.179272
4 0.241334 0.098506 0.038340 0.073763
4 0.269695 0.025677 0.040441 0.051354
2 0.253676 0.179272 0.014706 0.044818
3 0.254202 0.195145 0.014706 0.042951
4 0.094800 0.230159 0.102416 0.071895
1 0.250263 0.423903 0.015231 0.069094
7 0.235557 0.766106 0.066702 0.144725
