4 0.570116 0.667600 0.036239 0.069094
4 0.561975 0.563959 0.028361 0.050420
5 0.537815 0.464519 0.022059 0.045752
4 0.515231 0.375350 0.017857 0.026144
6 0.502363 0.305789 0.012080 0.021475
4 0.624475 0.650794 0.034664 0.057890
4 0.136029 0.557423 0.059874 0.046685
4 0.524947 0.328665 0.013130 0.022409
4 0.267069 0.573763 0.066702 0.049486
4 0.508403 0.290850 0.013655 0.023343
4 0.427784 0.445378 0.022584 0.039216
4 0.472164 0.656863 0.034664 0.086835
4 0.468225 0.514006 0.026786 0.049486
4 0.480567 0.458450 0.022059 0.037348
5 0.568015 0.902428 0.047794 0.116713
4 0.468750 0.378151 0.016282 0.029879
4 0.466387 0.409897 0.017857 0.031746
5 0.453519 0.432306 0.019433 0.046685
5 0.430147 0.391690 0.014706 0.034547
1 0.647321 0.654062 0.007878 0.047619
4 0.178309 0.592437 0.056197 0.058824
4 0.259191 0.523810 0.056197 0.046685
5 0.321429 0.390289 0.043067 0.033613
4 0.364233 0.464986 0.028887 0.039216
1 0.153099 0.933240 0.009979 0.058824
10 0.357931 0.758637 0.019433 0.060691
1 0.749212 0.642857 0.017332 0.040149
10 0.507616 0.568161 0.016282 0.034547
1 0.375788 0.718487 0.016282 0.053221
1 0.360557 0.704482 0.012080 0.045752
7 0.820116 0.704482 0.038340 0.034547
10 0.556985 0.398693 0.012080 0.035481
4 0.042017 0.854342 0.082983 0.082166
10 0.427258 0.576564 0.012080 0.043884
1 0.225578 0.473856 0.012080 0.028945
0 0.207721 0.465453 0.030987 0.042017
5 0.599790 0.493464 0.024160 0.055089
0 0.487132 0.129318 0.022584 0.040149
0 0.490284 0.176937 0.045693 0.028945
0 0.490809 0.200747 0.057248 0.024276
1 0.805935 0.676471 0.011029 0.042017
1 0.620536 0.611111 0.015231 0.045752
1 0.723739 0.556489 0.016807 0.041083
6 0.657300 0.536415 0.020483 0.073763
7 0.366334 0.538282 0.040441 0.043884
4 0.922269 0.778245 0.072479 0.066293
1 0.520221 0.557890 0.014181 0.045752
1 0.530462 0.544818 0.012605 0.053221
0 0.350053 0.275910 0.027836 0.049486
4 0.319065 0.349673 0.016282 0.036415
4 0.512868 0.234360 0.012080 0.026144
10 0.540704 0.314192 0.007878 0.021475
10 0.501838 0.263772 0.007878 0.021475
4 0.284401 0.439309 0.056197 0.034547
1 0.675683 0.564426 0.009979 0.040149
1 0.684086 0.549953 0.014181 0.041083
