4 0.627889 0.928571 0.058298 0.126050
4 0.577731 0.749300 0.040966 0.081232
5 0.564863 0.587302 0.024685 0.059757
4 0.556985 0.521475 0.023634 0.040149
6 0.522321 0.406162 0.017332 0.031746
4 0.631040 0.615313 0.039391 0.050420
4 0.189338 0.536881 0.053046 0.041083
4 0.366334 0.544351 0.049895 0.046685
4 0.546218 0.402894 0.015756 0.025210
4 0.464023 0.518674 0.030987 0.045752
4 0.519170 0.360878 0.015231 0.023343
4 0.440914 0.437442 0.021534 0.036415
4 0.497899 0.472456 0.023109 0.044818
4 0.475053 0.441643 0.020483 0.035481
4 0.490809 0.411765 0.017332 0.031746
4 0.482143 0.353408 0.014706 0.025210
4 0.471639 0.371148 0.012605 0.027077
5 0.467700 0.386555 0.014181 0.037348
5 0.465861 0.332400 0.012605 0.026144
4 0.919380 0.894024 0.085609 0.111111
1 0.641019 0.612979 0.014181 0.040149
4 0.218750 0.566293 0.053046 0.051354
4 0.290179 0.506536 0.055147 0.047619
5 0.342700 0.389823 0.035189 0.030812
4 0.383929 0.455182 0.026261 0.036415
1 0.188813 0.935107 0.009979 0.058824
10 0.393645 0.700747 0.019433 0.042017
1 0.766019 0.662465 0.017332 0.040149
10 0.516019 0.547619 0.016282 0.034547
1 0.405725 0.669935 0.016282 0.053221
1 0.400998 0.615780 0.012080 0.045752
7 0.805935 0.656863 0.038340 0.034547
10 0.428309 0.861345 0.013130 0.056956
10 0.579044 0.494398 0.013130 0.047619
4 0.099002 0.778245 0.096113 0.081232
4 0.058298 0.936041 0.102941 0.066293
7 0.102153 0.859477 0.025735 0.055089
0 0.035189 0.861345 0.055672 0.064426
10 0.446691 0.504669 0.012080 0.043884
1 0.236607 0.490663 0.016282 0.028945
0 0.237658 0.463585 0.030987 0.042017
5 0.602679 0.490663 0.023634 0.055089
0 0.489233 0.151727 0.022584 0.040149
0 0.492910 0.196545 0.045693 0.028945
0 0.492910 0.220355 0.057248 0.024276
1 0.790704 0.640056 0.011029 0.042017
1 0.716124 0.532680 0.017332 0.042017
6 0.656775 0.516807 0.020483 0.073763
4 0.936712 0.783847 0.073004 0.056956
4 0.895746 0.714753 0.069853 0.064426
10 0.837447 0.903361 0.022584 0.077498
1 0.529674 0.536415 0.015231 0.049486
1 0.539391 0.521942 0.013655 0.056022
0 0.370011 0.284314 0.027836 0.049486
4 0.335872 0.360878 0.016282 0.036415
4 0.522847 0.287115 0.014181 0.027077
4 0.503414 0.256303 0.011029 0.017740
10 0.555410 0.361811 0.007878 0.028945
10 0.525473 0.305789 0.007878 0.021475
4 0.305410 0.435574 0.056197 0.032680
4 0.012605 0.513072 0.025210 0.043884
