4 0.570116 0.668534 0.036239 0.069094
4 0.563025 0.563025 0.028361 0.052288
5 0.537027 0.461718 0.021534 0.043884
4 0.515231 0.372549 0.016807 0.028011
6 0.502626 0.302054 0.011555 0.021475
4 0.626050 0.655929 0.033613 0.058824
4 0.127101 0.562092 0.058824 0.046685
4 0.523897 0.324463 0.013130 0.023343
4 0.257616 0.577965 0.066702 0.050420
4 0.508666 0.289916 0.014181 0.025210
4 0.427521 0.447712 0.023109 0.038282
4 0.472164 0.675537 0.036765 0.090570
4 0.467962 0.521008 0.026261 0.050420
4 0.480830 0.462652 0.022584 0.042017
5 0.567752 0.894024 0.047269 0.116713
4 0.468487 0.379085 0.016807 0.031746
4 0.467174 0.414099 0.018382 0.034547
5 0.454569 0.436041 0.020483 0.046685
5 0.429097 0.395425 0.017857 0.036415
1 0.650998 0.655462 0.008929 0.048553
4 0.175158 0.591970 0.056197 0.059757
4 0.257353 0.522876 0.056723 0.046685
5 0.320903 0.388889 0.043067 0.034547
4 0.363971 0.464519 0.029412 0.040149
1 0.149422 0.941643 0.009979 0.058824
10 0.355830 0.765173 0.019433 0.060691
1 0.750788 0.645658 0.017332 0.040149
10 0.507616 0.570962 0.016282 0.034547
1 0.375263 0.722222 0.016282 0.053221
1 0.358981 0.715686 0.012080 0.045752
7 0.825893 0.709150 0.049895 0.043884
10 0.555935 0.397292 0.012080 0.032680
10 0.426208 0.583100 0.012080 0.043884
1 0.224002 0.473856 0.014181 0.028945
0 0.205095 0.467320 0.030987 0.042017
5 0.601103 0.494398 0.024685 0.055089
0 0.487132 0.128385 0.022584 0.040149
0 0.490284 0.176004 0.045693 0.028945
0 0.490809 0.200280 0.057248 0.025210
1 0.809086 0.681139 0.011029 0.042017
1 0.621061 0.612979 0.015231 0.045752
1 0.726103 0.559757 0.017332 0.042017
6 0.659401 0.538282 0.020483 0.073763
7 0.365284 0.540149 0.040441 0.043884
4 0.930147 0.785247 0.074580 0.067227
1 0.520221 0.561158 0.014181 0.046685
1 0.530987 0.548086 0.012605 0.054155
0 0.349527 0.275910 0.027836 0.049486
4 0.318540 0.348739 0.016282 0.036415
4 0.512868 0.231559 0.012080 0.026144
10 0.540704 0.315126 0.007878 0.021475
10 0.501838 0.263772 0.007878 0.021475
4 0.283351 0.440243 0.056197 0.034547
10 0.433036 0.351541 0.008929 0.021475
10 0.454044 0.294118 0.007878 0.018674
1 0.678046 0.568161 0.010504 0.040149
1 0.685137 0.552754 0.014181 0.041083
