4 0.571429 0.677404 0.037815 0.073763
4 0.560662 0.576564 0.028887 0.055089
5 0.544643 0.479925 0.022059 0.048553
4 0.521534 0.389823 0.018908 0.028945
6 0.505252 0.313725 0.012605 0.022409
4 0.622111 0.626050 0.040441 0.053221
4 0.182773 0.540149 0.066176 0.045752
4 0.528099 0.331933 0.013130 0.021475
4 0.324055 0.553688 0.049370 0.041083
4 0.430410 0.433707 0.022584 0.038282
4 0.474790 0.571429 0.031513 0.065359
4 0.469275 0.481326 0.024685 0.043884
4 0.482143 0.434174 0.019958 0.035481
5 0.574317 0.949113 0.051996 0.098039
4 0.471901 0.366013 0.016282 0.029879
4 0.465336 0.391223 0.017857 0.031746
5 0.457458 0.411765 0.017857 0.041083
5 0.436712 0.371615 0.018382 0.033613
4 0.929097 0.939309 0.092437 0.117647
1 0.635767 0.626050 0.014181 0.045752
4 0.189601 0.571429 0.053571 0.057890
4 0.266807 0.507470 0.054622 0.045752
5 0.325630 0.383754 0.042017 0.033613
4 0.367910 0.453315 0.027836 0.036415
1 0.168330 0.898693 0.009979 0.058824
10 0.368435 0.715686 0.019433 0.043884
1 0.746586 0.638189 0.017332 0.040149
10 0.506565 0.556022 0.016282 0.034547
1 0.379464 0.696078 0.016282 0.053221
1 0.367910 0.665266 0.012080 0.045752
7 0.807511 0.680672 0.047794 0.048553
10 0.563813 0.410364 0.013130 0.047619
4 0.052258 0.823529 0.088761 0.082166
7 0.044380 0.911765 0.035189 0.060691
10 0.431985 0.544818 0.012080 0.043884
1 0.230305 0.473856 0.007878 0.028945
0 0.217700 0.457049 0.030987 0.042017
5 0.595588 0.485061 0.024160 0.055089
0 0.487132 0.133053 0.022584 0.040149
0 0.490809 0.180672 0.045693 0.028945
0 0.490809 0.204482 0.057248 0.024276
1 0.792805 0.653128 0.011029 0.042017
1 0.625263 0.591503 0.015231 0.045752
1 0.718487 0.536415 0.014706 0.040149
6 0.653099 0.518674 0.020483 0.073763
7 0.374212 0.519608 0.040441 0.043884
4 0.949842 0.816060 0.085609 0.072829
4 0.901523 0.738095 0.069853 0.064426
1 0.521008 0.540616 0.012605 0.042951
1 0.528887 0.528478 0.010504 0.050420
0 0.351628 0.274977 0.027836 0.049486
4 0.322216 0.350607 0.016282 0.036415
4 0.513393 0.246032 0.014181 0.027077
10 0.542017 0.314192 0.007353 0.021475
10 0.504464 0.264706 0.007878 0.021475
4 0.290179 0.431839 0.056197 0.032680
1 0.668067 0.546685 0.010504 0.040149
1 0.677784 0.537815 0.013130 0.041083
