4 0.570641 0.578431 0.039391 0.068161
4 0.558561 0.453782 0.026786 0.048553
5 0.521008 0.351074 0.016807 0.041083
4 0.510767 0.261905 0.013130 0.023343
6 0.500788 0.211951 0.011029 0.020542
4 0.689338 0.825864 0.045693 0.103641
4 0.521796 0.241363 0.016282 0.028945
4 0.508666 0.201214 0.017332 0.025210
4 0.415441 0.465453 0.029412 0.058824
4 0.470851 0.927171 0.058298 0.141923
4 0.476103 0.629318 0.035189 0.082166
5 0.581670 0.796452 0.041492 0.112045
4 0.455620 0.404762 0.022584 0.042017
4 0.457195 0.516807 0.028887 0.062558
5 0.424370 0.612512 0.032563 0.089636
5 0.422532 0.416900 0.023634 0.051354
5 0.836922 0.693744 0.082458 0.074697
4 0.068803 0.722689 0.097689 0.087768
4 0.188288 0.593838 0.078256 0.067227
5 0.286765 0.395425 0.052521 0.043884
4 0.331145 0.506069 0.035189 0.054155
1 0.849002 0.750233 0.017332 0.040149
10 0.514968 0.698880 0.016282 0.056956
10 0.548582 0.317927 0.013130 0.034547
7 0.313288 0.862278 0.065651 0.081232
10 0.312500 0.809057 0.037815 0.049486
1 0.170956 0.498133 0.016282 0.040149
0 0.126313 0.516807 0.054097 0.062558
1 0.214811 0.648926 0.012605 0.057890
1 0.233456 0.642857 0.014181 0.051354
5 0.635242 0.551354 0.033088 0.073763
0 0.483981 0.079832 0.022584 0.040149
0 0.487132 0.120915 0.045693 0.028945
0 0.487658 0.166200 0.057248 0.063492
1 0.964023 0.888422 0.011029 0.042017
1 0.636817 0.774510 0.015231 0.045752
1 0.810137 0.654062 0.017332 0.042017
1 0.757090 0.735294 0.017332 0.047619
6 0.715599 0.593371 0.020483 0.073763
10 0.941176 0.676937 0.030462 0.050420
7 0.329307 0.630252 0.056723 0.050420
1 0.532300 0.666667 0.015231 0.050420
1 0.545956 0.652661 0.014181 0.057890
1 0.916754 0.767040 0.020483 0.068161
1 0.889968 0.671335 0.014181 0.042951
1 0.906250 0.673203 0.014181 0.046685
0 0.332458 0.226424 0.027311 0.047619
4 0.286502 0.343137 0.016282 0.036415
10 0.538603 0.243231 0.007878 0.021475
6 0.807248 0.854809 0.109244 0.195145
4 0.243697 0.476190 0.055672 0.054155
10 0.424107 0.329599 0.007878 0.031746
10 0.449842 0.294118 0.007878 0.018674
1 0.750525 0.645658 0.011555 0.051354
1 0.737132 0.643791 0.014181 0.045752
7 0.318015 0.564426 0.020483 0.047619
