4 0.583508 0.742297 0.042017 0.084034
4 0.557511 0.626050 0.029937 0.062558
5 0.553571 0.520075 0.023109 0.054155
4 0.530987 0.436975 0.022059 0.033613
6 0.508141 0.340803 0.015231 0.024276
4 0.620798 0.614846 0.040966 0.051354
4 0.247899 0.540616 0.064076 0.044818
4 0.532826 0.354342 0.014181 0.023343
4 0.393120 0.541550 0.055147 0.044818
4 0.509979 0.315593 0.013655 0.020542
4 0.431985 0.431373 0.023634 0.037348
4 0.482143 0.507937 0.026261 0.054155
4 0.469800 0.456583 0.022584 0.041083
4 0.483193 0.417834 0.017857 0.032680
4 0.473739 0.359010 0.014706 0.027077
4 0.465599 0.378618 0.013130 0.030812
5 0.458771 0.396359 0.015231 0.040149
5 0.448004 0.351074 0.015756 0.029879
4 0.915179 0.912232 0.087710 0.115780
1 0.630515 0.617180 0.014181 0.039216
4 0.200105 0.563025 0.052521 0.056022
4 0.274422 0.501401 0.054097 0.046685
5 0.330357 0.384220 0.039916 0.034547
4 0.372111 0.450514 0.026786 0.036415
1 0.172532 0.907096 0.009979 0.058824
10 0.373162 0.706349 0.019433 0.042017
1 0.746586 0.638189 0.017332 0.040149
10 0.506565 0.542951 0.016282 0.034547
1 0.387868 0.677404 0.016282 0.053221
1 0.378414 0.635387 0.012080 0.045752
7 0.802784 0.664332 0.042542 0.043884
10 0.568540 0.434641 0.013130 0.047619
4 0.068015 0.784781 0.096113 0.081232
4 0.038340 0.964986 0.076681 0.062558
7 0.064338 0.876284 0.035189 0.060691
0 0.019958 0.874416 0.039916 0.064426
10 0.435662 0.517740 0.012080 0.043884
1 0.232668 0.476657 0.014706 0.028945
0 0.224002 0.457049 0.030987 0.042017
5 0.595063 0.480392 0.023109 0.055089
0 0.488183 0.140523 0.022584 0.040149
0 0.491334 0.187208 0.045693 0.028945
0 0.491859 0.211018 0.057248 0.024276
1 0.788078 0.640056 0.011029 0.042017
1 0.643382 0.582633 0.014706 0.044818
1 0.711922 0.533613 0.017332 0.042017
6 0.652574 0.518674 0.020483 0.073763
7 0.377363 0.514006 0.040441 0.043884
4 0.939338 0.798786 0.079307 0.066293
4 0.891544 0.719421 0.069853 0.064426
1 0.522321 0.537815 0.014181 0.046685
1 0.528887 0.521942 0.012605 0.054155
0 0.352153 0.281513 0.027836 0.049486
4 0.327468 0.350607 0.016282 0.036415
4 0.517069 0.259104 0.014181 0.027077
4 0.501313 0.230159 0.011029 0.017740
10 0.545693 0.333333 0.007353 0.026144
10 0.512342 0.281513 0.007878 0.021475
4 0.294905 0.430906 0.056197 0.032680
