4 0.688025 0.886555 0.092437 0.223156
4 0.463235 0.757703 0.069328 0.238095
4 0.561975 0.446312 0.051471 0.125117
5 0.462710 0.321195 0.036765 0.126984
5 0.548319 0.083100 0.031513 0.072829
4 0.048057 0.634454 0.096113 0.200747
4 0.106618 0.471522 0.086134 0.151261
4 0.468225 0.032680 0.026786 0.065359
4 0.606618 0.088235 0.040966 0.058824
7 0.421481 0.056022 0.017332 0.050420
2 0.422794 0.047152 0.010504 0.040149
1 0.366071 0.201214 0.013655 0.056956
1 0.361082 0.192810 0.008929 0.056956
2 0.422794 0.041550 0.010504 0.034547
5 0.209296 0.178338 0.039391 0.076564
4 0.231355 0.123716 0.042542 0.077498
4 0.745011 0.057890 0.039391 0.054155
1 0.950893 0.535481 0.022584 0.066293
1 0.927258 0.514006 0.028887 0.077498
4 0.102153 0.107843 0.066702 0.064426
1 0.023897 0.212885 0.014181 0.063492
3 0.030200 0.236228 0.033088 0.042951
3 0.063288 0.220822 0.018382 0.056956
2 0.063813 0.215686 0.024685 0.054155
3 0.081408 0.194678 0.016807 0.038282
2 0.080620 0.186741 0.015231 0.044818
1 0.316964 0.133053 0.015231 0.058824
7 0.329569 0.286181 0.038340 0.098039
5 0.037553 0.394491 0.075105 0.084967
