4 0.630515 0.634454 0.068803 0.178338
4 0.545168 0.286648 0.040966 0.097106
5 0.540966 0.022876 0.026261 0.045752
4 0.463498 0.379085 0.043592 0.143791
4 0.636292 0.200280 0.051996 0.070028
4 0.406513 0.112512 0.033613 0.070028
4 0.466124 0.028945 0.028887 0.057890
1 0.650735 0.194211 0.013655 0.048553
7 0.391544 0.375817 0.030987 0.098039
2 0.387605 0.373950 0.017857 0.042017
1 0.344800 0.362745 0.011029 0.066293
1 0.339548 0.346872 0.008929 0.056956
2 0.392595 0.359010 0.013130 0.045752
5 0.150473 0.338469 0.058298 0.109244
4 0.181985 0.249300 0.056197 0.102708
4 0.790441 0.163866 0.047269 0.068161
6 0.741334 0.045285 0.064601 0.090570
4 0.266282 0.027077 0.032563 0.054155
4 0.040179 0.220822 0.080357 0.075630
1 0.284926 0.261905 0.015231 0.060691
7 0.290179 0.483193 0.040441 0.101774
