4 0.581670 0.875817 0.047794 0.102708
5 0.558298 0.617647 0.028361 0.060691
6 0.212447 0.755836 0.077206 0.183940
4 0.539653 0.528011 0.025735 0.042017
6 0.481880 0.575163 0.037290 0.082166
6 0.539128 0.470121 0.018382 0.034547
4 0.587447 0.502334 0.023634 0.031746
4 0.407563 0.459851 0.038866 0.032680
4 0.456408 0.439309 0.024160 0.036415
4 0.547794 0.440710 0.015756 0.028011
4 0.479517 0.418301 0.017857 0.029879
4 0.526523 0.410831 0.017332 0.026144
4 0.448267 0.393091 0.017332 0.029879
4 0.493435 0.391690 0.017332 0.028945
4 0.470326 0.379085 0.015231 0.026144
4 0.488971 0.358543 0.014706 0.024276
5 0.933298 0.953782 0.072479 0.090570
1 0.658876 0.894491 0.013130 0.067227
4 0.768382 0.646592 0.046218 0.056956
1 0.609506 0.501401 0.009979 0.037348
4 0.045956 0.947246 0.091912 0.083100
5 0.054097 0.784781 0.091387 0.135387
4 0.064863 0.704015 0.060399 0.080299
4 0.117647 0.699813 0.055672 0.070028
4 0.045168 0.673669 0.060924 0.058824
4 0.133929 0.637722 0.037815 0.069094
5 0.284664 0.465920 0.040966 0.042951
4 0.329044 0.433240 0.043592 0.035481
0 0.047006 0.603641 0.085609 0.071895
1 0.280725 0.715686 0.011029 0.058824
10 0.415179 0.547619 0.019433 0.042017
1 0.707721 0.581232 0.017332 0.040149
10 0.503939 0.456116 0.016282 0.034547
1 0.425158 0.525210 0.016282 0.036415
1 0.419380 0.501401 0.012080 0.044818
7 0.718225 0.528945 0.038340 0.034547
10 0.468225 0.479458 0.011029 0.042017
10 0.565914 0.505602 0.013130 0.047619
4 0.215599 0.566293 0.074055 0.060691
4 0.201418 0.656863 0.068803 0.056956
0 0.284926 0.406629 0.030987 0.042017
5 0.575368 0.433707 0.023634 0.055089
0 0.491334 0.178805 0.022584 0.040149
0 0.495011 0.218021 0.045693 0.028945
0 0.494485 0.245098 0.057248 0.023343
1 0.693015 0.521475 0.011029 0.042017
4 0.795956 0.594304 0.053046 0.049486
0 0.394695 0.254435 0.027836 0.049486
4 0.527574 0.313259 0.014181 0.027077
4 0.507616 0.279645 0.011029 0.017740
