4 0.586134 0.758637 0.043067 0.088702
4 0.557773 0.637255 0.030462 0.064426
5 0.554622 0.528945 0.023109 0.055089
4 0.533088 0.446779 0.022059 0.034547
6 0.508929 0.347339 0.015756 0.024276
4 0.621324 0.616246 0.040966 0.052288
4 0.257616 0.541083 0.063550 0.045752
4 0.533613 0.359944 0.014706 0.023343
4 0.403624 0.541550 0.056197 0.044818
4 0.510504 0.320261 0.013655 0.020542
4 0.432248 0.432773 0.023109 0.036415
4 0.483718 0.502801 0.026261 0.053221
4 0.469538 0.455182 0.022059 0.040149
4 0.483718 0.417367 0.017857 0.033613
4 0.474265 0.359944 0.014706 0.027077
4 0.466124 0.379552 0.012080 0.030812
5 0.459034 0.396359 0.014706 0.040149
5 0.450368 0.349673 0.015231 0.028945
4 0.914916 0.912232 0.087185 0.115780
1 0.631040 0.618581 0.014181 0.040149
4 0.200893 0.564426 0.051996 0.056956
4 0.275735 0.503268 0.054622 0.046685
5 0.331145 0.385154 0.039391 0.034547
4 0.372374 0.451447 0.026261 0.036415
1 0.173582 0.908964 0.009979 0.058824
10 0.374212 0.706349 0.019433 0.042017
1 0.746586 0.638189 0.017332 0.040149
10 0.507616 0.544818 0.016282 0.034547
1 0.389443 0.678338 0.016282 0.053221
1 0.379989 0.632586 0.012080 0.045752
7 0.802258 0.663866 0.040441 0.039216
10 0.569590 0.441176 0.013130 0.047619
4 0.069590 0.785714 0.096113 0.081232
4 0.039653 0.963119 0.079307 0.064426
7 0.067227 0.875817 0.033613 0.059757
0 0.020746 0.874416 0.041492 0.064426
10 0.436712 0.515873 0.012080 0.043884
1 0.233193 0.476657 0.015756 0.028945
0 0.224527 0.457983 0.030987 0.042017
5 0.595851 0.483193 0.022584 0.055089
0 0.488183 0.141457 0.022584 0.040149
0 0.491859 0.188142 0.045693 0.028945
0 0.491859 0.211951 0.057248 0.024276
1 0.788078 0.640990 0.011029 0.042017
1 0.711922 0.533613 0.017332 0.042017
6 0.652574 0.519608 0.020483 0.073763
7 0.378414 0.515873 0.040441 0.043884
4 0.939338 0.798786 0.079307 0.066293
4 0.892069 0.719421 0.069853 0.064426
1 0.522584 0.539683 0.014706 0.048553
1 0.529149 0.522409 0.013130 0.055089
0 0.352679 0.283380 0.027836 0.049486
4 0.327994 0.350607 0.016282 0.036415
4 0.517069 0.261905 0.014181 0.027077
4 0.501313 0.233894 0.011029 0.017740
10 0.546481 0.338469 0.007878 0.027077
10 0.513918 0.286181 0.007878 0.021475
4 0.295431 0.431839 0.056197 0.032680
