4 0.578782 0.866480 0.047269 0.102708
5 0.556460 0.610177 0.027836 0.062558
6 0.229254 0.711951 0.069853 0.169001
4 0.537815 0.521008 0.025210 0.039216
6 0.480830 0.539683 0.034139 0.072829
6 0.535977 0.462185 0.018382 0.033613
4 0.581670 0.488329 0.022584 0.033613
4 0.420956 0.452381 0.038340 0.032680
4 0.458771 0.425303 0.023634 0.038282
4 0.545693 0.434641 0.015756 0.028945
4 0.478992 0.407563 0.014706 0.027077
4 0.526523 0.408497 0.017332 0.025210
4 0.447479 0.385621 0.017857 0.033613
4 0.492647 0.382353 0.016807 0.032680
4 0.469800 0.369748 0.017332 0.024276
4 0.487658 0.351541 0.013130 0.025210
5 0.904937 0.908497 0.069328 0.132586
1 0.643382 0.833800 0.008403 0.059757
4 0.752101 0.618114 0.043067 0.054155
4 0.067227 0.885621 0.111345 0.092437
5 0.082195 0.735761 0.082458 0.123249
4 0.089811 0.669468 0.055672 0.074697
4 0.138655 0.662465 0.049370 0.062558
4 0.068277 0.640056 0.054622 0.060691
4 0.152048 0.605976 0.034139 0.063492
5 0.292805 0.450980 0.037290 0.039216
4 0.333771 0.422969 0.041492 0.033613
0 0.064338 0.574697 0.086660 0.071895
1 0.290179 0.683940 0.012080 0.058824
10 0.414916 0.529879 0.018908 0.042017
1 0.699317 0.566293 0.017332 0.040149
10 0.501313 0.439309 0.016282 0.034547
1 0.428046 0.511204 0.015756 0.036415
1 0.420956 0.487395 0.012080 0.044818
7 0.709296 0.512138 0.038340 0.034547
10 0.468225 0.462652 0.011029 0.042017
10 0.564076 0.495798 0.012605 0.046685
4 0.227679 0.546218 0.074055 0.059757
4 0.215599 0.626984 0.068803 0.056956
0 0.292279 0.398226 0.030987 0.042017
5 0.573004 0.422502 0.023109 0.055089
0 0.491334 0.182540 0.022584 0.040149
0 0.495011 0.220822 0.045693 0.028945
0 0.494485 0.248833 0.057248 0.023343
1 0.683824 0.503268 0.010504 0.041083
4 0.781250 0.570962 0.053046 0.049486
0 0.397847 0.250700 0.027836 0.049486
4 0.528099 0.316060 0.014181 0.027077
4 0.508666 0.281513 0.011029 0.017740
