4 0.559349 0.456583 0.033613 0.057890
4 0.555147 0.344538 0.026261 0.042951
5 0.519170 0.242764 0.017332 0.039216
4 0.510767 0.160598 0.013130 0.022409
4 0.724790 0.874416 0.052521 0.133520
4 0.523897 0.143324 0.016282 0.028945
4 0.411765 0.422502 0.031513 0.062558
4 0.475840 0.758170 0.050420 0.140056
5 0.591912 0.673203 0.038866 0.102708
4 0.456670 0.365546 0.024685 0.047619
4 0.449580 0.556022 0.036765 0.084967
5 0.405462 0.756303 0.046218 0.143791
5 0.420168 0.357143 0.024160 0.058824
5 0.827468 0.696545 0.094013 0.089636
4 0.051471 0.756303 0.102941 0.110177
4 0.159401 0.581699 0.089811 0.078431
5 0.273372 0.327731 0.056197 0.044818
4 0.318277 0.461251 0.035714 0.059757
1 0.892595 0.729692 0.017332 0.040149
10 0.523372 0.687675 0.016282 0.056956
10 0.549370 0.215686 0.011555 0.035481
7 0.294380 0.905229 0.065651 0.081232
10 0.294905 0.819328 0.044643 0.068161
1 0.145221 0.451447 0.016282 0.028945
0 0.087710 0.488796 0.058824 0.077498
1 0.171481 0.681139 0.013130 0.056956
1 0.194590 0.670868 0.014181 0.051354
5 0.654412 0.532680 0.044118 0.083100
0 0.485032 0.021008 0.022584 0.036415
0 0.487132 0.054622 0.045693 0.028945
0 0.486082 0.093371 0.056197 0.048553
1 0.662815 0.802054 0.014706 0.067227
1 0.862132 0.639122 0.016282 0.060691
1 0.805410 0.737162 0.017332 0.047619
6 0.745011 0.592437 0.036239 0.107376
10 0.945641 0.701681 0.030987 0.051354
7 0.315914 0.601774 0.062500 0.053221
1 0.540179 0.641923 0.014181 0.055089
1 0.555410 0.619981 0.014181 0.057890
1 0.978204 0.777311 0.020483 0.068161
1 0.941439 0.652194 0.014181 0.042017
1 0.965599 0.641923 0.014181 0.047619
4 0.275473 0.274043 0.016282 0.036415
1 0.731355 0.261905 0.007878 0.038282
1 0.653099 0.297386 0.006828 0.053221
1 0.660977 0.290850 0.007878 0.040149
1 0.668855 0.297386 0.011029 0.045752
1 0.298582 0.247899 0.011029 0.038282
1 0.309086 0.245098 0.013130 0.032680
6 0.856355 0.893557 0.127626 0.209150
4 0.300158 0.394958 0.050945 0.039216
10 0.419905 0.258637 0.007878 0.031746
10 0.449842 0.238095 0.007878 0.024276
1 0.778361 0.616713 0.011555 0.051354
1 0.770746 0.624183 0.014181 0.047619
7 0.302521 0.542484 0.028361 0.054155
5 0.355567 0.142390 0.032563 0.036415
