4 0.574055 0.648459 0.038866 0.064426
4 0.560662 0.521475 0.027836 0.045752
5 0.521534 0.415500 0.016807 0.039216
4 0.509979 0.327264 0.012605 0.025210
6 0.500263 0.276377 0.009979 0.020542
4 0.679097 0.848273 0.043067 0.098039
4 0.522321 0.298319 0.016282 0.028945
4 0.032300 0.697479 0.064601 0.057890
4 0.508141 0.266106 0.012080 0.024276
4 0.416754 0.509337 0.028887 0.053221
4 0.467700 0.871615 0.050945 0.137255
4 0.476103 0.640056 0.033088 0.075630
5 0.577994 0.866480 0.042542 0.113912
4 0.456145 0.443044 0.022584 0.040149
4 0.459821 0.534547 0.027836 0.053221
5 0.429622 0.607843 0.029412 0.078431
5 0.424632 0.457983 0.021534 0.047619
5 0.838498 0.727824 0.079307 0.071895
4 0.083508 0.749300 0.090336 0.079365
4 0.199055 0.630719 0.076681 0.064426
5 0.292017 0.435574 0.050420 0.042017
4 0.337710 0.538749 0.035714 0.046685
1 0.835872 0.772642 0.017332 0.040149
10 0.513918 0.702614 0.016282 0.053221
1 0.330620 0.970121 0.016282 0.052288
10 0.549107 0.377684 0.013130 0.045752
7 0.324842 0.859477 0.065651 0.081232
10 0.319065 0.795985 0.034139 0.047619
1 0.177784 0.539216 0.016282 0.043884
0 0.138655 0.554155 0.052521 0.064426
1 0.227679 0.670868 0.013130 0.056956
1 0.243960 0.675537 0.014181 0.051354
5 0.632353 0.596172 0.034664 0.071895
0 0.482931 0.107843 0.022584 0.040149
0 0.485557 0.148926 0.045693 0.028945
0 0.486345 0.197479 0.060924 0.062558
1 0.938813 0.886555 0.011029 0.042017
1 0.631040 0.797852 0.015231 0.045752
1 0.794905 0.668067 0.017332 0.042017
1 0.739496 0.752101 0.016807 0.047619
6 0.707458 0.618581 0.026261 0.073763
7 0.335872 0.651727 0.053046 0.046685
1 0.529412 0.674136 0.014706 0.050420
1 0.542279 0.655462 0.014181 0.057890
1 0.901523 0.778245 0.020483 0.068161
0 0.337185 0.244631 0.027311 0.048553
4 0.291754 0.387955 0.016282 0.036415
10 0.537027 0.297386 0.007878 0.021475
10 0.490284 0.241363 0.007878 0.021475
6 0.794380 0.841737 0.097164 0.180205
4 0.250000 0.496732 0.055672 0.050420
10 0.425420 0.374416 0.007353 0.031746
10 0.449842 0.334267 0.007878 0.018674
1 0.740021 0.655929 0.011555 0.051354
1 0.727153 0.648926 0.014181 0.042951
7 0.322742 0.603641 0.020483 0.043884
