4 0.593487 0.811858 0.045168 0.092437
5 0.569065 0.612979 0.027836 0.066293
4 0.560137 0.539683 0.024685 0.042951
6 0.535189 0.438375 0.021008 0.036415
4 0.630515 0.597106 0.038340 0.047619
4 0.252101 0.525210 0.052521 0.043884
4 0.408351 0.523343 0.048845 0.045752
4 0.553046 0.422502 0.016807 0.027077
4 0.476366 0.492530 0.023109 0.042017
4 0.524685 0.378618 0.015756 0.025210
4 0.445903 0.429505 0.022059 0.035481
4 0.501313 0.451447 0.021534 0.042017
4 0.476891 0.425770 0.018908 0.033613
4 0.493697 0.401494 0.016807 0.029879
4 0.485294 0.342204 0.013655 0.023343
4 0.474002 0.359010 0.013130 0.025210
5 0.470851 0.371615 0.013130 0.031746
5 0.472689 0.317927 0.011555 0.027077
4 0.906250 0.855275 0.080357 0.102708
1 0.640494 0.597572 0.012080 0.039216
4 0.233981 0.549953 0.053046 0.050420
4 0.299895 0.496265 0.052521 0.045752
5 0.350578 0.383754 0.030987 0.031746
4 0.389968 0.446779 0.026786 0.036415
1 0.208771 0.920168 0.009979 0.058824
10 0.400473 0.676471 0.019433 0.042017
1 0.768120 0.665266 0.017332 0.040149
10 0.517069 0.532680 0.016282 0.034547
1 0.413078 0.647993 0.016282 0.046685
1 0.409926 0.597106 0.012080 0.045752
7 0.802784 0.635387 0.038340 0.034547
10 0.453519 0.698880 0.011029 0.042017
10 0.584296 0.505602 0.013130 0.047619
4 0.122111 0.742764 0.096113 0.081232
4 0.079832 0.895892 0.109244 0.066293
7 0.127889 0.826797 0.025735 0.055089
0 0.064338 0.816527 0.058298 0.064426
10 0.451418 0.490663 0.012080 0.043884
1 0.239758 0.488796 0.016282 0.028945
0 0.247637 0.452381 0.030987 0.042017
5 0.603204 0.481326 0.023634 0.055089
0 0.489758 0.157330 0.022584 0.040149
0 0.493435 0.202148 0.045693 0.028945
0 0.493435 0.225490 0.057248 0.023343
1 0.779149 0.620448 0.011029 0.042017
1 0.715074 0.521475 0.017332 0.042017
6 0.656775 0.506536 0.020483 0.073763
4 0.924632 0.756769 0.067752 0.049486
4 0.887342 0.691410 0.069853 0.064426
0 0.376838 0.279645 0.027836 0.049486
4 0.342174 0.351541 0.016282 0.036415
4 0.527048 0.296452 0.014181 0.027077
4 0.508666 0.263772 0.011029 0.017740
10 0.558561 0.369281 0.007878 0.028945
10 0.529149 0.314192 0.007878 0.021475
4 0.314338 0.425303 0.056197 0.032680
4 0.021008 0.499066 0.042017 0.043884
5 0.014443 0.540149 0.028887 0.051354
