4 0.617910 0.894491 0.054097 0.117647
4 0.572216 0.728291 0.038340 0.076564
5 0.563025 0.579832 0.024160 0.059757
4 0.552784 0.511671 0.024685 0.039216
6 0.519170 0.395892 0.017332 0.031746
4 0.629727 0.616713 0.039916 0.049486
4 0.171744 0.538282 0.050420 0.042017
4 0.330620 0.550420 0.043592 0.043884
4 0.543855 0.396825 0.015231 0.024276
4 0.458771 0.527544 0.034139 0.046685
4 0.517332 0.355275 0.014706 0.023343
4 0.438813 0.440243 0.021534 0.036415
4 0.496324 0.479458 0.023109 0.045752
4 0.474265 0.446779 0.021008 0.036415
4 0.489496 0.415500 0.017857 0.031746
4 0.480830 0.356676 0.015231 0.026144
4 0.470588 0.375350 0.012605 0.028011
5 0.466387 0.391690 0.014706 0.040149
5 0.463235 0.337068 0.012605 0.026144
4 0.919118 0.901494 0.087185 0.112979
1 0.640231 0.617647 0.014706 0.040149
4 0.214286 0.567227 0.052521 0.053221
4 0.286239 0.508403 0.054622 0.047619
5 0.340074 0.389823 0.036239 0.030812
4 0.381565 0.457983 0.025735 0.036415
1 0.181985 0.939776 0.009979 0.058824
10 0.388918 0.701681 0.019433 0.042017
1 0.764443 0.662465 0.017332 0.040149
10 0.513918 0.549486 0.016282 0.034547
1 0.402574 0.673669 0.016282 0.053221
1 0.397847 0.619514 0.012080 0.045752
7 0.805410 0.659664 0.038340 0.034547
10 0.419905 0.927638 0.013130 0.056956
10 0.576943 0.485994 0.013130 0.047619
4 0.093225 0.787582 0.096113 0.081232
4 0.051471 0.949113 0.100840 0.066293
7 0.093750 0.866013 0.025735 0.055089
0 0.028887 0.870682 0.052521 0.064426
10 0.444065 0.509337 0.012080 0.043884
1 0.235557 0.490663 0.016282 0.028945
0 0.233981 0.465453 0.030987 0.042017
5 0.601628 0.493464 0.023634 0.055089
0 0.488708 0.149860 0.022584 0.040149
0 0.492384 0.195612 0.045693 0.028945
0 0.492384 0.218954 0.057248 0.023343
1 0.790704 0.643791 0.011029 0.042017
1 0.715074 0.532680 0.017332 0.042017
6 0.656250 0.520542 0.020483 0.073763
4 0.937500 0.789449 0.075630 0.060691
4 0.896271 0.719421 0.069853 0.064426
1 0.528099 0.538282 0.015231 0.049486
1 0.537553 0.523343 0.014181 0.056956
0 0.361082 0.287115 0.027836 0.049486
4 0.333771 0.361811 0.016282 0.036415
4 0.521271 0.283380 0.014181 0.027077
4 0.502363 0.253501 0.011029 0.017740
10 0.553834 0.358077 0.007878 0.028945
10 0.523897 0.302988 0.007878 0.021475
4 0.302784 0.435574 0.056197 0.032680
