4 0.581145 0.873950 0.047794 0.102708
5 0.558561 0.616713 0.027836 0.064426
6 0.215336 0.746499 0.073529 0.182073
4 0.539391 0.528011 0.025210 0.042017
6 0.481618 0.568161 0.036765 0.079365
6 0.538866 0.470588 0.018908 0.033613
4 0.586922 0.499533 0.024685 0.033613
4 0.410189 0.457983 0.038866 0.032680
4 0.456670 0.436508 0.023634 0.034547
4 0.547269 0.438842 0.015756 0.028011
4 0.478466 0.414566 0.016807 0.029879
4 0.526261 0.409430 0.016807 0.025210
4 0.448267 0.391223 0.017332 0.029879
4 0.493172 0.389823 0.017857 0.030812
4 0.470326 0.376751 0.016282 0.025210
4 0.488445 0.356676 0.013655 0.024276
5 0.929097 0.946779 0.072479 0.102708
1 0.655725 0.881886 0.012080 0.066293
4 0.764968 0.640990 0.045693 0.056956
4 0.049370 0.936508 0.098739 0.087768
5 0.059874 0.774977 0.089286 0.132586
4 0.070116 0.697946 0.059349 0.079365
4 0.122111 0.692344 0.054097 0.068161
4 0.049895 0.665733 0.059874 0.059757
4 0.137868 0.631186 0.036239 0.067227
5 0.286502 0.462652 0.040441 0.042017
4 0.329832 0.431373 0.043067 0.035481
0 0.048319 0.599907 0.086134 0.071895
1 0.282300 0.709150 0.011029 0.058824
10 0.414653 0.542951 0.019433 0.042017
1 0.706145 0.578431 0.017332 0.040149
10 0.503414 0.452381 0.016282 0.034547
1 0.425683 0.522409 0.016282 0.036415
1 0.419905 0.498599 0.012080 0.044818
7 0.716124 0.527077 0.038340 0.034547
10 0.468225 0.476657 0.011029 0.042017
10 0.565389 0.503268 0.013130 0.046685
4 0.217700 0.561625 0.074055 0.060691
4 0.204044 0.651261 0.068803 0.056956
0 0.286502 0.404762 0.030987 0.042017
5 0.574317 0.434641 0.023634 0.055089
0 0.491334 0.178805 0.022584 0.040149
0 0.495011 0.218954 0.045693 0.028945
0 0.494485 0.245098 0.057248 0.023343
1 0.691176 0.517740 0.010504 0.042017
4 0.792805 0.589636 0.053046 0.049486
0 0.395221 0.253501 0.027836 0.049486
4 0.527574 0.314192 0.014181 0.027077
4 0.508141 0.279645 0.011029 0.017740
