4 0.570641 0.675070 0.037290 0.072829
4 0.560924 0.573763 0.028361 0.053221
5 0.542805 0.475724 0.021534 0.047619
4 0.519170 0.385621 0.018382 0.028011
6 0.503414 0.310458 0.012080 0.021475
4 0.622111 0.629785 0.040441 0.053221
4 0.174632 0.542951 0.066702 0.047619
4 0.526523 0.331466 0.013130 0.022409
4 0.303571 0.557890 0.049370 0.043884
4 0.430410 0.435574 0.022584 0.038282
4 0.473477 0.583100 0.032038 0.068161
4 0.469275 0.485994 0.024685 0.043884
4 0.481880 0.437442 0.020483 0.036415
5 0.572216 0.941176 0.050945 0.112045
4 0.470851 0.367880 0.016282 0.029879
4 0.465336 0.394024 0.017857 0.031746
5 0.456408 0.415033 0.017857 0.042017
5 0.435399 0.374883 0.017857 0.034547
4 0.932248 0.942110 0.094538 0.112045
1 0.636817 0.630719 0.014181 0.045752
4 0.187763 0.575163 0.054097 0.057890
4 0.265231 0.509804 0.054622 0.046685
5 0.325105 0.384687 0.042017 0.033613
4 0.367122 0.455182 0.028361 0.036415
1 0.168330 0.897759 0.009979 0.058824
10 0.366334 0.723623 0.019433 0.046685
1 0.746586 0.638189 0.017332 0.040149
10 0.506565 0.557890 0.016282 0.034547
1 0.378939 0.699813 0.016282 0.053221
1 0.366859 0.672736 0.012080 0.045752
7 0.808561 0.684407 0.047794 0.048553
10 0.562237 0.408030 0.013130 0.044818
4 0.050158 0.829132 0.087710 0.082166
7 0.040179 0.919234 0.035189 0.060691
10 0.431985 0.548553 0.012080 0.043884
1 0.230042 0.473856 0.007353 0.028945
0 0.216649 0.457049 0.030987 0.042017
5 0.595588 0.485994 0.024160 0.055089
0 0.487132 0.132120 0.022584 0.040149
0 0.490809 0.179739 0.045693 0.028945
0 0.490809 0.204015 0.057248 0.025210
1 0.793855 0.655929 0.011029 0.042017
1 0.624212 0.596172 0.015231 0.045752
1 0.719275 0.540149 0.015231 0.040149
6 0.654149 0.522409 0.020483 0.073763
7 0.373687 0.521475 0.040441 0.043884
4 0.952994 0.820728 0.087710 0.074697
4 0.904149 0.745565 0.069853 0.064426
1 0.520746 0.543417 0.013130 0.042951
1 0.529149 0.531746 0.011029 0.051354
0 0.351103 0.274977 0.027836 0.049486
4 0.321691 0.350607 0.016282 0.036415
4 0.512868 0.245098 0.014181 0.027077
10 0.541754 0.313259 0.007878 0.021475
10 0.503414 0.263772 0.007878 0.021475
4 0.289128 0.433707 0.056197 0.032680
1 0.669380 0.550420 0.009979 0.040149
1 0.679097 0.540616 0.013655 0.041083
