4 0.579307 0.868347 0.047269 0.102708
5 0.557248 0.611111 0.027311 0.062558
6 0.225053 0.721755 0.069853 0.173669
4 0.538340 0.522409 0.025210 0.040149
6 0.481092 0.546685 0.034664 0.073763
6 0.536502 0.464052 0.018382 0.033613
4 0.582983 0.491130 0.023109 0.033613
4 0.418067 0.453315 0.038866 0.032680
4 0.458246 0.428105 0.023634 0.036415
4 0.545956 0.435574 0.015231 0.028945
4 0.478466 0.408964 0.014706 0.028011
4 0.526261 0.408497 0.016807 0.025210
4 0.447479 0.386555 0.017857 0.031746
4 0.492647 0.384220 0.016807 0.032680
4 0.469800 0.371148 0.017332 0.025210
4 0.487658 0.352474 0.013130 0.025210
5 0.912290 0.921102 0.072479 0.133520
1 0.646534 0.845472 0.008403 0.060691
4 0.755515 0.623716 0.043592 0.054155
4 0.059611 0.898226 0.115021 0.097106
5 0.077468 0.745098 0.084559 0.126984
4 0.085347 0.677871 0.057248 0.076564
4 0.134716 0.670401 0.050945 0.063492
4 0.064076 0.647059 0.055672 0.061625
4 0.148897 0.612512 0.034139 0.063492
5 0.291229 0.453315 0.038340 0.040149
4 0.332458 0.425303 0.042017 0.034547
0 0.059611 0.581232 0.086660 0.071895
1 0.288078 0.690476 0.012080 0.058824
10 0.414653 0.532680 0.019433 0.042017
1 0.700368 0.570962 0.017332 0.040149
10 0.501838 0.442110 0.016282 0.034547
1 0.427784 0.514939 0.016282 0.036415
1 0.420693 0.490196 0.011555 0.044818
7 0.710872 0.515873 0.038340 0.034547
10 0.468225 0.466387 0.011029 0.042017
10 0.564338 0.497666 0.013130 0.046685
4 0.225053 0.549486 0.074055 0.060691
4 0.212973 0.633520 0.068803 0.056956
0 0.290704 0.400093 0.030987 0.042017
5 0.573267 0.425303 0.023634 0.055089
0 0.491334 0.181606 0.022584 0.040149
0 0.495011 0.219888 0.045693 0.028945
0 0.494485 0.247899 0.057248 0.023343
1 0.685662 0.507003 0.011029 0.041083
4 0.783876 0.575630 0.053046 0.049486
0 0.397321 0.251634 0.027836 0.049486
4 0.528099 0.315126 0.014181 0.027077
4 0.508141 0.281513 0.011029 0.017740
