4 0.594800 0.822596 0.045693 0.095238
5 0.569590 0.617647 0.028887 0.068161
4 0.559611 0.541083 0.024685 0.043884
6 0.538340 0.445378 0.022059 0.037348
4 0.628939 0.591970 0.037290 0.046685
4 0.264181 0.521942 0.053571 0.044818
4 0.413866 0.519141 0.049370 0.046685
4 0.553571 0.425303 0.016807 0.027077
4 0.477153 0.486461 0.022584 0.041083
4 0.525210 0.381886 0.016807 0.026144
4 0.445903 0.426704 0.022059 0.035481
4 0.501050 0.446779 0.021008 0.040149
4 0.476891 0.422502 0.018908 0.032680
4 0.493697 0.398693 0.016807 0.029879
4 0.485819 0.339402 0.013655 0.023343
4 0.474002 0.355742 0.013130 0.024276
5 0.471113 0.368347 0.013655 0.032680
5 0.473477 0.315126 0.011029 0.027077
4 0.898634 0.843604 0.077731 0.099907
1 0.639706 0.593838 0.011555 0.039216
4 0.236082 0.545285 0.053046 0.050420
4 0.302521 0.490663 0.050420 0.045752
5 0.351628 0.381886 0.030987 0.031746
4 0.390494 0.443978 0.026786 0.036415
1 0.212447 0.916433 0.009979 0.058824
10 0.401523 0.670868 0.019433 0.042017
1 0.766544 0.666200 0.017332 0.040149
10 0.516544 0.528011 0.016282 0.034547
1 0.414128 0.641457 0.016282 0.042951
1 0.411502 0.591503 0.012080 0.045752
7 0.798057 0.630719 0.038340 0.034547
10 0.456145 0.678338 0.011029 0.042017
10 0.583771 0.508403 0.013130 0.047619
4 0.127363 0.728758 0.096113 0.081232
4 0.085872 0.882820 0.109769 0.066293
7 0.133141 0.813725 0.025735 0.055089
0 0.072216 0.805322 0.058298 0.064426
10 0.451943 0.487862 0.012080 0.043884
1 0.240284 0.485994 0.016282 0.028945
0 0.249737 0.450514 0.030987 0.042017
5 0.603204 0.479458 0.023634 0.055089
0 0.489758 0.159197 0.022584 0.040149
0 0.493435 0.203081 0.045693 0.028945
0 0.493435 0.226424 0.057248 0.023343
1 0.774422 0.614846 0.011029 0.042017
1 0.711922 0.516807 0.017332 0.042017
6 0.656775 0.503735 0.020483 0.073763
4 0.918855 0.748366 0.067752 0.049486
4 0.883141 0.683940 0.069853 0.064426
0 0.377363 0.278711 0.027836 0.049486
4 0.343750 0.349673 0.016282 0.036415
4 0.528099 0.298319 0.014181 0.027077
4 0.509716 0.265640 0.011029 0.017740
10 0.558824 0.369281 0.008403 0.028945
10 0.529412 0.316060 0.008403 0.021475
4 0.315389 0.422502 0.056197 0.032680
4 0.022847 0.496265 0.045693 0.043884
5 0.016807 0.534547 0.033613 0.051354
