4 0.575368 0.650794 0.038340 0.065359
4 0.561975 0.523343 0.028361 0.045752
5 0.522847 0.416900 0.017332 0.038282
4 0.510504 0.325864 0.013655 0.024276
6 0.501576 0.277311 0.010504 0.020542
4 0.676208 0.834734 0.042542 0.095238
4 0.522321 0.300187 0.016282 0.028945
4 0.038603 0.685341 0.077206 0.050420
4 0.509716 0.262838 0.017332 0.025210
4 0.417542 0.504669 0.028361 0.049486
4 0.467437 0.834734 0.048319 0.130719
4 0.476891 0.625117 0.032563 0.071895
5 0.576943 0.866947 0.042542 0.112979
4 0.457195 0.437908 0.022584 0.039216
4 0.461660 0.524276 0.027311 0.051354
5 0.432248 0.592437 0.028361 0.075630
5 0.425683 0.453782 0.021534 0.046685
5 0.838761 0.718487 0.078782 0.071895
4 0.088761 0.737628 0.087185 0.078431
4 0.203256 0.622782 0.075630 0.063492
5 0.294118 0.432306 0.050420 0.041083
4 0.339548 0.534547 0.035189 0.045752
1 0.830620 0.772642 0.017332 0.040149
10 0.513393 0.698413 0.016282 0.050420
1 0.335347 0.956583 0.016282 0.064426
10 0.550420 0.376751 0.012605 0.042017
7 0.330620 0.847339 0.065651 0.081232
10 0.321691 0.783847 0.034139 0.047619
1 0.181460 0.536415 0.016282 0.040149
0 0.143908 0.549486 0.050420 0.064426
1 0.232405 0.662465 0.013130 0.056956
1 0.250263 0.664332 0.014181 0.051354
5 0.630777 0.588702 0.033613 0.068161
0 0.482931 0.117180 0.022584 0.040149
0 0.485032 0.158263 0.045693 0.028945
0 0.488708 0.190009 0.057248 0.025210
1 0.930410 0.873483 0.011029 0.042017
1 0.630515 0.780112 0.014181 0.053221
1 0.789653 0.661531 0.017332 0.042017
1 0.733981 0.748366 0.017332 0.047619
6 0.704832 0.614846 0.025210 0.073763
7 0.337973 0.645191 0.044643 0.044818
1 0.528624 0.671335 0.014181 0.050420
1 0.541754 0.652661 0.014181 0.057890
1 0.894170 0.768908 0.020483 0.068161
0 0.339023 0.251167 0.027836 0.048553
4 0.293855 0.386088 0.016282 0.036415
10 0.537027 0.302988 0.007878 0.021475
10 0.490809 0.246965 0.007878 0.021475
6 0.790441 0.838469 0.093487 0.175537
4 0.252626 0.494398 0.055672 0.047619
10 0.426471 0.372549 0.007353 0.031746
10 0.450368 0.331466 0.007878 0.018674
1 0.736870 0.655929 0.011555 0.051354
1 0.724527 0.648459 0.014181 0.042017
7 0.324842 0.597106 0.020483 0.043884
