4 0.624475 0.593838 0.067227 0.164332
4 0.550420 0.259570 0.038866 0.091503
5 0.543067 0.017740 0.024160 0.035481
4 0.456145 0.770775 0.062500 0.251167
4 0.654149 0.295051 0.057248 0.087768
4 0.386029 0.246965 0.042017 0.094304
4 0.463498 0.156396 0.032038 0.086835
1 0.677521 0.290383 0.016807 0.063492
7 0.351366 0.718954 0.045168 0.154995
2 0.346376 0.730626 0.018382 0.055089
1 0.324055 0.511671 0.014706 0.074697
1 0.318803 0.491597 0.008403 0.056956
2 0.352679 0.700747 0.015231 0.045752
4 0.388130 0.031279 0.034664 0.062558
4 0.477679 0.033147 0.027836 0.064426
5 0.100578 0.478992 0.077206 0.134454
4 0.145221 0.353875 0.068803 0.125117
4 0.830620 0.247899 0.057248 0.083100
6 0.768645 0.077498 0.083508 0.154995
4 0.248424 0.076564 0.036765 0.070962
2 0.266544 0.133520 0.013130 0.041083
3 0.266019 0.149860 0.011029 0.038282
4 0.108981 0.201214 0.102416 0.071895
1 0.260767 0.373483 0.015231 0.065359
7 0.252363 0.676471 0.062500 0.133520
