4 0.629727 0.629318 0.068277 0.177404
4 0.545693 0.283380 0.039916 0.094304
5 0.541229 0.022409 0.025735 0.044818
4 0.464023 0.402894 0.044643 0.150327
4 0.637342 0.208217 0.051996 0.069094
4 0.405200 0.122316 0.035189 0.070962
4 0.466124 0.036881 0.028887 0.062558
1 0.653361 0.201214 0.013655 0.051354
7 0.388655 0.397759 0.031513 0.102708
2 0.386555 0.392624 0.017857 0.042017
1 0.344538 0.371615 0.011555 0.067227
1 0.339023 0.356209 0.008929 0.056956
2 0.391807 0.376751 0.013655 0.045752
5 0.147584 0.347339 0.059874 0.110177
4 0.179622 0.255369 0.056723 0.103641
4 0.793330 0.169935 0.047794 0.069094
6 0.743960 0.047619 0.066702 0.095238
4 0.265756 0.028945 0.032563 0.057890
4 0.038603 0.227824 0.077206 0.074697
1 0.283351 0.269374 0.015231 0.060691
7 0.288078 0.496265 0.041492 0.103641
