4 0.585347 0.752568 0.042542 0.085901
4 0.557773 0.633987 0.030462 0.063492
5 0.554622 0.526144 0.023109 0.055089
4 0.532563 0.443044 0.022059 0.034547
6 0.508929 0.344538 0.015756 0.024276
4 0.621061 0.615313 0.040441 0.052288
4 0.254202 0.540616 0.064076 0.044818
4 0.533613 0.357143 0.014706 0.023343
4 0.400473 0.541550 0.056197 0.044818
4 0.510504 0.318394 0.013655 0.020542
4 0.432511 0.431839 0.023634 0.036415
4 0.483193 0.503735 0.026261 0.053221
4 0.470063 0.455182 0.022059 0.040149
4 0.483718 0.416900 0.017857 0.032680
4 0.474265 0.359010 0.014706 0.027077
4 0.466124 0.378618 0.012080 0.030812
5 0.459034 0.396359 0.014706 0.040149
5 0.449842 0.349673 0.015231 0.028945
4 0.914916 0.912232 0.087185 0.115780
1 0.631040 0.617647 0.014181 0.040149
4 0.200368 0.563959 0.051996 0.056022
4 0.275210 0.502334 0.054622 0.046685
5 0.330882 0.385154 0.039916 0.034547
4 0.372374 0.451447 0.026261 0.036415
1 0.173057 0.908030 0.009979 0.058824
10 0.373687 0.706349 0.019433 0.042017
1 0.746586 0.638189 0.017332 0.040149
10 0.507090 0.544818 0.016282 0.034547
1 0.388918 0.678338 0.016282 0.053221
1 0.379464 0.633520 0.012080 0.045752
7 0.802521 0.663866 0.040966 0.041083
10 0.569065 0.438375 0.013130 0.047619
4 0.069065 0.785714 0.096113 0.081232
4 0.039391 0.963585 0.078782 0.063492
7 0.065914 0.875817 0.034139 0.059757
0 0.020483 0.874416 0.040966 0.064426
10 0.436187 0.515873 0.012080 0.043884
1 0.232931 0.476657 0.015231 0.028945
0 0.224527 0.457983 0.030987 0.042017
5 0.595588 0.482260 0.023109 0.055089
0 0.488183 0.141457 0.022584 0.040149
0 0.491859 0.187208 0.045693 0.028945
0 0.491859 0.211485 0.057248 0.025210
1 0.788078 0.640990 0.011029 0.042017
1 0.645483 0.582633 0.014706 0.044818
1 0.711922 0.533613 0.017332 0.042017
6 0.652574 0.519608 0.020483 0.073763
7 0.377889 0.514939 0.040441 0.043884
4 0.939338 0.798786 0.079307 0.066293
4 0.891544 0.719421 0.069853 0.064426
1 0.522321 0.539216 0.014181 0.047619
1 0.529149 0.522409 0.013130 0.055089
0 0.352679 0.282446 0.027836 0.049486
4 0.327994 0.350607 0.016282 0.036415
4 0.517069 0.260971 0.014181 0.027077
4 0.501313 0.232960 0.011029 0.017740
10 0.546218 0.336601 0.007353 0.027077
10 0.513393 0.284314 0.007878 0.021475
4 0.294905 0.431839 0.056197 0.032680
