4 0.612395 0.873950 0.051471 0.112045
4 0.568803 0.715219 0.036765 0.074697
5 0.561187 0.572362 0.023634 0.057890
4 0.549370 0.503268 0.025210 0.039216
6 0.516807 0.388889 0.015756 0.030812
4 0.627626 0.619514 0.039916 0.049486
4 0.161765 0.536415 0.049370 0.040149
4 0.319853 0.548086 0.049370 0.042951
4 0.542279 0.392157 0.015231 0.024276
4 0.451943 0.530812 0.038340 0.045752
4 0.516019 0.351074 0.014181 0.022409
4 0.437763 0.439776 0.021534 0.037348
4 0.494485 0.482726 0.023634 0.046685
4 0.472952 0.448179 0.021534 0.037348
4 0.488445 0.416433 0.017857 0.031746
4 0.479779 0.357610 0.015231 0.026144
4 0.469538 0.376751 0.012605 0.028945
5 0.464811 0.392624 0.014706 0.040149
5 0.461134 0.339869 0.012605 0.026144
4 0.919118 0.905229 0.088235 0.114846
1 0.638918 0.618581 0.014181 0.040149
4 0.211922 0.567227 0.051996 0.055089
4 0.283876 0.509337 0.055147 0.047619
5 0.338761 0.389823 0.036765 0.030812
4 0.379989 0.457983 0.025735 0.036415
1 0.179884 0.936975 0.009979 0.058824
10 0.385767 0.701681 0.019433 0.042017
1 0.762342 0.659664 0.017332 0.040149
10 0.512868 0.550420 0.016282 0.034547
1 0.400473 0.675537 0.016282 0.053221
1 0.395221 0.621382 0.012080 0.045752
7 0.804884 0.660598 0.038340 0.034547
10 0.575368 0.481326 0.013130 0.047619
4 0.089548 0.793184 0.096113 0.081232
4 0.049107 0.952848 0.098214 0.066293
7 0.088498 0.869748 0.025735 0.055089
0 0.025473 0.876284 0.050945 0.064426
10 0.442489 0.511204 0.012080 0.043884
1 0.234506 0.490663 0.016282 0.028945
0 0.231880 0.465453 0.030987 0.042017
5 0.600578 0.495331 0.023634 0.055089
0 0.488708 0.148926 0.022584 0.040149
0 0.492384 0.193744 0.045693 0.028945
0 0.492384 0.217554 0.057248 0.024276
1 0.790704 0.646592 0.011029 0.042017
1 0.715074 0.532680 0.017332 0.042017
6 0.655725 0.520542 0.020483 0.073763
4 0.938288 0.793651 0.077206 0.063492
4 0.896271 0.720355 0.069853 0.064426
1 0.527048 0.538282 0.015231 0.049486
1 0.536502 0.524276 0.014181 0.056956
0 0.355305 0.288982 0.027836 0.049486
4 0.332721 0.359944 0.016282 0.036415
4 0.520221 0.280579 0.014181 0.027077
4 0.501838 0.251634 0.011029 0.017740
10 0.552784 0.355275 0.007878 0.028945
10 0.522847 0.301120 0.007878 0.021475
4 0.300683 0.435574 0.056197 0.032680
