4 0.587710 0.788515 0.042017 0.086835
5 0.567752 0.603641 0.027311 0.062558
4 0.560662 0.534080 0.023634 0.041083
6 0.530200 0.423903 0.019433 0.031746
4 0.632878 0.606909 0.038866 0.048553
4 0.225315 0.528945 0.055672 0.042017
4 0.396008 0.531279 0.048319 0.044818
4 0.551208 0.415500 0.016282 0.026144
4 0.473739 0.503268 0.025210 0.042951
4 0.523109 0.372082 0.015756 0.025210
4 0.444853 0.433707 0.022059 0.036415
4 0.501050 0.460317 0.022059 0.042951
4 0.477153 0.432773 0.019433 0.034547
4 0.493435 0.406629 0.017332 0.030812
4 0.484769 0.348739 0.013655 0.025210
4 0.474002 0.365546 0.013130 0.025210
5 0.470588 0.378618 0.013655 0.032680
5 0.471113 0.324930 0.011555 0.028011
4 0.914128 0.873483 0.082458 0.109244
1 0.642069 0.604575 0.013130 0.040149
4 0.229254 0.559290 0.053046 0.050420
4 0.295431 0.501401 0.054097 0.046685
5 0.347952 0.387955 0.032038 0.030812
4 0.387868 0.451447 0.026786 0.036415
1 0.201418 0.927638 0.009979 0.058824
10 0.397847 0.687675 0.019433 0.042017
1 0.768645 0.663399 0.017332 0.040149
10 0.517069 0.539216 0.016282 0.034547
1 0.410977 0.661531 0.016282 0.053221
1 0.406775 0.607376 0.012080 0.045752
7 0.804884 0.643791 0.038340 0.034547
10 0.445116 0.758637 0.012080 0.047619
10 0.582721 0.500934 0.013130 0.047619
4 0.112132 0.760504 0.096113 0.081232
4 0.071429 0.911765 0.107143 0.066293
7 0.117384 0.841737 0.025735 0.055089
0 0.050683 0.837068 0.058298 0.064426
10 0.450368 0.496265 0.012080 0.043884
1 0.238708 0.490663 0.016282 0.028945
0 0.243960 0.456116 0.030987 0.042017
5 0.604254 0.485061 0.023634 0.055089
0 0.489233 0.155462 0.022584 0.040149
0 0.493435 0.200280 0.045693 0.028945
0 0.492910 0.223623 0.057248 0.023343
1 0.787553 0.631653 0.011029 0.042017
1 0.716649 0.528945 0.017332 0.042017
6 0.656775 0.510271 0.020483 0.073763
4 0.934349 0.772176 0.068277 0.050420
4 0.894695 0.705415 0.069853 0.064426
0 0.376313 0.280579 0.027836 0.049486
4 0.339548 0.355275 0.016282 0.036415
4 0.525473 0.292717 0.014181 0.027077
4 0.506565 0.260971 0.011029 0.017740
10 0.558036 0.367414 0.007878 0.028945
10 0.528624 0.311391 0.007878 0.021475
4 0.311187 0.429972 0.056197 0.032680
4 0.017857 0.505602 0.035714 0.043884
5 0.009979 0.551354 0.019958 0.051354
