4 0.580620 0.726891 0.041492 0.081232
4 0.557511 0.615313 0.029937 0.061625
5 0.551996 0.512138 0.023109 0.053221
4 0.528887 0.427638 0.021008 0.031746
6 0.507353 0.335201 0.014706 0.024276
4 0.620798 0.614846 0.040966 0.051354
4 0.237920 0.539216 0.064076 0.043884
4 0.531775 0.350140 0.014181 0.022409
4 0.382878 0.542017 0.053571 0.043884
4 0.509979 0.311858 0.013655 0.020542
4 0.431723 0.431373 0.023109 0.037348
4 0.480830 0.514939 0.026786 0.055089
4 0.469800 0.459384 0.022584 0.041083
4 0.483193 0.420168 0.017857 0.033613
4 0.473477 0.359010 0.015231 0.027077
4 0.465336 0.379552 0.013655 0.030812
5 0.458508 0.398226 0.015756 0.040149
5 0.446166 0.353875 0.016282 0.029879
4 0.915441 0.913632 0.088235 0.118581
1 0.629989 0.615780 0.014181 0.040149
4 0.199317 0.561158 0.051996 0.056022
4 0.272847 0.499533 0.054097 0.046685
5 0.330095 0.383287 0.040441 0.034547
4 0.371586 0.449580 0.026786 0.036415
1 0.172006 0.906162 0.009979 0.058824
10 0.372637 0.707283 0.019433 0.042017
1 0.746586 0.638189 0.017332 0.040149
10 0.506040 0.541083 0.016282 0.034547
1 0.386292 0.676471 0.016282 0.053221
1 0.376838 0.639122 0.012080 0.045752
7 0.803046 0.665266 0.045168 0.047619
10 0.568015 0.430906 0.013130 0.047619
4 0.066439 0.783847 0.096113 0.081232
4 0.036765 0.965920 0.073529 0.060691
7 0.063288 0.879085 0.035189 0.060691
0 0.019170 0.874416 0.038340 0.064426
10 0.435137 0.522409 0.012080 0.043884
1 0.232405 0.476657 0.014181 0.028945
0 0.223477 0.456116 0.030987 0.042017
5 0.595326 0.483193 0.023634 0.055089
0 0.487658 0.139589 0.022584 0.040149
0 0.491334 0.186275 0.045693 0.028945
0 0.491334 0.210084 0.057248 0.024276
1 0.787553 0.639122 0.011029 0.042017
1 0.641019 0.584034 0.015231 0.045752
1 0.711397 0.533613 0.017332 0.042017
6 0.652574 0.517740 0.020483 0.073763
7 0.376838 0.512138 0.040441 0.043884
4 0.939338 0.798786 0.079307 0.066293
4 0.892595 0.720355 0.069853 0.064426
1 0.522059 0.535948 0.013655 0.044818
1 0.528624 0.521008 0.012080 0.052288
0 0.352153 0.280579 0.027836 0.049486
4 0.326418 0.350607 0.016282 0.036415
4 0.516019 0.255369 0.014181 0.027077
10 0.545168 0.328665 0.007353 0.024276
10 0.511292 0.277778 0.007878 0.021475
4 0.294380 0.429972 0.056197 0.032680
