4 0.596376 0.837068 0.046744 0.099907
5 0.570378 0.623716 0.029412 0.070962
4 0.558561 0.542951 0.024685 0.043884
6 0.542542 0.453782 0.023109 0.039216
4 0.626838 0.585434 0.036239 0.046685
4 0.279674 0.517274 0.054097 0.044818
4 0.420693 0.513539 0.049370 0.046685
4 0.554097 0.429038 0.016807 0.027077
4 0.477941 0.478992 0.022059 0.039216
4 0.525998 0.386088 0.017332 0.027077
4 0.445903 0.423903 0.022059 0.035481
4 0.500525 0.440710 0.021008 0.039216
4 0.476366 0.418301 0.018908 0.031746
4 0.493172 0.394958 0.016807 0.028011
4 0.486082 0.335201 0.013130 0.022409
4 0.474002 0.351074 0.013130 0.024276
5 0.471376 0.363679 0.013130 0.032680
5 0.474527 0.310924 0.011029 0.026144
4 0.888130 0.826797 0.075630 0.096172
1 0.638130 0.587768 0.010504 0.038282
4 0.239233 0.538282 0.053046 0.049486
4 0.303046 0.484594 0.051471 0.042951
5 0.352416 0.379085 0.030462 0.031746
4 0.391544 0.439776 0.026786 0.035481
1 0.217174 0.901494 0.009979 0.058824
10 0.403099 0.663399 0.019433 0.042017
1 0.765494 0.668067 0.017332 0.040149
10 0.515494 0.521475 0.016282 0.034547
1 0.415179 0.632586 0.016282 0.038282
1 0.414128 0.584967 0.012080 0.045752
7 0.791754 0.625117 0.038340 0.034547
10 0.459821 0.650327 0.011029 0.042017
10 0.583246 0.512138 0.013130 0.047619
4 0.134979 0.712418 0.091387 0.076564
4 0.095326 0.860411 0.109769 0.066293
7 0.139968 0.795985 0.025735 0.055089
0 0.083246 0.790383 0.058298 0.064426
1 0.240809 0.481326 0.016282 0.028945
0 0.252363 0.448646 0.030987 0.042017
5 0.602679 0.477591 0.023634 0.055089
0 0.489758 0.160131 0.022584 0.040149
0 0.493960 0.204015 0.045693 0.028945
0 0.493435 0.227824 0.057248 0.024276
1 0.767595 0.609244 0.011029 0.042017
1 0.708246 0.511204 0.017332 0.042017
6 0.654149 0.500000 0.020483 0.073763
4 0.910977 0.736228 0.067752 0.049486
4 0.876313 0.673669 0.069853 0.064426
0 0.377889 0.277778 0.027836 0.049486
4 0.345851 0.346872 0.016282 0.036415
4 0.528099 0.300187 0.014181 0.027077
4 0.509191 0.267507 0.011029 0.017740
10 0.559086 0.371148 0.007878 0.028945
10 0.529937 0.316993 0.008403 0.021475
4 0.316964 0.418768 0.056197 0.032680
4 0.026786 0.488796 0.051471 0.043884
5 0.019958 0.528011 0.039916 0.051354
