4 0.578782 0.656396 0.037815 0.069094
4 0.565126 0.527544 0.028361 0.044818
5 0.525998 0.420635 0.019433 0.038282
4 0.512605 0.330065 0.013655 0.023343
6 0.503676 0.279178 0.010504 0.020542
4 0.670956 0.809057 0.040441 0.090570
4 0.522847 0.302054 0.016282 0.028945
4 0.068540 0.669935 0.086660 0.055089
4 0.511817 0.263772 0.017332 0.025210
4 0.420693 0.495331 0.027311 0.047619
4 0.468487 0.769841 0.043067 0.111111
4 0.479254 0.596639 0.032038 0.065359
5 0.577206 0.867880 0.043067 0.112979
4 0.459296 0.428105 0.022584 0.036415
4 0.465599 0.505135 0.026786 0.048553
5 0.438025 0.563492 0.026261 0.070028
5 0.428571 0.445845 0.022059 0.045752
5 0.841649 0.700280 0.075105 0.070962
4 0.100840 0.717087 0.081933 0.074697
4 0.212185 0.608310 0.073529 0.060691
5 0.298582 0.425303 0.049895 0.040149
4 0.343487 0.523810 0.033613 0.044818
1 0.821166 0.752101 0.017332 0.040149
10 0.512868 0.678805 0.016282 0.044818
1 0.343750 0.924837 0.016282 0.053221
10 0.553309 0.373950 0.012080 0.034547
7 0.336397 0.820728 0.057248 0.065359
10 0.326943 0.760504 0.034139 0.047619
1 0.188813 0.530345 0.016282 0.033613
0 0.154412 0.540149 0.047269 0.064426
1 0.242910 0.646592 0.013130 0.056956
1 0.262868 0.642857 0.014181 0.051354
5 0.628414 0.574230 0.030987 0.059757
0 0.483456 0.118114 0.022584 0.040149
0 0.485557 0.160131 0.045693 0.028945
0 0.489233 0.204949 0.058298 0.053221
1 0.914653 0.847339 0.011029 0.042017
1 0.632090 0.758637 0.015231 0.045752
1 0.781775 0.647526 0.017332 0.042017
1 0.730830 0.727824 0.017332 0.047619
6 0.699055 0.606443 0.023109 0.073763
7 0.342174 0.630719 0.040441 0.043884
1 0.527048 0.655929 0.015231 0.049486
1 0.541754 0.638189 0.014181 0.056956
1 0.878939 0.750233 0.020483 0.068161
0 0.342174 0.263305 0.027836 0.048553
4 0.300158 0.377684 0.016282 0.036415
10 0.537553 0.302988 0.007878 0.021475
10 0.491859 0.246965 0.007878 0.021475
6 0.781775 0.821662 0.084559 0.164332
4 0.257616 0.489729 0.056197 0.042017
10 0.429097 0.367880 0.007353 0.031746
10 0.451943 0.325864 0.007878 0.018674
1 0.730042 0.650794 0.011555 0.050420
1 0.718750 0.641457 0.014181 0.041083
7 0.330095 0.584034 0.020483 0.043884
