4 0.596901 0.815593 0.047794 0.098039
4 0.560662 0.677404 0.032038 0.066293
5 0.557773 0.554622 0.022059 0.056022
4 0.540966 0.478992 0.022059 0.037348
6 0.511292 0.370215 0.015231 0.028945
4 0.623687 0.620915 0.040441 0.050420
4 0.288340 0.546218 0.059874 0.044818
4 0.537553 0.380486 0.015231 0.025210
4 0.430935 0.541083 0.049895 0.045752
4 0.512868 0.339402 0.014181 0.021475
4 0.434874 0.439776 0.022059 0.039216
4 0.488971 0.494398 0.025210 0.049486
4 0.469800 0.453782 0.021534 0.037348
4 0.485294 0.420168 0.017857 0.033613
4 0.476628 0.362278 0.015231 0.026144
4 0.466912 0.382353 0.012605 0.028945
5 0.460609 0.397759 0.014706 0.039216
5 0.455882 0.348273 0.013655 0.028011
4 0.915441 0.914099 0.086134 0.115780
1 0.634191 0.620448 0.014181 0.040149
4 0.204832 0.568627 0.051471 0.056022
4 0.279149 0.508870 0.054097 0.046685
5 0.335084 0.390756 0.038866 0.032680
4 0.375263 0.457983 0.025735 0.036415
1 0.176733 0.922969 0.009979 0.058824
10 0.377363 0.703548 0.019433 0.042017
1 0.754464 0.648459 0.017332 0.040149
10 0.509716 0.551354 0.016282 0.034547
1 0.394170 0.680205 0.016282 0.053221
1 0.387342 0.626050 0.012080 0.045752
7 0.803309 0.661531 0.038340 0.034547
10 0.572216 0.463585 0.013130 0.047619
4 0.077994 0.791317 0.096113 0.081232
4 0.044380 0.958450 0.088761 0.066293
7 0.076155 0.875350 0.028361 0.056956
0 0.023109 0.875350 0.046218 0.064426
10 0.439863 0.514006 0.012080 0.043884
1 0.233456 0.486928 0.016282 0.028945
0 0.226103 0.463585 0.030987 0.042017
5 0.598214 0.489729 0.023109 0.055089
0 0.488183 0.145191 0.022584 0.040149
0 0.491859 0.190943 0.045693 0.028945
0 0.491859 0.214753 0.057248 0.024276
1 0.789128 0.643791 0.011029 0.042017
1 0.713498 0.533613 0.017332 0.042017
6 0.654149 0.520542 0.020483 0.073763
7 0.380515 0.521475 0.040441 0.043884
4 0.939338 0.798786 0.079307 0.066293
4 0.894170 0.720355 0.069853 0.064426
1 0.524422 0.540149 0.015231 0.049486
1 0.532300 0.523343 0.014181 0.056956
0 0.353204 0.286181 0.027836 0.049486
4 0.330620 0.354342 0.016282 0.036415
4 0.517069 0.273109 0.014181 0.027077
4 0.500788 0.246032 0.011029 0.017740
10 0.549107 0.348739 0.007878 0.028945
10 0.518120 0.294585 0.007878 0.021475
4 0.295956 0.434641 0.056197 0.032680
