4 0.629202 0.624183 0.068277 0.176471
4 0.546481 0.280112 0.039391 0.091503
5 0.542017 0.022409 0.025210 0.042951
4 0.464548 0.426704 0.045693 0.156863
4 0.638655 0.216620 0.051471 0.069094
4 0.404412 0.132120 0.036765 0.071895
4 0.466387 0.044818 0.029412 0.067227
1 0.655987 0.208217 0.013655 0.054155
7 0.386029 0.419234 0.031513 0.106443
2 0.383666 0.416900 0.018382 0.042017
1 0.342700 0.381419 0.012080 0.068161
1 0.338235 0.366480 0.008403 0.056956
2 0.388655 0.398693 0.013655 0.044818
5 0.144695 0.356209 0.061450 0.111111
4 0.177258 0.262372 0.057248 0.104575
4 0.796218 0.176004 0.048319 0.070028
6 0.746586 0.049486 0.068803 0.098973
4 0.265231 0.030812 0.032563 0.061625
4 0.036239 0.235294 0.072479 0.076564
1 0.281775 0.275910 0.015231 0.060691
7 0.285452 0.510271 0.042542 0.105509
