4 0.649685 0.757703 0.078782 0.223156
4 0.545693 0.358543 0.046218 0.108310
5 0.447479 0.519608 0.040966 0.170868
5 0.536765 0.045752 0.027311 0.069094
4 0.068277 0.554622 0.096639 0.179272
4 0.461660 0.119048 0.032563 0.090570
4 0.610032 0.117647 0.046744 0.059757
1 0.616597 0.101774 0.010504 0.028011
7 0.409139 0.138655 0.023109 0.058824
2 0.409139 0.133520 0.010504 0.041083
1 0.356618 0.242297 0.011555 0.056956
1 0.353992 0.231559 0.008403 0.056022
2 0.409664 0.131186 0.010504 0.043884
5 0.190126 0.219421 0.042017 0.082166
4 0.212447 0.157330 0.047794 0.088702
4 0.753414 0.084967 0.041492 0.056022
1 0.964811 0.596639 0.023109 0.067227
1 0.938288 0.573296 0.030987 0.084034
4 0.079044 0.139589 0.071954 0.068161
3 0.034139 0.268908 0.023109 0.057890
2 0.033351 0.259570 0.021534 0.056022
3 0.052521 0.240430 0.015756 0.038282
2 0.051208 0.229225 0.017332 0.045752
1 0.301733 0.162932 0.015231 0.060691
7 0.319065 0.339402 0.038340 0.098039
5 0.020221 0.476657 0.040441 0.084967
