4 0.589286 0.777778 0.045168 0.091503
4 0.558298 0.649860 0.030462 0.063492
5 0.555147 0.538282 0.022059 0.055089
4 0.534664 0.457983 0.022059 0.036415
6 0.509454 0.355742 0.014706 0.026144
4 0.622637 0.619048 0.041492 0.050420
4 0.267332 0.542017 0.063025 0.045752
4 0.534401 0.369281 0.015231 0.025210
4 0.413603 0.543417 0.055147 0.046685
4 0.511029 0.328665 0.013655 0.020542
4 0.432248 0.436975 0.023109 0.035481
4 0.485557 0.501867 0.025735 0.051354
4 0.469013 0.457049 0.021008 0.038282
4 0.484244 0.420168 0.017857 0.033613
4 0.474527 0.362745 0.015231 0.027077
4 0.466124 0.382353 0.012080 0.030812
5 0.459034 0.397759 0.014706 0.039216
5 0.452731 0.351074 0.014706 0.029879
4 0.915179 0.912232 0.086660 0.115780
1 0.631565 0.619514 0.014181 0.040149
4 0.201681 0.566293 0.051471 0.056956
4 0.276786 0.505135 0.054622 0.046685
5 0.332195 0.387021 0.039391 0.034547
4 0.373162 0.454248 0.025735 0.036415
1 0.174632 0.913632 0.009979 0.058824
10 0.374737 0.705415 0.019433 0.042017
1 0.749212 0.640990 0.017332 0.040149
10 0.508141 0.547619 0.016282 0.034547
1 0.391019 0.680205 0.016282 0.053221
1 0.382090 0.629785 0.012080 0.045752
7 0.802258 0.663399 0.038340 0.034547
10 0.570116 0.448646 0.013130 0.047619
4 0.071166 0.786648 0.096113 0.081232
4 0.041229 0.961718 0.082458 0.065359
7 0.070116 0.875350 0.032038 0.058824
0 0.021534 0.875350 0.043067 0.064426
10 0.437763 0.514939 0.012080 0.043884
1 0.233456 0.479458 0.016282 0.028945
0 0.225053 0.459851 0.030987 0.042017
5 0.596639 0.485061 0.023109 0.055089
0 0.488183 0.143324 0.022584 0.040149
0 0.491859 0.189076 0.045693 0.028945
0 0.491859 0.212885 0.057248 0.024276
1 0.788603 0.641923 0.011029 0.042017
1 0.712447 0.533613 0.017332 0.042017
6 0.652574 0.520542 0.020483 0.073763
7 0.378939 0.517740 0.040441 0.043884
4 0.939338 0.798786 0.079307 0.066293
4 0.892595 0.719421 0.069853 0.064426
1 0.522847 0.542017 0.015231 0.049486
1 0.529674 0.523343 0.014181 0.056956
0 0.352679 0.284314 0.027836 0.049486
4 0.329044 0.350607 0.016282 0.036415
4 0.517069 0.265640 0.014181 0.027077
4 0.500788 0.237628 0.011029 0.017740
10 0.547006 0.343137 0.007878 0.028945
10 0.514968 0.289916 0.007878 0.021475
4 0.295431 0.432773 0.056197 0.032680
