4 0.650998 0.817460 0.074055 0.202614
4 0.566702 0.450047 0.044118 0.102708
5 0.554622 0.200280 0.024160 0.071895
4 0.367910 0.414566 0.044643 0.123249
4 0.484506 0.835201 0.053046 0.238095
4 0.417279 0.471055 0.042542 0.131653
6 0.903887 0.511204 0.147059 0.303455
4 0.165441 0.518207 0.061975 0.145658
4 0.218750 0.373016 0.057248 0.103641
4 0.486870 0.268908 0.025210 0.093371
6 0.274685 0.204015 0.051471 0.140990
4 0.539916 0.097106 0.022059 0.054155
6 0.477416 0.054622 0.031513 0.058824
6 0.533613 0.032213 0.016807 0.042017
4 0.574842 0.040149 0.019433 0.042951
5 0.798582 0.345938 0.035189 0.090570
1 0.606355 0.295051 0.006828 0.050420
4 0.715599 0.148459 0.032038 0.054155
4 0.064863 0.375817 0.069853 0.096172
4 0.158613 0.310924 0.095588 0.069094
5 0.158351 0.217087 0.051996 0.090570
4 0.152574 0.170401 0.036239 0.056956
4 0.193015 0.169468 0.036239 0.053221
4 0.129464 0.153595 0.038340 0.045752
4 0.196691 0.124650 0.028887 0.051354
5 0.955882 0.352007 0.047269 0.108310
0 0.038078 0.205882 0.071954 0.120448
0 0.119485 0.094771 0.086660 0.071895
7 0.967437 0.270308 0.051471 0.079365
4 0.881565 0.264706 0.038340 0.083100
