4 0.635242 0.605976 0.067752 0.169935
4 0.561712 0.260971 0.041492 0.090570
5 0.548057 0.022876 0.025735 0.045752
4 0.707983 0.528478 0.074580 0.136321
4 0.347164 0.610177 0.059874 0.176471
4 0.462710 0.544351 0.051471 0.177404
1 0.752626 0.552754 0.019958 0.076564
1 0.279937 0.934641 0.014706 0.082166
1 0.272584 0.901027 0.012605 0.067227
4 0.377626 0.131186 0.040966 0.092437
4 0.479779 0.279178 0.037290 0.112045
4 0.430935 0.092437 0.033088 0.078431
4 0.050683 0.656396 0.092962 0.199813
4 0.929097 0.451914 0.080882 0.117647
6 0.832721 0.193277 0.109769 0.231559
4 0.208508 0.205415 0.046218 0.097106
4 0.245011 0.097572 0.045693 0.075630
2 0.189338 0.393091 0.018382 0.050420
3 0.190126 0.414099 0.022059 0.058824
5 0.755777 0.081232 0.042017 0.078431
1 0.589811 0.040616 0.007353 0.045752
4 0.044118 0.388889 0.088235 0.083100
4 0.111870 0.100373 0.059874 0.073763
5 0.900473 0.088235 0.037290 0.079365
1 0.198004 0.677404 0.015756 0.083100
