4 0.585347 0.872082 0.048845 0.104575
5 0.561712 0.616246 0.029937 0.067227
6 0.188550 0.802521 0.088235 0.208217
4 0.542279 0.527544 0.024685 0.041083
6 0.483193 0.618114 0.042017 0.097106
6 0.543330 0.465453 0.017332 0.034547
4 0.593487 0.511204 0.023109 0.036415
4 0.386555 0.466853 0.038866 0.031746
4 0.454832 0.445378 0.028361 0.039216
4 0.550683 0.432773 0.015231 0.027077
4 0.479254 0.420635 0.016282 0.032680
4 0.526786 0.401494 0.017857 0.028011
4 0.448004 0.391690 0.017857 0.030812
4 0.495536 0.393557 0.018382 0.032680
4 0.471639 0.378618 0.017857 0.027077
4 0.490021 0.357610 0.014706 0.024276
4 0.489496 0.303455 0.011555 0.022409
4 0.470588 0.311858 0.012605 0.016807
5 0.473214 0.325864 0.010504 0.022409
1 0.677258 0.958450 0.011029 0.071895
4 0.787553 0.670401 0.050945 0.063492
1 0.611870 0.511204 0.007353 0.034547
5 0.035189 0.830999 0.070378 0.145658
4 0.035977 0.739963 0.064601 0.083100
4 0.092700 0.733427 0.064601 0.071895
4 0.025210 0.701214 0.050420 0.059757
4 0.111345 0.661531 0.039916 0.077498
5 0.275735 0.474790 0.042017 0.047619
4 0.324317 0.436975 0.046744 0.039216
5 0.364758 0.352941 0.025735 0.028011
4 0.400998 0.400093 0.019433 0.028945
0 0.040704 0.624183 0.081408 0.071895
1 0.270221 0.746499 0.009979 0.058824
10 0.410452 0.560691 0.019433 0.042017
1 0.719275 0.596172 0.017332 0.040149
10 0.506040 0.467320 0.016282 0.034547
1 0.421481 0.541083 0.016282 0.036415
1 0.418330 0.514006 0.012080 0.045752
7 0.731880 0.542951 0.038340 0.034547
10 0.468750 0.496265 0.011029 0.042017
10 0.569590 0.505602 0.013130 0.047619
4 0.202468 0.593371 0.074055 0.060691
4 0.182773 0.683940 0.077731 0.056956
0 0.278099 0.411298 0.030987 0.042017
5 0.582195 0.429972 0.023634 0.055089
0 0.490809 0.174136 0.022584 0.040149
0 0.495011 0.215219 0.045693 0.028945
0 0.494485 0.240430 0.057248 0.023343
1 0.706145 0.534547 0.011029 0.042017
4 0.817227 0.616713 0.059874 0.049486
0 0.391019 0.259104 0.027836 0.049486
4 0.527048 0.311391 0.014181 0.027077
4 0.507090 0.277778 0.011029 0.017740
4 0.334559 0.387488 0.048319 0.031746
