4 0.629989 0.595238 0.068803 0.169001
4 0.557511 0.254435 0.040441 0.088702
5 0.545693 0.020542 0.024160 0.041083
4 0.682511 0.441176 0.064601 0.116713
4 0.358981 0.471522 0.054097 0.141923
4 0.461922 0.388889 0.043592 0.139122
1 0.722952 0.454715 0.019433 0.067227
1 0.293592 0.768441 0.015756 0.082166
1 0.287290 0.741830 0.011555 0.064426
4 0.380252 0.095238 0.037815 0.087768
4 0.478992 0.183473 0.033613 0.090570
4 0.434086 0.031746 0.029937 0.063492
5 0.032826 0.724090 0.064601 0.180205
4 0.079832 0.543884 0.087185 0.172736
4 0.892595 0.378618 0.071954 0.109244
6 0.808824 0.149860 0.100840 0.208217
4 0.221113 0.159197 0.044118 0.086835
4 0.255252 0.065826 0.043067 0.070028
2 0.217174 0.292717 0.016282 0.047619
3 0.218225 0.309524 0.019433 0.049486
5 0.740546 0.050420 0.037815 0.072829
4 0.062763 0.316993 0.102416 0.071895
4 0.127889 0.067227 0.056197 0.074697
5 0.877363 0.055089 0.036239 0.074697
1 0.217962 0.563025 0.014706 0.078431
