4 0.575630 0.655462 0.036765 0.067227
4 0.565389 0.541550 0.028887 0.048553
5 0.534139 0.434641 0.021008 0.042017
4 0.514181 0.345472 0.014706 0.026144
6 0.504464 0.283847 0.011029 0.018674
4 0.640494 0.691877 0.036239 0.067227
4 0.063550 0.579365 0.055672 0.047619
4 0.524947 0.305322 0.012080 0.018674
4 0.199842 0.595238 0.066702 0.047619
4 0.510767 0.266573 0.017332 0.025210
4 0.426471 0.452848 0.025210 0.042951
4 0.474527 0.868347 0.050945 0.141923
4 0.468487 0.568161 0.030462 0.062558
4 0.482143 0.486928 0.025210 0.045752
5 0.570641 0.859477 0.044643 0.111111
4 0.467962 0.383754 0.019958 0.035481
4 0.469800 0.429505 0.020483 0.039216
5 0.451418 0.461251 0.021534 0.056022
5 0.429884 0.404762 0.018382 0.040149
1 0.677258 0.695145 0.013130 0.049486
4 0.152574 0.621382 0.060399 0.062558
4 0.244748 0.540149 0.063025 0.051354
5 0.315389 0.391223 0.043592 0.035481
4 0.358718 0.471989 0.030462 0.043884
10 0.346901 0.824930 0.019433 0.060691
1 0.775210 0.666200 0.016807 0.043884
10 0.509191 0.597106 0.016282 0.034547
1 0.366859 0.777311 0.016282 0.053221
1 0.349527 0.783847 0.012080 0.045752
7 0.862395 0.760971 0.054622 0.057890
10 0.555147 0.380952 0.012605 0.044818
10 0.419380 0.665266 0.012080 0.056956
7 0.360032 0.696078 0.048845 0.049486
1 0.215599 0.489729 0.016282 0.028945
0 0.189338 0.486461 0.035189 0.050420
5 0.608718 0.514006 0.024160 0.055089
0 0.486607 0.123716 0.022584 0.040149
0 0.489758 0.172269 0.045693 0.028945
0 0.490284 0.196545 0.057248 0.025210
1 0.843225 0.738095 0.011029 0.042017
1 0.623687 0.657796 0.015231 0.045752
1 0.745536 0.580299 0.017332 0.042017
6 0.673582 0.553221 0.020483 0.073763
7 0.361082 0.561625 0.042542 0.043884
4 0.966912 0.847806 0.064076 0.078431
1 0.519695 0.582166 0.015231 0.049486
1 0.532826 0.567227 0.014181 0.056956
0 0.347952 0.276844 0.027836 0.049486
4 0.313813 0.352474 0.016282 0.036415
4 0.513918 0.223156 0.009979 0.022409
10 0.539653 0.301120 0.007878 0.021475
10 0.497111 0.247899 0.007878 0.021475
6 0.733981 0.702148 0.062500 0.130719
4 0.276523 0.445845 0.056197 0.040149
10 0.433824 0.345938 0.009454 0.021475
10 0.454569 0.295051 0.007878 0.018674
1 0.692489 0.589169 0.012080 0.039216
1 0.693015 0.570495 0.014181 0.041083
7 0.348739 0.521008 0.018908 0.037348
