4 0.577731 0.847339 0.045168 0.109244
5 0.555410 0.590103 0.025735 0.069094
4 0.343487 0.928571 0.059874 0.139122
4 0.166229 0.866947 0.077206 0.131653
4 0.492647 0.844538 0.036765 0.133520
6 0.249212 0.642390 0.061450 0.158730
4 0.539653 0.500000 0.022584 0.053221
6 0.480042 0.491130 0.031513 0.074697
6 0.535189 0.440243 0.018908 0.047619
4 0.579044 0.459384 0.020483 0.041083
4 0.462185 0.382820 0.018908 0.037348
4 0.545693 0.411765 0.014706 0.033613
4 0.480567 0.365546 0.014706 0.030812
4 0.528361 0.387488 0.014706 0.031746
4 0.451155 0.359010 0.015756 0.036415
4 0.493697 0.354809 0.014706 0.037348
4 0.471376 0.330065 0.016282 0.028945
4 0.490284 0.326797 0.013130 0.028011
5 0.863971 0.815593 0.053571 0.116713
1 0.629727 0.753035 0.008403 0.056956
4 0.738183 0.577031 0.038340 0.059757
4 0.112658 0.795518 0.095063 0.067227
5 0.115021 0.676004 0.071429 0.112045
4 0.118960 0.615780 0.047794 0.060691
4 0.165441 0.613445 0.043067 0.059757
4 0.095326 0.594304 0.044643 0.045752
4 0.175683 0.556956 0.028887 0.066293
5 0.302258 0.412232 0.036239 0.036415
4 0.341124 0.384687 0.037290 0.031746
0 0.085872 0.525210 0.086660 0.071895
1 0.302784 0.619514 0.012080 0.058824
