4 0.579044 0.658730 0.037290 0.068161
4 0.565914 0.535014 0.027836 0.048553
5 0.529412 0.427171 0.019958 0.042017
4 0.513918 0.338002 0.014181 0.024276
6 0.504989 0.281046 0.009979 0.018674
4 0.656513 0.752101 0.037815 0.081232
4 0.523897 0.303922 0.015231 0.027077
4 0.141019 0.632120 0.060399 0.046685
4 0.510242 0.264706 0.017332 0.025210
4 0.424107 0.473856 0.025735 0.045752
4 0.468750 0.656863 0.036239 0.079365
4 0.481880 0.541083 0.027836 0.055089
5 0.574317 0.863212 0.044643 0.111111
4 0.463498 0.407096 0.022584 0.035481
4 0.468487 0.468254 0.023109 0.043884
5 0.445903 0.510738 0.024160 0.061625
5 0.430147 0.428105 0.021008 0.043884
5 0.839286 0.659664 0.070378 0.062558
4 0.127889 0.670401 0.069853 0.067227
4 0.229517 0.575163 0.068277 0.056022
5 0.307511 0.410364 0.047794 0.038282
4 0.352153 0.499533 0.030987 0.042951
1 0.800683 0.711951 0.017332 0.040149
10 0.511292 0.637255 0.016282 0.034547
1 0.354779 0.853875 0.016282 0.053221
7 0.904674 0.840803 0.058298 0.064426
10 0.555410 0.375817 0.012080 0.034547
10 0.408876 0.772642 0.012080 0.062558
7 0.346376 0.758637 0.048845 0.049486
10 0.339286 0.709150 0.033613 0.047619
1 0.203519 0.512138 0.016282 0.028945
0 0.174632 0.510271 0.039391 0.056956
5 0.618697 0.544818 0.028361 0.055089
0 0.485032 0.119981 0.022584 0.040149
0 0.487658 0.165733 0.045693 0.028945
0 0.489496 0.199346 0.057773 0.038282
1 0.883141 0.788515 0.011029 0.042017
1 0.629464 0.706349 0.015231 0.045752
1 0.764968 0.615780 0.017332 0.042017
6 0.687237 0.584967 0.020483 0.073763
7 0.353204 0.598039 0.040441 0.043884
1 0.523897 0.622316 0.015231 0.049486
1 0.538078 0.606443 0.014181 0.056956
1 0.844800 0.717554 0.020483 0.068161
0 0.346901 0.277778 0.027836 0.049486
4 0.306985 0.365546 0.016282 0.036415
10 0.538603 0.302054 0.007878 0.021475
10 0.494485 0.246965 0.007878 0.021475
6 0.760767 0.762838 0.066702 0.140056
4 0.266544 0.470121 0.056197 0.040149
10 0.432248 0.357610 0.008403 0.028011
10 0.453519 0.311858 0.007878 0.018674
1 0.713235 0.624183 0.011555 0.045752
1 0.705095 0.607843 0.014181 0.041083
7 0.340074 0.554155 0.020483 0.043884
