4 0.625263 0.603641 0.066702 0.170868
4 0.548057 0.266573 0.039391 0.092437
5 0.541754 0.020542 0.024685 0.041083
4 0.458508 0.605509 0.055672 0.208217
4 0.646534 0.260504 0.054622 0.080299
4 0.393120 0.197479 0.041492 0.084967
4 0.464023 0.107376 0.033088 0.080299
1 0.667017 0.252568 0.013655 0.055089
7 0.368960 0.573763 0.037290 0.127918
2 0.363708 0.579832 0.018382 0.048553
1 0.332195 0.453782 0.013130 0.069094
1 0.327206 0.434641 0.008403 0.056956
2 0.370273 0.556489 0.013655 0.044818
4 0.391019 0.021475 0.033088 0.042951
5 0.120273 0.422502 0.068277 0.124183
4 0.158876 0.314192 0.062500 0.112979
4 0.815126 0.218021 0.054622 0.077498
6 0.758666 0.065359 0.077206 0.130719
4 0.255515 0.054155 0.035189 0.067227
2 0.279149 0.095705 0.012080 0.036415
3 0.278099 0.110644 0.007878 0.034547
1 0.271271 0.323063 0.015231 0.061625
7 0.269958 0.597572 0.051471 0.119514
