4 0.645483 0.702148 0.072479 0.184874
4 0.565126 0.343137 0.042017 0.096172
5 0.551208 0.092904 0.025735 0.068161
4 0.752889 0.781979 0.097164 0.180205
1 0.805672 0.821195 0.021008 0.098039
4 0.371061 0.274977 0.043592 0.111111
4 0.482668 0.567694 0.046218 0.168067
4 0.423845 0.290383 0.037815 0.108310
6 0.875000 0.358543 0.128151 0.278245
4 0.181723 0.363212 0.055672 0.125117
4 0.229254 0.237162 0.050945 0.089636
4 0.484769 0.112979 0.024160 0.076564
6 0.278361 0.075163 0.049370 0.137255
2 0.119748 0.692810 0.022059 0.072829
3 0.121061 0.710084 0.027836 0.086835
5 0.782826 0.210084 0.037290 0.085901
1 0.600315 0.163399 0.007353 0.052288
4 0.710347 0.025210 0.029937 0.050420
4 0.082721 0.237628 0.061450 0.084967
4 0.166754 0.177871 0.096113 0.068161
5 0.168067 0.090103 0.050420 0.088702
4 0.157038 0.052288 0.036765 0.057890
4 0.196691 0.045752 0.036239 0.050420
4 0.136555 0.028011 0.039916 0.044818
5 0.936975 0.218021 0.043067 0.099907
7 0.955095 0.149860 0.055147 0.070028
4 0.866859 0.141457 0.038340 0.083100
