4 0.606618 0.853875 0.049370 0.107376
4 0.565914 0.702614 0.035189 0.071895
5 0.559611 0.565826 0.023634 0.057890
4 0.546218 0.495798 0.025210 0.039216
6 0.514706 0.382820 0.015756 0.029879
4 0.626050 0.620448 0.039916 0.049486
4 0.146534 0.538282 0.053571 0.040149
4 0.309086 0.546685 0.055147 0.042017
4 0.540704 0.388422 0.015231 0.024276
4 0.445116 0.534547 0.042542 0.045752
4 0.514968 0.347339 0.014181 0.022409
4 0.436712 0.440243 0.021534 0.038282
4 0.492647 0.486928 0.024160 0.047619
4 0.471901 0.450047 0.021534 0.037348
4 0.487395 0.417834 0.017857 0.032680
4 0.478729 0.359477 0.015231 0.026144
4 0.468487 0.378618 0.012605 0.028945
5 0.463235 0.394491 0.014706 0.040149
5 0.459296 0.343137 0.013130 0.027077
4 0.917805 0.908030 0.087710 0.114846
1 0.637342 0.619514 0.014181 0.040149
4 0.209559 0.567694 0.051471 0.056022
4 0.282038 0.510271 0.054622 0.047619
5 0.337710 0.390289 0.037815 0.031746
4 0.378414 0.457983 0.025735 0.036415
1 0.178834 0.932306 0.009979 0.058824
10 0.383141 0.702614 0.019433 0.042017
1 0.759716 0.655929 0.017332 0.040149
10 0.511817 0.551354 0.016282 0.034547
1 0.398372 0.677404 0.016282 0.053221
1 0.392595 0.623249 0.012080 0.045752
7 0.804359 0.660598 0.038340 0.034547
10 0.574317 0.476657 0.013130 0.047619
4 0.086397 0.798786 0.096113 0.081232
4 0.047532 0.954715 0.095063 0.066293
7 0.083246 0.873483 0.025735 0.055089
0 0.024685 0.875350 0.049370 0.064426
10 0.441439 0.512138 0.012080 0.043884
1 0.233981 0.490663 0.016282 0.028945
0 0.229254 0.465453 0.030987 0.042017
5 0.599790 0.494398 0.023109 0.055089
0 0.488708 0.147993 0.022584 0.040149
0 0.492384 0.192810 0.045693 0.028945
0 0.492384 0.216620 0.057248 0.024276
1 0.790179 0.645658 0.011029 0.042017
1 0.714548 0.532680 0.017332 0.042017
6 0.655200 0.520542 0.020483 0.073763
4 0.939076 0.797386 0.078782 0.065359
4 0.895221 0.720355 0.069853 0.064426
1 0.526523 0.539216 0.015231 0.049486
1 0.535452 0.524276 0.014181 0.056956
0 0.353204 0.288982 0.027836 0.049486
4 0.332195 0.358077 0.016282 0.036415
4 0.519170 0.277778 0.014181 0.027077
4 0.501313 0.249767 0.011029 0.017740
10 0.551733 0.353408 0.007878 0.028945
10 0.521796 0.299253 0.007878 0.021475
4 0.299107 0.435574 0.056197 0.032680
