4 0.624737 0.600840 0.066702 0.169001
4 0.548582 0.264706 0.039391 0.092437
5 0.542542 0.018674 0.023109 0.037348
4 0.457721 0.646592 0.057248 0.219421
4 0.648372 0.268908 0.055147 0.082166
4 0.391019 0.209617 0.041492 0.086835
4 0.463761 0.119514 0.032563 0.082166
1 0.669380 0.261905 0.014181 0.056956
7 0.365021 0.606909 0.039916 0.136321
2 0.360294 0.612512 0.018908 0.050420
1 0.330620 0.466853 0.013130 0.069094
1 0.325630 0.446779 0.008403 0.056956
2 0.366597 0.589169 0.013655 0.044818
4 0.390494 0.022876 0.032038 0.045752
4 0.477679 0.018207 0.026786 0.036415
5 0.116071 0.434174 0.069328 0.126984
4 0.155987 0.323529 0.063025 0.114846
4 0.818540 0.225957 0.056197 0.078431
6 0.761029 0.068161 0.078782 0.136321
4 0.253676 0.059290 0.035714 0.068161
2 0.275998 0.105509 0.012080 0.037348
3 0.275210 0.120448 0.008403 0.035481
1 0.268645 0.335668 0.015231 0.062558
7 0.265494 0.617647 0.055147 0.124183
