4 0.596639 0.846872 0.047269 0.102708
5 0.570641 0.626517 0.029937 0.070962
4 0.556985 0.543884 0.024685 0.043884
6 0.544380 0.457049 0.023634 0.038282
4 0.623950 0.579832 0.035714 0.046685
4 0.290179 0.513072 0.054097 0.045752
4 0.424632 0.507937 0.047794 0.046685
4 0.554622 0.431839 0.016807 0.027077
4 0.478204 0.473389 0.021534 0.039216
4 0.526523 0.388889 0.017332 0.027077
4 0.445903 0.421569 0.022059 0.034547
4 0.500263 0.436041 0.020483 0.039216
4 0.476103 0.415033 0.018382 0.030812
4 0.493172 0.392157 0.016807 0.028011
4 0.486607 0.331933 0.013130 0.021475
4 0.474002 0.348273 0.013130 0.024276
5 0.471376 0.360411 0.013130 0.031746
5 0.475315 0.307656 0.011555 0.025210
4 0.880515 0.814659 0.074055 0.092437
1 0.635767 0.580299 0.008929 0.038282
4 0.018645 0.824463 0.037290 0.119514
4 0.241071 0.532680 0.052521 0.049486
4 0.304097 0.480392 0.050420 0.040149
5 0.353204 0.376751 0.030987 0.032680
4 0.392069 0.436041 0.026786 0.035481
1 0.220851 0.890289 0.009979 0.058824
10 0.402574 0.653128 0.019433 0.042017
1 0.761292 0.660598 0.017332 0.040149
10 0.514443 0.516807 0.016282 0.034547
1 0.416229 0.625117 0.016282 0.036415
1 0.414128 0.577498 0.012080 0.045752
7 0.786502 0.618581 0.038340 0.034547
10 0.461922 0.630719 0.011029 0.042017
10 0.582721 0.514939 0.013130 0.047619
4 0.140756 0.701214 0.087185 0.072829
4 0.102679 0.843604 0.109769 0.066293
7 0.145746 0.783847 0.025735 0.055089
0 0.088235 0.773109 0.057773 0.063492
1 0.241334 0.476657 0.016282 0.028945
0 0.253414 0.443978 0.030987 0.042017
5 0.600053 0.472923 0.023634 0.055089
0 0.489758 0.161998 0.022584 0.040149
0 0.493960 0.205882 0.045693 0.028945
0 0.493435 0.229225 0.057248 0.023343
1 0.762342 0.604575 0.011029 0.042017
1 0.705095 0.506536 0.017332 0.042017
6 0.651261 0.495331 0.019958 0.071895
4 0.904674 0.727824 0.067752 0.049486
4 0.868960 0.665266 0.069853 0.064426
0 0.377889 0.277778 0.027836 0.049486
4 0.345851 0.345005 0.016282 0.036415
4 0.527574 0.301120 0.014181 0.027077
4 0.508666 0.268441 0.011029 0.017740
10 0.559349 0.371148 0.008403 0.028945
10 0.530200 0.318861 0.008929 0.021475
4 0.318015 0.415966 0.056197 0.032680
4 0.030200 0.484127 0.056197 0.043884
5 0.022584 0.523343 0.045168 0.051354
