4 0.657826 0.787582 0.083508 0.226891
4 0.548057 0.379552 0.046744 0.112979
5 0.451943 0.455182 0.040441 0.154062
5 0.539391 0.054622 0.026261 0.071895
4 0.033876 0.704482 0.067752 0.211951
4 0.077994 0.526144 0.088761 0.165266
4 0.461922 0.091036 0.032038 0.083100
4 0.608981 0.106909 0.045693 0.060691
7 0.412027 0.112045 0.021534 0.057890
2 0.411765 0.106443 0.010504 0.041083
1 0.358981 0.229692 0.012080 0.057890
1 0.355830 0.219421 0.011029 0.056022
2 0.414391 0.102241 0.010504 0.034547
5 0.195116 0.208217 0.041492 0.082166
4 0.217700 0.147993 0.045693 0.084967
4 0.750525 0.077498 0.040966 0.056022
1 0.958246 0.574230 0.022584 0.065359
1 0.934349 0.552754 0.028361 0.080299
4 0.085084 0.130719 0.070378 0.067227
3 0.012605 0.273109 0.025210 0.045752
3 0.042542 0.251634 0.023109 0.056956
2 0.042279 0.249300 0.021534 0.056022
3 0.060924 0.223156 0.015756 0.037348
2 0.060137 0.211951 0.018382 0.046685
1 0.305410 0.154528 0.015231 0.060691
7 0.321691 0.323529 0.038340 0.098039
5 0.025210 0.451447 0.050420 0.084967
