4 0.658613 0.931373 0.076681 0.135387
4 0.568803 0.592437 0.044118 0.105509
5 0.554359 0.345938 0.023634 0.071895
4 0.362395 0.598039 0.050420 0.139122
4 0.408876 0.704482 0.050945 0.159664
6 0.926733 0.711018 0.141282 0.344538
4 0.140494 0.721289 0.068803 0.161531
4 0.205620 0.549486 0.060399 0.111111
4 0.487658 0.462185 0.027836 0.095238
6 0.266544 0.368347 0.050945 0.140990
4 0.537553 0.247899 0.020483 0.049486
6 0.477941 0.221289 0.029412 0.067227
6 0.533613 0.185808 0.016807 0.048553
4 0.575105 0.196545 0.018908 0.043884
4 0.463498 0.128852 0.017332 0.039216
4 0.544643 0.158263 0.012605 0.036415
4 0.481092 0.114379 0.015756 0.038282
4 0.528361 0.135854 0.015756 0.040149
4 0.450630 0.098039 0.015756 0.039216
4 0.493697 0.092904 0.015756 0.032680
4 0.470063 0.080299 0.013655 0.037348
4 0.490546 0.060224 0.012605 0.030812
5 0.818015 0.521942 0.035189 0.100840
1 0.611607 0.463585 0.006828 0.051354
4 0.720851 0.306723 0.032038 0.064426
4 0.039128 0.557890 0.075105 0.109244
4 0.144695 0.480859 0.095063 0.069094
5 0.147059 0.380019 0.056723 0.098973
4 0.144170 0.333333 0.037290 0.065359
4 0.186712 0.330999 0.036239 0.055089
4 0.120273 0.318394 0.036765 0.048553
4 0.191439 0.288049 0.027836 0.051354
5 0.975840 0.520075 0.044118 0.108310
0 0.033351 0.366480 0.066702 0.120448
0 0.109506 0.258170 0.086660 0.071895
1 0.314076 0.359477 0.011555 0.057890
