4 0.573792 0.654062 0.036239 0.068161
4 0.564601 0.543417 0.028361 0.048553
5 0.534926 0.437442 0.020483 0.042017
4 0.514443 0.348739 0.015231 0.027077
6 0.503151 0.286648 0.010504 0.020542
4 0.635242 0.673669 0.035189 0.064426
4 0.089286 0.567694 0.053571 0.048553
4 0.523634 0.306256 0.012605 0.018674
4 0.219538 0.582633 0.066176 0.048553
4 0.509191 0.268441 0.017332 0.025210
4 0.427258 0.444444 0.024685 0.042951
4 0.473477 0.783380 0.046744 0.121382
4 0.468225 0.545285 0.028887 0.057890
4 0.481880 0.472923 0.024685 0.043884
5 0.569328 0.862745 0.046218 0.113912
4 0.468487 0.376751 0.018908 0.034547
4 0.469538 0.418301 0.019958 0.037348
5 0.452206 0.446312 0.021008 0.052288
5 0.429359 0.395892 0.017332 0.039216
1 0.667542 0.676471 0.011555 0.049486
4 0.160977 0.605976 0.057248 0.061625
4 0.249737 0.528011 0.060399 0.047619
5 0.317752 0.388422 0.043067 0.035481
4 0.361082 0.466853 0.029937 0.042951
10 0.349527 0.800654 0.019433 0.060691
1 0.766544 0.652661 0.016282 0.048553
10 0.508666 0.582166 0.016282 0.034547
1 0.370536 0.753968 0.016282 0.053221
1 0.352679 0.761438 0.012080 0.045752
7 0.847952 0.741363 0.055147 0.061625
10 0.554884 0.380952 0.012080 0.042951
10 0.421481 0.634454 0.012080 0.051354
7 0.363971 0.677404 0.048319 0.049486
1 0.218750 0.483193 0.016282 0.028945
0 0.195378 0.477124 0.032563 0.044818
5 0.606355 0.504669 0.024685 0.055089
0 0.486607 0.124650 0.022584 0.040149
0 0.489758 0.173203 0.045693 0.028945
0 0.490284 0.197479 0.057248 0.025210
1 0.831145 0.717554 0.011029 0.042017
1 0.622111 0.633520 0.015231 0.045752
1 0.738708 0.570962 0.017332 0.042017
6 0.668855 0.546685 0.020483 0.073763
7 0.362658 0.549486 0.043592 0.043884
4 0.959559 0.816993 0.078782 0.072829
1 0.519695 0.574230 0.015231 0.048553
1 0.532038 0.559290 0.013655 0.056022
0 0.348477 0.276844 0.027836 0.049486
4 0.316439 0.348739 0.016282 0.036415
4 0.513393 0.223156 0.009979 0.024276
10 0.540179 0.301120 0.007878 0.021475
10 0.498162 0.247899 0.007878 0.021475
6 0.727153 0.682540 0.058298 0.121382
4 0.278624 0.443978 0.056197 0.038282
10 0.433824 0.341270 0.009454 0.021475
10 0.454569 0.291317 0.007878 0.018674
1 0.687500 0.582166 0.011555 0.040149
1 0.690389 0.564893 0.014181 0.041083
7 0.351891 0.511204 0.017857 0.032680
