4 0.567752 0.565826 0.036765 0.063492
4 0.557511 0.444911 0.027836 0.043884
5 0.519958 0.339869 0.016807 0.041083
4 0.510504 0.248833 0.013655 0.023343
6 0.500263 0.208683 0.009979 0.019608
4 0.696954 0.849673 0.047269 0.110177
4 0.522321 0.228291 0.016282 0.028945
4 0.509716 0.195612 0.017332 0.025210
4 0.413866 0.467787 0.030462 0.056022
4 0.475315 0.662932 0.037815 0.093371
5 0.583771 0.783380 0.041492 0.112045
4 0.455620 0.401961 0.022584 0.043884
4 0.455357 0.528945 0.030462 0.066293
5 0.420693 0.642390 0.035714 0.102708
5 0.422006 0.409897 0.024685 0.054155
5 0.836134 0.710551 0.084034 0.076564
4 0.058298 0.746499 0.100840 0.096172
4 0.182511 0.606443 0.080357 0.070028
5 0.283876 0.387955 0.053046 0.045752
4 0.327731 0.502801 0.034664 0.053221
1 0.860032 0.756769 0.017332 0.040149
10 0.516544 0.697012 0.016282 0.056956
10 0.547532 0.302521 0.013130 0.041083
7 0.308561 0.871615 0.065651 0.081232
10 0.308298 0.810924 0.040966 0.051354
1 0.164128 0.502801 0.016282 0.032680
0 0.119223 0.514939 0.055672 0.066293
1 0.204044 0.670868 0.013130 0.056956
1 0.221901 0.663399 0.014181 0.051354
5 0.640494 0.566293 0.030987 0.073763
0 0.484506 0.063959 0.022584 0.040149
0 0.487132 0.104108 0.045693 0.028945
0 0.487395 0.149860 0.055672 0.066293
1 0.641544 0.795985 0.015231 0.045752
1 0.820641 0.645658 0.017332 0.042017
1 0.768120 0.741830 0.017332 0.047619
6 0.722952 0.610177 0.024685 0.081232
10 0.944065 0.693277 0.030987 0.051354
7 0.326155 0.633987 0.060924 0.052288
1 0.534401 0.661531 0.015231 0.049486
1 0.548057 0.650794 0.014181 0.057890
1 0.929884 0.771709 0.020483 0.068161
1 0.902048 0.674603 0.014181 0.042017
1 0.917805 0.666200 0.014181 0.047619
0 0.331408 0.214286 0.027311 0.047619
4 0.284401 0.333800 0.016282 0.036415
1 0.311450 0.309991 0.010504 0.037348
1 0.324055 0.309057 0.012605 0.031746
10 0.538603 0.230159 0.007878 0.021475
6 0.819853 0.872549 0.118697 0.204482
4 0.240021 0.456583 0.055672 0.054155
10 0.423582 0.309991 0.007878 0.031746
10 0.450368 0.278711 0.007878 0.019608
1 0.757878 0.637255 0.011555 0.051354
1 0.744748 0.640056 0.013655 0.047619
7 0.314338 0.570495 0.022584 0.050420
5 0.359769 0.211485 0.032563 0.034547
