4 0.697216 0.908964 0.091912 0.178338
4 0.467174 0.687208 0.065651 0.214753
4 0.567752 0.473856 0.053571 0.131653
5 0.464811 0.279178 0.034664 0.121382
5 0.552521 0.093838 0.032563 0.073763
4 0.055410 0.611111 0.104517 0.195145
4 0.115809 0.453782 0.083508 0.149393
4 0.470063 0.022409 0.028361 0.044818
4 0.607405 0.079832 0.039391 0.055089
7 0.425420 0.036881 0.016807 0.053221
2 0.424895 0.032213 0.010504 0.040149
1 0.367647 0.190943 0.010504 0.056956
1 0.363445 0.186275 0.008403 0.056956
2 0.426996 0.023343 0.011555 0.029879
5 0.215336 0.168067 0.038866 0.070962
4 0.236082 0.115313 0.042542 0.077498
4 0.743697 0.049953 0.037815 0.053221
1 0.948792 0.521475 0.021534 0.066293
1 0.926733 0.500467 0.027836 0.072829
4 0.108456 0.099440 0.064601 0.064426
1 0.032300 0.202148 0.014181 0.062558
3 0.038078 0.225023 0.033088 0.042951
3 0.070903 0.209150 0.016807 0.056022
2 0.069328 0.204482 0.026261 0.054155
3 0.088498 0.185341 0.016282 0.038282
2 0.088498 0.176937 0.014181 0.043884
1 0.052258 0.331933 0.019433 0.070028
1 0.321691 0.121382 0.015231 0.059757
7 0.332983 0.275444 0.037815 0.097106
5 0.041754 0.378618 0.083508 0.084967
