4 0.586397 0.872082 0.048845 0.104575
5 0.561450 0.615780 0.029412 0.068161
6 0.184874 0.810924 0.090336 0.211951
4 0.542805 0.527077 0.024685 0.040149
6 0.483456 0.625117 0.042542 0.099907
6 0.544118 0.465453 0.017857 0.034547
4 0.594538 0.513072 0.023109 0.036415
4 0.381303 0.467787 0.038866 0.031746
4 0.454569 0.447246 0.028887 0.039216
4 0.550683 0.433240 0.015231 0.028011
4 0.479779 0.421569 0.017332 0.032680
4 0.527048 0.401027 0.017332 0.028945
4 0.448004 0.392624 0.017857 0.030812
4 0.495536 0.393557 0.018382 0.032680
4 0.472164 0.380019 0.017857 0.028011
4 0.490284 0.358077 0.014181 0.025210
4 0.488708 0.303922 0.012080 0.023343
4 0.470588 0.312792 0.012605 0.016807
5 0.472952 0.326797 0.011029 0.022409
1 0.681460 0.967320 0.011029 0.065359
4 0.791229 0.676004 0.051996 0.065359
1 0.612395 0.514006 0.007353 0.034547
5 0.032826 0.837535 0.065651 0.145658
4 0.031775 0.748366 0.063550 0.086835
4 0.087447 0.739029 0.065651 0.073763
4 0.107405 0.665733 0.039391 0.078431
5 0.274685 0.476190 0.042017 0.048553
4 0.323529 0.437442 0.047269 0.040149
5 0.363971 0.353875 0.026261 0.028011
4 0.400210 0.401027 0.019958 0.028945
0 0.040441 0.626050 0.080882 0.071895
1 0.268645 0.751167 0.009979 0.058824
10 0.409401 0.562558 0.019433 0.042017
1 0.721376 0.598973 0.017332 0.040149
10 0.506040 0.469188 0.016282 0.034547
1 0.420956 0.543884 0.016282 0.036415
1 0.417805 0.516807 0.012080 0.045752
7 0.733981 0.545752 0.038340 0.034547
10 0.468750 0.499066 0.011029 0.042017
10 0.570116 0.505602 0.013130 0.047619
4 0.200368 0.598039 0.074055 0.060691
4 0.179622 0.688609 0.079832 0.056956
0 0.277574 0.412232 0.030987 0.042017
5 0.583246 0.429972 0.023634 0.055089
0 0.490809 0.173203 0.022584 0.040149
0 0.495011 0.215219 0.045693 0.028945
0 0.494485 0.239496 0.057248 0.023343
1 0.708246 0.536415 0.011029 0.042017
4 0.820378 0.620448 0.060924 0.049486
0 0.390494 0.260037 0.027836 0.049486
4 0.527048 0.310458 0.014181 0.027077
4 0.507090 0.276844 0.011029 0.017740
4 0.334034 0.388422 0.048319 0.031746
