4 0.640494 0.628852 0.068803 0.176471
4 0.564863 0.271242 0.041492 0.094304
5 0.550158 0.027544 0.027836 0.055089
4 0.730567 0.625584 0.086134 0.166200
4 0.336134 0.768908 0.066176 0.223156
4 0.461660 0.721289 0.059874 0.239963
1 0.778624 0.653595 0.020483 0.084034
4 0.375000 0.168534 0.042017 0.099907
4 0.481618 0.381419 0.039916 0.137255
4 0.428571 0.156863 0.037815 0.097106
4 0.034926 0.767040 0.069853 0.219421
4 0.959296 0.532680 0.079307 0.142857
6 0.854254 0.241363 0.115021 0.253035
4 0.195116 0.249767 0.047794 0.111111
4 0.235557 0.133987 0.048845 0.084967
2 0.161239 0.494865 0.021008 0.059757
3 0.162290 0.513072 0.026261 0.079365
5 0.773109 0.112979 0.037815 0.085901
1 0.595063 0.069094 0.006303 0.050420
4 0.099002 0.134921 0.061450 0.073763
4 0.172269 0.080299 0.095588 0.067227
5 0.918855 0.117180 0.039391 0.094304
1 0.175158 0.797852 0.019433 0.094304
7 0.940914 0.054622 0.055147 0.064426
4 0.853729 0.049020 0.038340 0.071895
