4 0.571166 0.658263 0.036239 0.069094
4 0.563550 0.551821 0.028361 0.050420
5 0.535977 0.449113 0.020483 0.042951
4 0.514968 0.360411 0.016282 0.028011
6 0.502889 0.294118 0.011029 0.020542
4 0.627101 0.655462 0.034664 0.059757
4 0.118960 0.562558 0.057248 0.045752
4 0.523897 0.317927 0.013130 0.021475
4 0.248162 0.574230 0.065651 0.052288
4 0.508666 0.275910 0.017332 0.025210
4 0.427784 0.439776 0.023634 0.042951
4 0.472164 0.691877 0.039916 0.097106
4 0.468487 0.520542 0.026261 0.053221
4 0.480830 0.460317 0.023634 0.042951
5 0.567227 0.876751 0.047269 0.117647
4 0.468750 0.372082 0.017332 0.032680
4 0.467962 0.408497 0.018908 0.034547
5 0.453519 0.431373 0.020483 0.048553
5 0.428834 0.389356 0.017332 0.037348
1 0.654674 0.654528 0.008929 0.048553
4 0.172006 0.591503 0.056197 0.060691
4 0.255777 0.522876 0.057773 0.046685
5 0.320903 0.385154 0.043067 0.034547
4 0.363971 0.460784 0.029412 0.040149
10 0.354254 0.771709 0.019433 0.060691
1 0.753676 0.647993 0.016807 0.041083
10 0.508141 0.572829 0.016282 0.034547
1 0.374737 0.725957 0.016282 0.053221
1 0.357405 0.726891 0.012080 0.045752
7 0.826943 0.710084 0.042542 0.055089
10 0.555147 0.389356 0.011555 0.033613
10 0.425683 0.589636 0.012080 0.043884
1 0.222952 0.473856 0.016282 0.028945
0 0.202994 0.469188 0.030987 0.042017
5 0.602416 0.496265 0.024160 0.055089
0 0.486607 0.127451 0.022584 0.040149
0 0.490284 0.175070 0.045693 0.028945
0 0.490284 0.199346 0.057248 0.025210
1 0.812763 0.685808 0.011029 0.042017
1 0.621061 0.613912 0.015231 0.045752
1 0.729254 0.562558 0.017332 0.042017
6 0.661502 0.540149 0.020483 0.073763
7 0.365809 0.530812 0.045693 0.043884
4 0.938025 0.792250 0.076681 0.068161
1 0.520221 0.564893 0.014181 0.046685
1 0.531250 0.550887 0.013130 0.054155
0 0.349527 0.275910 0.027836 0.049486
4 0.318015 0.348739 0.016282 0.036415
4 0.512868 0.228291 0.011029 0.025210
10 0.540704 0.309524 0.007878 0.021475
10 0.500788 0.257236 0.007878 0.021475
4 0.282300 0.441176 0.056197 0.036415
10 0.433036 0.345938 0.008929 0.021475
10 0.454044 0.291317 0.007878 0.018674
1 0.680410 0.571895 0.011029 0.040149
1 0.686712 0.555556 0.014181 0.041083
7 0.354779 0.503735 0.017332 0.032680
