4 0.573267 0.685808 0.038340 0.075630
4 0.559086 0.583567 0.028887 0.052288
5 0.546481 0.485528 0.023634 0.050420
4 0.522584 0.397292 0.018908 0.028945
6 0.505252 0.317927 0.012605 0.023343
4 0.621586 0.620915 0.040441 0.052288
4 0.199317 0.535948 0.065651 0.041083
4 0.528624 0.335668 0.013130 0.021475
4 0.341124 0.544818 0.046744 0.042017
4 0.509191 0.298786 0.013130 0.020542
4 0.430935 0.430439 0.021534 0.039216
4 0.476103 0.551821 0.029937 0.059757
4 0.469800 0.472923 0.023634 0.042017
4 0.482931 0.429038 0.018382 0.034547
5 0.576943 0.964519 0.053046 0.069094
4 0.472164 0.363212 0.015756 0.029879
4 0.464811 0.387488 0.016807 0.031746
5 0.457721 0.407096 0.017332 0.041083
5 0.438550 0.366480 0.017857 0.032680
4 0.923319 0.929972 0.090336 0.125117
1 0.633666 0.619514 0.014181 0.043884
4 0.194065 0.564893 0.051996 0.057890
4 0.270221 0.502801 0.054097 0.045752
5 0.326943 0.381886 0.041492 0.033613
4 0.369485 0.449580 0.027836 0.036415
1 0.169380 0.900560 0.009979 0.058824
10 0.370011 0.711018 0.019433 0.042017
1 0.746586 0.638189 0.017332 0.040149
10 0.506040 0.551354 0.016282 0.034547
1 0.381040 0.688609 0.016282 0.053221
1 0.371061 0.652194 0.012080 0.045752
7 0.805147 0.673203 0.047269 0.048553
10 0.564863 0.415033 0.013130 0.047619
4 0.055935 0.811858 0.090861 0.081232
7 0.053309 0.897759 0.035189 0.060691
10 0.433036 0.539216 0.012080 0.043884
1 0.231092 0.474790 0.009454 0.028945
0 0.218750 0.457049 0.030987 0.042017
5 0.595851 0.482260 0.024685 0.055089
0 0.487658 0.134921 0.022584 0.040149
0 0.490809 0.181606 0.045693 0.028945
0 0.491334 0.205882 0.057248 0.025210
1 0.790704 0.646592 0.011029 0.042017
1 0.627889 0.583100 0.015231 0.045752
1 0.716649 0.528945 0.014181 0.040149
6 0.652574 0.514939 0.020483 0.073763
7 0.374737 0.515873 0.040441 0.043884
4 0.943803 0.805789 0.081933 0.069094
4 0.896796 0.725957 0.069853 0.064426
1 0.521271 0.534080 0.012080 0.041083
1 0.528361 0.523343 0.010504 0.049486
0 0.351628 0.275910 0.027836 0.049486
4 0.323267 0.350607 0.016282 0.036415
4 0.513918 0.247899 0.014181 0.027077
10 0.542805 0.316060 0.007878 0.021475
10 0.506040 0.266573 0.007878 0.021475
4 0.292279 0.429038 0.056197 0.032680
1 0.665441 0.540149 0.010504 0.040149
1 0.675683 0.534080 0.013130 0.041083
