4 0.571691 0.592904 0.037290 0.067227
4 0.558824 0.469188 0.026261 0.049486
5 0.520746 0.365079 0.017332 0.042951
4 0.510767 0.275910 0.013130 0.023343
6 0.501050 0.227358 0.010504 0.019608
4 0.686450 0.833800 0.044118 0.102708
4 0.521796 0.251634 0.016282 0.028945
4 0.508141 0.215219 0.016282 0.025210
4 0.415179 0.475724 0.028887 0.058824
4 0.469538 0.923436 0.056723 0.149393
4 0.475840 0.633987 0.034664 0.080299
5 0.581145 0.811391 0.041492 0.112045
4 0.455882 0.408030 0.023109 0.041083
4 0.457721 0.516807 0.028887 0.060691
5 0.425158 0.607843 0.032038 0.085901
5 0.422794 0.421102 0.023109 0.050420
5 0.837447 0.703081 0.081408 0.074697
4 0.070378 0.730159 0.096639 0.085901
4 0.189863 0.603641 0.078256 0.068161
5 0.287815 0.398693 0.052521 0.042951
4 0.332195 0.507470 0.035189 0.055089
1 0.847426 0.757703 0.017332 0.040149
10 0.514443 0.699813 0.016282 0.056956
1 0.325368 0.969188 0.016282 0.052288
10 0.548582 0.330065 0.013130 0.036415
7 0.314863 0.865079 0.065651 0.081232
10 0.313550 0.809057 0.036765 0.049486
1 0.171481 0.508870 0.016282 0.041083
0 0.127889 0.527077 0.054097 0.062558
1 0.217174 0.661531 0.013130 0.056956
1 0.234506 0.656863 0.014181 0.051354
5 0.634979 0.563492 0.033613 0.073763
0 0.483981 0.084500 0.022584 0.040149
0 0.486607 0.125584 0.045693 0.028945
0 0.487395 0.170868 0.057773 0.063492
1 0.959821 0.889356 0.011029 0.042017
1 0.636292 0.776377 0.015231 0.045752
1 0.807511 0.657796 0.017332 0.042017
1 0.754202 0.738095 0.016807 0.047619
6 0.714286 0.603641 0.023109 0.073763
7 0.330620 0.635387 0.057248 0.049486
1 0.532038 0.668067 0.014706 0.049486
1 0.544905 0.653128 0.014181 0.056956
1 0.914653 0.769841 0.020483 0.068161
1 0.887342 0.676471 0.014181 0.042017
1 0.903887 0.677404 0.013655 0.047619
0 0.333508 0.229692 0.027311 0.048553
4 0.287027 0.346872 0.016282 0.036415
10 0.538603 0.260971 0.007878 0.021475
6 0.804359 0.850607 0.106618 0.192344
4 0.244748 0.481793 0.055672 0.054155
10 0.424107 0.338936 0.007878 0.031746
10 0.449842 0.302521 0.007878 0.018674
1 0.748424 0.650327 0.011555 0.051354
1 0.735032 0.646125 0.014181 0.044818
7 0.318540 0.572362 0.020483 0.046685
