4 0.638393 0.691877 0.075105 0.196078
4 0.543855 0.323063 0.044643 0.100840
5 0.441964 0.718487 0.050945 0.225023
5 0.538603 0.031746 0.027836 0.063492
4 0.047006 0.624650 0.094013 0.192344
4 0.465599 0.204949 0.036239 0.111111
4 0.622637 0.143324 0.047794 0.060691
4 0.419118 0.035014 0.030462 0.058824
1 0.634979 0.129318 0.011555 0.036415
7 0.405200 0.216153 0.023634 0.073763
2 0.403887 0.213819 0.012605 0.041083
1 0.355042 0.283380 0.011555 0.060691
1 0.351366 0.269841 0.008403 0.056022
2 0.405200 0.209150 0.012080 0.044818
5 0.178834 0.256769 0.045693 0.084034
4 0.205095 0.188609 0.049895 0.093371
4 0.769433 0.112979 0.042017 0.057890
1 0.987920 0.665733 0.023109 0.070962
1 0.962185 0.640056 0.032563 0.084967
4 0.069590 0.165733 0.071954 0.068161
3 0.015756 0.304388 0.021008 0.059757
2 0.017595 0.299720 0.020483 0.056022
3 0.038078 0.274977 0.015231 0.040149
2 0.036502 0.262372 0.017332 0.044818
1 0.301208 0.193744 0.015231 0.060691
7 0.310137 0.382353 0.038340 0.098039
