4 0.665441 0.815593 0.088235 0.234360
4 0.451418 0.891223 0.076155 0.211951
4 0.550945 0.396825 0.048319 0.117647
5 0.454044 0.419234 0.038340 0.147526
5 0.541229 0.061625 0.027836 0.070962
4 0.038340 0.685808 0.076681 0.210084
4 0.087447 0.510271 0.090861 0.159664
4 0.463761 0.074697 0.032563 0.084034
4 0.608456 0.101307 0.041492 0.058824
7 0.414653 0.097106 0.020483 0.056022
2 0.414391 0.089636 0.010504 0.041083
1 0.361345 0.222689 0.012605 0.058824
1 0.358193 0.212418 0.013655 0.055089
2 0.417279 0.083567 0.013130 0.027077
5 0.198529 0.200280 0.040966 0.083100
4 0.221376 0.141923 0.044643 0.082166
4 0.748950 0.072829 0.040966 0.056022
1 0.953782 0.559290 0.022059 0.063492
1 0.931985 0.539216 0.026786 0.077498
4 0.089286 0.125117 0.069328 0.067227
1 0.007090 0.230626 0.014181 0.063492
3 0.015231 0.258170 0.030462 0.043884
3 0.047532 0.241363 0.021534 0.056956
2 0.048057 0.236695 0.021534 0.055089
3 0.066176 0.217087 0.015756 0.040149
2 0.066439 0.202614 0.017332 0.042951
1 0.308561 0.148926 0.015231 0.060691
7 0.323267 0.313259 0.038340 0.098039
5 0.028624 0.434641 0.057248 0.084967
