3 0.301471 0.866013 0.068277 0.133520
3 0.367122 0.807656 0.055672 0.140056
3 0.186975 0.866480 0.107143 0.087768
3 0.174632 0.802054 0.105567 0.085901
3 0.365021 0.669001 0.067227 0.107376
3 0.293067 0.630252 0.090336 0.069094
3 0.307511 0.579365 0.075105 0.055089
3 0.350053 0.547152 0.035189 0.078431
3 0.318015 0.505135 0.070903 0.085901
3 0.348739 0.448646 0.032563 0.070028
3 0.142595 0.703081 0.094013 0.121382
3 0.156775 0.642857 0.076155 0.077498
3 0.655200 0.946779 0.108718 0.095238
3 0.643382 0.863212 0.101891 0.086835
4 0.597164 0.739029 0.039916 0.101774
3 0.598739 0.651261 0.037815 0.086835
3 0.555672 0.604108 0.034664 0.072829
3 0.617384 0.571429 0.069853 0.056022
3 0.582983 0.521942 0.029412 0.059757
3 0.586397 0.463119 0.034139 0.059757
3 0.648372 0.469655 0.046744 0.078431
3 0.684611 0.452381 0.044643 0.073763
3 0.720851 0.455182 0.046744 0.070028
4 0.516807 0.334267 0.057773 0.050420
3 0.579044 0.338936 0.049895 0.039216
3 0.642595 0.341270 0.050945 0.036415
3 0.750525 0.366013 0.055672 0.046685
3 0.207721 0.427171 0.030987 0.081232
4 0.168067 0.426237 0.035714 0.075630
3 0.132090 0.432773 0.040441 0.056956
0 0.603204 0.806256 0.015231 0.056956
1 0.602416 0.799253 0.008403 0.037348
1 0.430672 0.720822 0.013655 0.035481
2 0.430935 0.734827 0.013130 0.037348
1 0.510504 0.633053 0.012605 0.035481
2 0.510767 0.641457 0.011029 0.041083
0 0.534664 0.488796 0.007353 0.042017
3 0.085347 0.608777 0.078256 0.085901
3 0.079832 0.446779 0.039916 0.055089
3 0.057511 0.559290 0.057248 0.070962
4 0.340074 0.309991 0.023634 0.052288
3 0.387342 0.329599 0.023634 0.044818
3 0.410452 0.315593 0.021534 0.041083
2 0.605830 0.424370 0.041492 0.032680
2 0.747899 0.909897 0.034664 0.043884
2 0.759716 0.945845 0.032038 0.050420
9 0.091649 0.649393 0.028887 0.038282
0 0.162027 0.295518 0.036239 0.064426
0 0.677258 0.303922 0.028887 0.047619
6 0.111607 0.302988 0.027836 0.040149
0 0.024947 0.325397 0.004727 0.032680
0 0.024947 0.328198 0.009979 0.036415
9 0.430410 0.292717 0.024685 0.027077
0 0.792279 0.319795 0.039391 0.070028
0 0.464548 0.295518 0.012080 0.027077
0 0.556460 0.301120 0.094013 0.025210
0 0.701155 0.415500 0.010504 0.035481
0 0.691702 0.410364 0.010504 0.032680
