3 0.253939 0.949113 0.068803 0.098039
3 0.302258 0.824463 0.102416 0.087768
3 0.316439 0.688142 0.060399 0.102708
3 0.373950 0.644258 0.047269 0.108310
3 0.218225 0.687208 0.091912 0.070962
3 0.206408 0.640523 0.090336 0.070962
3 0.304884 0.575630 0.085609 0.071895
3 0.302784 0.514472 0.081408 0.056022
3 0.316176 0.474323 0.069328 0.050420
3 0.354254 0.446779 0.032038 0.066293
3 0.323792 0.414566 0.063550 0.069094
3 0.350578 0.370215 0.026786 0.058824
3 0.172269 0.567227 0.080882 0.101774
3 0.184349 0.520075 0.070378 0.057890
3 0.615809 0.927171 0.066702 0.141923
3 0.599790 0.816527 0.095588 0.107376
3 0.623162 0.740430 0.092962 0.072829
3 0.614496 0.678338 0.088235 0.068161
4 0.573792 0.591970 0.035189 0.084034
3 0.577468 0.526611 0.034139 0.061625
3 0.539391 0.495331 0.030462 0.055089
3 0.594800 0.467320 0.062500 0.053221
3 0.564863 0.430439 0.026786 0.054155
3 0.568277 0.381419 0.033613 0.049486
3 0.623687 0.386088 0.040441 0.070028
3 0.656513 0.371148 0.039916 0.062558
3 0.688288 0.375817 0.043592 0.055089
4 0.503151 0.278245 0.053571 0.044818
3 0.561975 0.281513 0.046218 0.036415
3 0.620011 0.283380 0.048845 0.032680
3 0.381040 0.302054 0.047794 0.034547
3 0.215074 0.359477 0.025735 0.056022
4 0.182773 0.353408 0.029412 0.066293
3 0.149685 0.359010 0.034664 0.043884
3 0.452468 0.318861 0.051996 0.038282
0 0.667279 0.556022 0.008929 0.049486
1 0.666229 0.547619 0.006828 0.023343
0 0.548319 0.362745 0.008403 0.038282
3 0.125263 0.483660 0.060399 0.061625
3 0.108456 0.362745 0.035189 0.056956
3 0.094013 0.451447 0.048319 0.049486
4 0.340599 0.257236 0.023634 0.045752
3 0.383141 0.272176 0.023634 0.042017
3 0.404937 0.260504 0.018908 0.035481
2 0.584559 0.349206 0.037815 0.024276
2 0.703519 0.714286 0.029937 0.037348
2 0.712185 0.737628 0.027311 0.042951
0 0.088498 0.869748 0.012080 0.025210
0 0.092174 0.853875 0.015231 0.028945
9 0.132090 0.523343 0.028887 0.038282
0 0.180410 0.240430 0.036239 0.064426
0 0.659401 0.255369 0.028887 0.047619
6 0.129464 0.251634 0.022584 0.032680
0 0.121586 0.259104 0.004727 0.032680
0 0.129989 0.260037 0.009979 0.036415
9 0.424632 0.243231 0.024685 0.027077
0 0.456145 0.238562 0.012080 0.027077
0 0.539128 0.246032 0.081408 0.025210
0 0.671218 0.340803 0.008403 0.037348
0 0.678046 0.330532 0.010504 0.033613
