3 0.303309 0.863679 0.100315 0.087768
3 0.318277 0.720822 0.059874 0.108310
3 0.376050 0.677404 0.048319 0.112979
3 0.220851 0.722689 0.090861 0.074697
3 0.204832 0.671335 0.091387 0.069094
3 0.325368 0.594771 0.083508 0.078431
3 0.305147 0.540149 0.078782 0.058824
3 0.317227 0.498599 0.067227 0.048553
3 0.355042 0.471055 0.031513 0.066293
3 0.323004 0.436508 0.061975 0.073763
3 0.351366 0.389356 0.026261 0.061625
3 0.171481 0.595238 0.080357 0.105509
3 0.184086 0.547152 0.069853 0.065359
3 0.618960 0.947246 0.063550 0.101774
3 0.601103 0.855275 0.096113 0.108310
3 0.624475 0.776377 0.092437 0.068161
3 0.615546 0.712885 0.087185 0.070028
4 0.576418 0.623249 0.035189 0.084967
3 0.576943 0.552288 0.033088 0.064426
3 0.540179 0.521475 0.030987 0.058824
3 0.595326 0.488329 0.062500 0.046685
3 0.565651 0.451914 0.026261 0.056022
3 0.567752 0.403828 0.033613 0.051354
3 0.624212 0.403361 0.040441 0.069094
3 0.657038 0.391690 0.039916 0.064426
3 0.690651 0.394958 0.039916 0.057890
4 0.504989 0.293184 0.053046 0.046685
3 0.562500 0.295985 0.045168 0.035481
3 0.620798 0.297852 0.047269 0.035481
3 0.212185 0.315593 0.049370 0.031746
3 0.218225 0.379552 0.025735 0.055089
4 0.181985 0.374883 0.030987 0.068161
3 0.149160 0.376284 0.034664 0.050420
3 0.603466 0.333333 0.052521 0.037348
0 0.648109 0.612045 0.008403 0.047619
1 0.648634 0.601774 0.007353 0.023343
1 0.390231 0.922035 0.014706 0.042017
2 0.392332 0.937442 0.014706 0.044818
0 0.538603 0.396359 0.007878 0.038282
3 0.125788 0.517274 0.060399 0.067227
3 0.108193 0.387955 0.034664 0.056956
3 0.094013 0.479458 0.048319 0.049486
4 0.340074 0.271709 0.023634 0.046685
3 0.384716 0.288982 0.023634 0.042017
3 0.405987 0.276844 0.018908 0.038282
2 0.585347 0.371148 0.039391 0.030812
2 0.704307 0.751167 0.031513 0.040149
2 0.714811 0.775910 0.027311 0.042951
0 0.084296 0.920168 0.012080 0.025210
0 0.092700 0.891223 0.015231 0.028945
9 0.129464 0.557890 0.028887 0.038282
0 0.178309 0.266573 0.036239 0.064426
0 0.660452 0.270308 0.028887 0.047619
6 0.129202 0.266106 0.023109 0.033613
0 0.099002 0.278711 0.004727 0.032680
0 0.104254 0.277778 0.009979 0.036415
9 0.424632 0.257236 0.024685 0.027077
0 0.769958 0.288049 0.038866 0.070028
0 0.455095 0.260037 0.012080 0.027077
0 0.541229 0.263772 0.083508 0.025210
0 0.672269 0.359477 0.010504 0.035481
0 0.671218 0.345938 0.010504 0.032680
