3 0.290966 0.937442 0.073529 0.121382
3 0.364233 0.887488 0.063550 0.161531
3 0.167542 0.950047 0.120798 0.090570
3 0.155200 0.881419 0.117122 0.095238
3 0.379727 0.703081 0.054622 0.121382
3 0.285452 0.683007 0.099265 0.075630
3 0.304359 0.623249 0.081408 0.064426
3 0.350840 0.587302 0.033613 0.084034
3 0.314863 0.542017 0.078256 0.092437
3 0.349265 0.478992 0.031513 0.080299
3 0.122374 0.766573 0.102941 0.138189
3 0.142069 0.700280 0.086660 0.098973
3 0.666492 0.953315 0.112395 0.091503
4 0.614758 0.811858 0.044643 0.116713
3 0.615284 0.708683 0.041492 0.100840
3 0.570641 0.652661 0.037290 0.082166
3 0.634191 0.617180 0.075105 0.061625
3 0.598739 0.560224 0.032563 0.070962
3 0.600840 0.494398 0.035714 0.066293
3 0.666754 0.501401 0.048845 0.085901
3 0.704569 0.485061 0.046744 0.081232
3 0.746324 0.490663 0.044118 0.068161
4 0.526523 0.353408 0.061450 0.051354
3 0.592174 0.358077 0.053046 0.038282
3 0.659401 0.362745 0.054097 0.036415
3 0.497374 0.844538 0.045168 0.126050
3 0.606618 0.388422 0.058824 0.046685
3 0.211397 0.446312 0.030987 0.085901
4 0.164391 0.453315 0.036765 0.077498
3 0.121586 0.458917 0.044643 0.062558
0 0.595326 0.959384 0.016282 0.066293
1 0.595063 0.950047 0.008403 0.038282
1 0.437237 0.638189 0.013130 0.034547
2 0.436712 0.650327 0.013130 0.032680
1 0.494223 0.548553 0.010504 0.034547
2 0.493960 0.558357 0.011029 0.037348
0 0.542805 0.546685 0.008929 0.045752
3 0.070641 0.653128 0.088761 0.090570
3 0.070903 0.475724 0.044118 0.058824
3 0.039916 0.607843 0.071429 0.097106
2 0.341387 0.423436 0.018908 0.027077
0 0.341649 0.413165 0.009979 0.040149
4 0.342437 0.326331 0.027311 0.055089
3 0.391544 0.346872 0.024685 0.049486
3 0.415704 0.333333 0.022584 0.042951
3 0.799370 0.490196 0.038866 0.070962
4 0.818803 0.455649 0.047269 0.059757
3 0.800420 0.394958 0.063025 0.046685
2 0.620536 0.454248 0.043592 0.034547
9 0.076943 0.703548 0.028887 0.038282
0 0.165179 0.311391 0.036239 0.064426
0 0.698792 0.323529 0.028887 0.047619
6 0.110294 0.318394 0.029412 0.042951
9 0.438288 0.306723 0.024685 0.027077
0 0.816439 0.335668 0.039391 0.070028
0 0.470326 0.310458 0.012080 0.027077
0 0.570641 0.318861 0.094013 0.025210
0 0.722689 0.445378 0.010504 0.035481
0 0.711660 0.437908 0.013655 0.033613
