3 0.296744 0.840803 0.068277 0.129785
3 0.360032 0.785714 0.054097 0.135387
3 0.184349 0.845472 0.105042 0.086835
3 0.171481 0.786648 0.104517 0.090570
3 0.353204 0.658730 0.071954 0.105509
3 0.284926 0.619048 0.092962 0.067227
3 0.301208 0.566760 0.075105 0.059757
3 0.343487 0.536881 0.034664 0.076564
3 0.310399 0.492530 0.071429 0.077498
3 0.339548 0.441176 0.029937 0.071895
3 0.137342 0.688609 0.095063 0.118581
3 0.150998 0.631186 0.075105 0.074697
3 0.621849 0.972456 0.097689 0.053221
3 0.642332 0.911298 0.106092 0.091503
3 0.629464 0.833800 0.100315 0.080299
4 0.584559 0.717554 0.039916 0.101774
3 0.586922 0.633053 0.037290 0.082166
3 0.545431 0.591036 0.033088 0.069094
3 0.604254 0.556956 0.067752 0.058824
3 0.571429 0.508870 0.029412 0.059757
3 0.575893 0.452848 0.035189 0.057890
3 0.634716 0.455182 0.044643 0.077498
3 0.670956 0.439309 0.043592 0.070028
3 0.706933 0.440710 0.044118 0.067227
4 0.504989 0.329132 0.056197 0.049486
3 0.567227 0.331466 0.050420 0.037348
3 0.629727 0.335201 0.050420 0.039216
3 0.773897 0.356676 0.055147 0.042951
3 0.204307 0.421569 0.029412 0.073763
4 0.159139 0.421102 0.034664 0.072829
3 0.122637 0.426237 0.039391 0.056956
0 0.602679 0.769841 0.015231 0.055089
1 0.601891 0.762838 0.008403 0.037348
1 0.416754 0.744164 0.014181 0.037348
2 0.417017 0.758170 0.012605 0.037348
1 0.505515 0.661531 0.013130 0.034547
2 0.506565 0.673203 0.011029 0.042951
0 0.523634 0.471055 0.007353 0.042017
3 0.090074 0.594771 0.075105 0.082166
3 0.082458 0.436975 0.038866 0.054155
3 0.063550 0.546685 0.052521 0.066293
4 0.332195 0.303922 0.023634 0.049486
3 0.380252 0.322129 0.023109 0.046685
3 0.401786 0.309524 0.021008 0.040149
2 0.592700 0.413632 0.041492 0.031746
2 0.731618 0.877218 0.034664 0.045752
2 0.741859 0.913165 0.029937 0.050420
9 0.096376 0.634454 0.028887 0.038282
0 0.161502 0.290850 0.036239 0.064426
0 0.672532 0.299253 0.028887 0.047619
6 0.111607 0.296452 0.027836 0.040149
0 0.032300 0.317927 0.004727 0.032680
0 0.035452 0.322596 0.009979 0.036415
9 0.428309 0.288049 0.024685 0.027077
0 0.786502 0.313259 0.039391 0.070028
0 0.460872 0.288049 0.012080 0.027077
0 0.551208 0.291783 0.094013 0.025210
0 0.686975 0.403361 0.010504 0.035481
0 0.675420 0.401961 0.010504 0.032680
