3 0.331933 0.953315 0.107143 0.091503
2 0.266544 0.945845 0.038340 0.042951
4 0.278099 0.887021 0.110819 0.108310
5 0.291492 0.823529 0.123950 0.095238
3 0.312500 0.739963 0.096639 0.079365
3 0.315651 0.629785 0.047269 0.094304
3 0.367910 0.647526 0.045693 0.103641
3 0.346901 0.542951 0.077206 0.058824
3 0.354517 0.465920 0.050420 0.070962
3 0.396796 0.439309 0.036239 0.071895
3 0.276523 0.458450 0.069853 0.052288
3 0.265231 0.432306 0.069328 0.048553
3 0.316176 0.400560 0.067227 0.052288
3 0.336660 0.354809 0.067227 0.037348
3 0.347164 0.326797 0.052521 0.039216
3 0.376576 0.310924 0.027311 0.052288
3 0.348477 0.285247 0.051996 0.051354
3 0.369223 0.258637 0.022059 0.044818
3 0.231355 0.384687 0.059349 0.076564
3 0.241859 0.358543 0.054097 0.046685
3 0.613708 0.903361 0.092962 0.154062
3 0.616334 0.781513 0.045693 0.119514
2 0.613445 0.661998 0.021008 0.046685
3 0.581145 0.603175 0.051996 0.089636
3 0.571429 0.542017 0.072479 0.066293
3 0.589286 0.495331 0.071429 0.047619
3 0.584559 0.458450 0.069328 0.044818
4 0.554097 0.408497 0.027311 0.055089
3 0.557773 0.368347 0.026261 0.045752
3 0.528361 0.344071 0.026261 0.043884
3 0.573792 0.325864 0.050945 0.041083
3 0.549632 0.300187 0.022584 0.040149
3 0.552784 0.266106 0.027836 0.035481
3 0.600053 0.269374 0.034139 0.055089
3 0.627889 0.261438 0.033088 0.052288
3 0.655462 0.262372 0.028361 0.046685
3 0.351366 0.202614 0.043067 0.037348
4 0.499212 0.191877 0.045693 0.040149
3 0.618960 0.224556 0.046744 0.030812
3 0.549632 0.195612 0.038340 0.030812
3 0.600840 0.199813 0.038866 0.029879
3 0.257878 0.250233 0.018908 0.037348
4 0.232405 0.246499 0.026786 0.052288
3 0.199580 0.249767 0.026261 0.043884
3 0.208508 0.213352 0.046218 0.028945
0 0.542279 0.244164 0.006828 0.034547
3 0.194065 0.336601 0.047794 0.049486
4 0.360294 0.177404 0.021008 0.033613
3 0.396796 0.187208 0.020483 0.032680
3 0.413866 0.180205 0.017857 0.031746
2 0.570641 0.248833 0.033088 0.027077
2 0.782563 0.907563 0.016807 0.070962
0 0.696691 0.648926 0.034139 0.052288
2 0.658351 0.482260 0.023634 0.028945
2 0.664391 0.497199 0.022059 0.036415
0 0.188813 0.570028 0.012080 0.025210
0 0.190389 0.557890 0.015231 0.028945
9 0.164128 0.649393 0.027836 0.040149
9 0.197742 0.359944 0.028887 0.038282
0 0.224527 0.160131 0.036239 0.064426
0 0.637868 0.187208 0.028887 0.047619
0 0.194853 0.162465 0.004202 0.031746
0 0.200630 0.164332 0.009454 0.035481
9 0.429097 0.164332 0.024160 0.026144
0 0.459034 0.166667 0.011555 0.027077
0 0.531775 0.167600 0.081408 0.025210
