4 0.264443 0.953782 0.121324 0.088702
5 0.277836 0.894024 0.134454 0.101774
3 0.304359 0.797386 0.101366 0.085901
3 0.309874 0.675537 0.050420 0.107376
3 0.364496 0.693744 0.046218 0.112045
3 0.341912 0.578898 0.080882 0.063492
3 0.351366 0.492530 0.052521 0.071895
3 0.396796 0.464986 0.037290 0.076564
3 0.270483 0.489729 0.075630 0.056956
3 0.256303 0.460317 0.072479 0.052288
3 0.315914 0.422502 0.071954 0.055089
3 0.334034 0.374883 0.070378 0.043884
3 0.344800 0.347339 0.054097 0.041083
3 0.375525 0.328665 0.027311 0.052288
3 0.347952 0.302054 0.051996 0.055089
3 0.369485 0.271242 0.022584 0.047619
3 0.226628 0.408030 0.064601 0.078431
3 0.234769 0.375817 0.056723 0.045752
3 0.616334 0.950514 0.086660 0.095238
3 0.628676 0.847806 0.050420 0.134454
2 0.625000 0.714286 0.022059 0.046685
3 0.590074 0.647526 0.055147 0.101774
3 0.579307 0.575630 0.075630 0.071895
3 0.599002 0.527544 0.075105 0.056022
3 0.592962 0.488329 0.071429 0.046685
4 0.562237 0.431839 0.030987 0.062558
3 0.564601 0.387021 0.028361 0.045752
3 0.534139 0.365079 0.027311 0.042951
3 0.581933 0.345005 0.052521 0.042017
3 0.556985 0.317460 0.022584 0.041083
3 0.559086 0.282446 0.028887 0.034547
3 0.608456 0.283847 0.034139 0.056022
3 0.637605 0.274510 0.034664 0.050420
3 0.667279 0.275444 0.028887 0.046685
3 0.317752 0.213819 0.044118 0.039216
4 0.503676 0.201681 0.049370 0.039216
3 0.669380 0.233894 0.046744 0.032680
3 0.556197 0.205415 0.040966 0.031746
3 0.608456 0.209150 0.042542 0.029879
3 0.639181 0.225023 0.044118 0.033613
3 0.251313 0.263305 0.021534 0.042951
4 0.224527 0.259104 0.027836 0.055089
3 0.195378 0.260971 0.028361 0.043884
3 0.252101 0.221755 0.047269 0.030812
0 0.548057 0.253968 0.005777 0.033613
3 0.182773 0.356209 0.051471 0.053221
3 0.158613 0.264239 0.029412 0.050420
4 0.357143 0.183940 0.019958 0.042951
3 0.396534 0.198880 0.019958 0.035481
3 0.414653 0.189076 0.018382 0.032680
2 0.574055 0.262372 0.033613 0.026144
2 0.806985 0.978058 0.019433 0.040149
0 0.709034 0.703081 0.035714 0.057890
2 0.666754 0.514939 0.024685 0.030812
2 0.673582 0.531746 0.022584 0.038282
0 0.175683 0.608310 0.012080 0.025210
0 0.177258 0.597106 0.015231 0.028945
9 0.150998 0.694211 0.027836 0.040149
9 0.190914 0.379552 0.028887 0.038282
0 0.219800 0.171335 0.036239 0.064426
0 0.642069 0.198413 0.028887 0.047619
6 0.168067 0.176471 0.022059 0.031746
0 0.186712 0.173203 0.004727 0.032680
0 0.193015 0.174136 0.009979 0.036415
9 0.429359 0.173203 0.024685 0.027077
0 0.460872 0.175070 0.012080 0.027077
0 0.534401 0.178805 0.081408 0.025210
