3 0.333508 0.902894 0.117647 0.153128
2 0.285189 0.853875 0.035714 0.043884
4 0.295431 0.804855 0.102416 0.100840
5 0.305410 0.749300 0.115021 0.088702
3 0.324580 0.675070 0.089286 0.070962
3 0.326681 0.578898 0.043067 0.084034
3 0.376050 0.593838 0.042017 0.091503
3 0.353729 0.501867 0.074055 0.055089
3 0.360294 0.431373 0.048319 0.065359
3 0.401261 0.408497 0.034664 0.068161
3 0.286765 0.427638 0.067227 0.050420
3 0.274685 0.399160 0.068277 0.049486
3 0.321166 0.369748 0.064601 0.048553
3 0.343750 0.331466 0.064601 0.039216
3 0.350840 0.305322 0.052521 0.039216
3 0.380252 0.289916 0.027311 0.051354
3 0.352153 0.267974 0.051996 0.052288
3 0.373687 0.243697 0.020483 0.044818
3 0.243960 0.358543 0.058298 0.069094
3 0.250263 0.333333 0.053046 0.046685
3 0.456145 0.833800 0.048845 0.143791
3 0.616071 0.936041 0.118697 0.122316
3 0.605042 0.823996 0.088235 0.144725
3 0.609506 0.713819 0.042542 0.109244
2 0.606618 0.612045 0.021008 0.042017
3 0.576681 0.558357 0.050420 0.082166
3 0.568540 0.500934 0.069853 0.060691
3 0.585609 0.460317 0.069328 0.046685
3 0.580620 0.429972 0.067752 0.047619
4 0.553571 0.381886 0.028361 0.056022
3 0.554884 0.344071 0.025735 0.047619
3 0.526786 0.321195 0.024160 0.039216
3 0.570641 0.306256 0.049895 0.039216
3 0.548319 0.283380 0.023109 0.042017
3 0.550158 0.249767 0.026786 0.036415
3 0.596113 0.253501 0.031513 0.049486
3 0.623162 0.243697 0.030987 0.050420
3 0.648634 0.244164 0.029412 0.045752
3 0.394958 0.191410 0.043067 0.037348
4 0.498687 0.179739 0.045693 0.036415
3 0.568803 0.211018 0.044118 0.033613
3 0.547532 0.183007 0.038340 0.031746
3 0.597164 0.185341 0.039916 0.028945
3 0.263130 0.234827 0.018908 0.038282
4 0.237395 0.231559 0.025210 0.052288
3 0.208508 0.234827 0.024160 0.043884
0 0.541754 0.225490 0.005777 0.032680
3 0.205882 0.314659 0.042017 0.042951
4 0.358193 0.160131 0.022059 0.042017
3 0.395483 0.171802 0.019958 0.024276
3 0.413603 0.167600 0.018382 0.028945
0 0.210347 0.899627 0.020483 0.068161
0 0.153099 0.947712 0.015231 0.033613
0 0.166229 0.973389 0.016282 0.042017
0 0.783876 0.946312 0.018382 0.064426
0 0.775210 0.901961 0.015756 0.044818
2 0.566439 0.232960 0.032038 0.027077
2 0.761029 0.822596 0.014706 0.065359
0 0.683036 0.598973 0.033088 0.047619
2 0.647847 0.449580 0.023634 0.028945
2 0.653624 0.462185 0.021534 0.033613
0 0.204044 0.528945 0.012080 0.025210
0 0.206145 0.515406 0.015231 0.028011
9 0.184086 0.595238 0.027836 0.040149
9 0.208771 0.337535 0.028887 0.038282
0 0.224790 0.148459 0.035714 0.063492
0 0.632616 0.174136 0.028887 0.047619
9 0.428571 0.154062 0.024160 0.026144
0 0.456408 0.157330 0.011555 0.027077
0 0.533613 0.154995 0.080882 0.024276
0 0.073792 0.884220 0.022584 0.069094
