3 0.261029 0.963119 0.058824 0.071895
3 0.303046 0.853408 0.099790 0.087768
3 0.318015 0.712418 0.060399 0.104575
3 0.374212 0.668067 0.047794 0.112979
3 0.220588 0.711485 0.090336 0.072829
3 0.207721 0.663399 0.091912 0.070028
3 0.313288 0.592437 0.084559 0.073763
3 0.304097 0.535948 0.078782 0.059757
3 0.318277 0.495798 0.068277 0.050420
3 0.354517 0.467787 0.031513 0.065359
3 0.323529 0.433240 0.063025 0.074697
3 0.350578 0.388889 0.026786 0.060691
3 0.174895 0.590103 0.081933 0.102708
3 0.186975 0.540616 0.068277 0.061625
3 0.613971 0.942110 0.064076 0.113912
3 0.598477 0.844071 0.095063 0.106443
3 0.621061 0.767040 0.094013 0.068161
3 0.613183 0.706349 0.088761 0.068161
4 0.572742 0.615313 0.034139 0.082166
3 0.575368 0.549486 0.034139 0.064426
3 0.538866 0.517740 0.031513 0.060691
3 0.592700 0.486928 0.061450 0.051354
3 0.564076 0.448646 0.027311 0.053221
3 0.566439 0.401494 0.034139 0.052288
3 0.622637 0.404295 0.042542 0.070962
3 0.655462 0.390756 0.040966 0.062558
3 0.687763 0.393091 0.042542 0.056022
4 0.502889 0.293184 0.053046 0.046685
3 0.561450 0.296452 0.045168 0.036415
3 0.619485 0.299253 0.047794 0.032680
3 0.301733 0.316060 0.049895 0.032680
3 0.219800 0.373483 0.025735 0.056022
4 0.184086 0.371615 0.028887 0.065359
3 0.152311 0.375350 0.034664 0.048553
3 0.519695 0.333800 0.051996 0.038282
0 0.655725 0.596639 0.008929 0.056022
1 0.655200 0.582166 0.006828 0.023343
0 0.543067 0.383287 0.008403 0.038282
3 0.125263 0.499066 0.060399 0.064426
3 0.109244 0.386088 0.036765 0.064426
3 0.094013 0.477591 0.048319 0.051354
4 0.340074 0.270308 0.023634 0.047619
3 0.383929 0.288982 0.023109 0.042017
3 0.404674 0.275444 0.019433 0.035481
2 0.584296 0.371615 0.037290 0.028011
2 0.701681 0.740430 0.031513 0.039216
2 0.710084 0.766106 0.027311 0.043884
0 0.087973 0.902428 0.012080 0.025210
0 0.095326 0.883754 0.015231 0.028945
9 0.133141 0.548553 0.028887 0.038282
0 0.180935 0.257236 0.036239 0.064426
0 0.658876 0.261905 0.028887 0.047619
6 0.129989 0.262838 0.022584 0.032680
0 0.112658 0.274043 0.004727 0.032680
0 0.120536 0.274043 0.009979 0.036415
9 0.424632 0.248833 0.024685 0.027077
0 0.768382 0.281979 0.038866 0.069094
0 0.456145 0.252568 0.012080 0.027077
0 0.539653 0.254435 0.081408 0.025210
0 0.669643 0.359944 0.008403 0.038282
0 0.675420 0.347339 0.010504 0.033613
