3 0.293855 0.928571 0.107668 0.096172
3 0.311712 0.767507 0.063550 0.115780
3 0.371324 0.719421 0.050420 0.122316
3 0.208246 0.767507 0.096113 0.078431
3 0.195116 0.714286 0.095063 0.072829
3 0.343487 0.617647 0.078782 0.090570
3 0.299370 0.568627 0.082983 0.059757
3 0.312500 0.523343 0.069328 0.049486
3 0.351891 0.496265 0.032563 0.070028
3 0.318540 0.457516 0.066702 0.076564
3 0.347689 0.408964 0.027311 0.067227
3 0.160714 0.630719 0.084034 0.107376
3 0.172006 0.579365 0.068803 0.070028
3 0.610032 0.917834 0.101366 0.119514
3 0.632353 0.829132 0.098739 0.076564
3 0.623162 0.760037 0.090861 0.070962
4 0.580620 0.659197 0.038340 0.089636
3 0.581670 0.582166 0.035189 0.070028
3 0.543592 0.547619 0.032563 0.058824
3 0.600578 0.515873 0.064601 0.051354
3 0.569065 0.471989 0.027836 0.058824
3 0.572742 0.421102 0.033088 0.054155
3 0.629727 0.422502 0.042017 0.070028
3 0.664128 0.408497 0.042542 0.064426
3 0.699055 0.409430 0.040966 0.062558
4 0.505252 0.305322 0.053571 0.048553
3 0.565126 0.308590 0.048319 0.034547
3 0.624737 0.311391 0.050945 0.032680
3 0.055410 0.320728 0.053046 0.040149
3 0.211397 0.396359 0.026786 0.058824
4 0.174370 0.394491 0.032563 0.070028
3 0.139968 0.394024 0.037290 0.052288
3 0.735294 0.352941 0.052521 0.039216
0 0.632353 0.678805 0.010504 0.052288
1 0.632616 0.668067 0.007878 0.023343
1 0.400998 0.810924 0.014181 0.040149
2 0.401523 0.822596 0.014181 0.041083
1 0.517857 0.772176 0.014706 0.041083
2 0.518120 0.781979 0.013130 0.056956
0 0.531775 0.425303 0.007878 0.040149
3 0.108193 0.555556 0.067227 0.074697
3 0.094800 0.410831 0.036239 0.054155
3 0.079832 0.511671 0.048319 0.056022
4 0.335609 0.286648 0.024160 0.046685
3 0.381828 0.303922 0.023109 0.045752
3 0.403624 0.291317 0.020483 0.039216
2 0.589548 0.389356 0.040441 0.031746
2 0.717700 0.801587 0.034139 0.043884
2 0.726891 0.829599 0.027311 0.047619
9 0.117384 0.588702 0.028887 0.038282
0 0.172532 0.278711 0.036239 0.064426
0 0.665704 0.285247 0.028887 0.047619
6 0.119223 0.279645 0.026261 0.038282
0 0.067489 0.293651 0.004727 0.032680
0 0.072742 0.294585 0.009979 0.036415
9 0.424632 0.273109 0.024685 0.027077
0 0.772847 0.298319 0.039391 0.070028
0 0.452994 0.270308 0.012080 0.027077
0 0.545431 0.276844 0.089811 0.025210
0 0.677521 0.377218 0.010504 0.035481
0 0.665441 0.367414 0.010504 0.032680
