3 0.258929 0.916900 0.070378 0.162465
3 0.326943 0.930906 0.057248 0.136321
3 0.305147 0.767040 0.097689 0.084967
3 0.321166 0.639122 0.060399 0.096172
3 0.377363 0.598039 0.047794 0.103641
3 0.224002 0.635854 0.089811 0.069094
3 0.210872 0.588702 0.088761 0.062558
3 0.301996 0.535948 0.084034 0.070962
3 0.306985 0.475257 0.081408 0.054155
3 0.319853 0.436975 0.067227 0.044818
3 0.357405 0.414099 0.030987 0.062558
3 0.324842 0.379552 0.060399 0.066293
3 0.352679 0.339869 0.025735 0.057890
3 0.177521 0.522409 0.079832 0.098039
3 0.189338 0.479458 0.067752 0.056956
2 0.661502 0.968721 0.026786 0.060691
3 0.615284 0.871148 0.067752 0.151261
3 0.599002 0.760504 0.092962 0.105509
3 0.621061 0.687208 0.091912 0.069094
3 0.612920 0.634454 0.087185 0.066293
4 0.574580 0.551354 0.035714 0.079365
3 0.576155 0.488329 0.033613 0.059757
3 0.539916 0.458917 0.031513 0.053221
3 0.594013 0.432773 0.059874 0.049486
3 0.565389 0.399160 0.025735 0.049486
3 0.567752 0.352007 0.034664 0.046685
3 0.623424 0.352941 0.039916 0.065359
3 0.655725 0.343137 0.039391 0.060691
3 0.686187 0.345472 0.045693 0.057890
3 0.103204 0.260504 0.055147 0.039216
4 0.504727 0.252568 0.052521 0.043884
3 0.561975 0.256769 0.046218 0.035481
3 0.620011 0.259570 0.046744 0.031746
3 0.445641 0.277311 0.045693 0.039216
3 0.222164 0.335201 0.025210 0.052288
4 0.187237 0.326331 0.029937 0.064426
3 0.155462 0.332400 0.033613 0.042951
3 0.400998 0.294118 0.053046 0.037348
0 0.673845 0.510271 0.011555 0.043884
1 0.673582 0.500467 0.007878 0.022409
0 0.547794 0.327731 0.006303 0.035481
3 0.135242 0.453782 0.057248 0.057890
3 0.116334 0.338936 0.033088 0.054155
4 0.342437 0.233427 0.023109 0.044818
3 0.386292 0.250233 0.023634 0.041083
3 0.406775 0.238562 0.018382 0.036415
2 0.584034 0.324930 0.037815 0.024276
0 0.768908 0.948646 0.050420 0.070962
2 0.698267 0.664332 0.028887 0.036415
2 0.707458 0.685808 0.027311 0.043884
0 0.097426 0.809057 0.012080 0.025210
0 0.101103 0.794118 0.015231 0.028945
9 0.137868 0.485061 0.028887 0.038282
0 0.189863 0.219888 0.036239 0.064426
0 0.657826 0.237628 0.028887 0.047619
6 0.134716 0.226424 0.022584 0.032680
0 0.134716 0.233894 0.004727 0.032680
0 0.140494 0.234827 0.009979 0.036415
9 0.425683 0.222689 0.024685 0.027077
0 0.456145 0.219888 0.012080 0.027077
0 0.539128 0.229225 0.081408 0.025210
