3 0.295956 0.915966 0.070903 0.145658
3 0.362920 0.851541 0.059874 0.151261
3 0.173319 0.919234 0.113445 0.092437
3 0.163866 0.846405 0.112395 0.092437
3 0.372899 0.689542 0.060924 0.116713
3 0.287815 0.661998 0.095588 0.072829
3 0.304097 0.604108 0.077731 0.061625
3 0.350053 0.569561 0.035189 0.080299
3 0.313813 0.528011 0.075105 0.088702
3 0.347952 0.466387 0.029937 0.075630
3 0.130252 0.739496 0.098739 0.134454
3 0.149422 0.677404 0.086660 0.092437
3 0.664391 0.975257 0.113445 0.045752
3 0.653099 0.914566 0.107668 0.096172
4 0.601628 0.778711 0.042542 0.112045
3 0.604779 0.682073 0.040441 0.090570
3 0.561187 0.633053 0.037290 0.078431
3 0.623687 0.596639 0.073004 0.061625
3 0.588761 0.543884 0.031513 0.066293
3 0.590599 0.481793 0.034139 0.061625
3 0.655462 0.486928 0.046218 0.084967
3 0.691964 0.471522 0.046744 0.078431
3 0.731092 0.472923 0.045168 0.079365
4 0.518908 0.347339 0.059874 0.048553
3 0.584034 0.351541 0.052521 0.040149
3 0.646796 0.356209 0.050945 0.034547
3 0.488708 0.936508 0.047794 0.125117
3 0.671218 0.379085 0.058824 0.046685
3 0.207458 0.439776 0.031513 0.085901
4 0.159139 0.445378 0.036765 0.076564
3 0.121061 0.451914 0.042542 0.061625
0 0.591124 0.882820 0.016282 0.060691
1 0.591387 0.876284 0.008403 0.038282
1 0.436187 0.676471 0.013130 0.034547
2 0.437237 0.688142 0.013130 0.037348
1 0.500000 0.583100 0.011555 0.038282
2 0.500263 0.592437 0.011029 0.040149
0 0.537553 0.519141 0.008929 0.044818
3 0.076155 0.636321 0.085084 0.090570
3 0.072216 0.464986 0.042542 0.057890
3 0.046744 0.584500 0.067227 0.080299
2 0.326155 0.407563 0.019958 0.027077
0 0.326943 0.397759 0.009979 0.039216
4 0.339811 0.321662 0.024160 0.055089
3 0.387080 0.342204 0.024160 0.049486
3 0.410189 0.325397 0.021008 0.040149
3 0.785714 0.477591 0.034664 0.064426
4 0.811450 0.446312 0.046218 0.054155
3 0.847689 0.383754 0.058824 0.044818
2 0.609506 0.440243 0.041492 0.032680
2 0.761029 0.963585 0.035714 0.044818
9 0.084296 0.678338 0.028887 0.038282
0 0.163603 0.303922 0.036239 0.064426
0 0.687237 0.313259 0.028887 0.047619
6 0.113708 0.310458 0.027836 0.040149
9 0.435662 0.299253 0.024685 0.027077
0 0.804884 0.329132 0.039391 0.070028
0 0.467700 0.303922 0.012080 0.027077
0 0.564338 0.311391 0.094013 0.025210
0 0.711134 0.431373 0.010504 0.035481
0 0.704044 0.428105 0.013130 0.032680
