3 0.282300 0.957049 0.067752 0.082166
3 0.361345 0.919234 0.065126 0.159664
3 0.158351 0.973389 0.121324 0.051354
3 0.146008 0.919701 0.121849 0.108310
3 0.382878 0.715219 0.053571 0.123249
3 0.282300 0.709150 0.102416 0.083100
3 0.302258 0.643791 0.083508 0.066293
3 0.348477 0.607843 0.036239 0.089636
3 0.312237 0.558824 0.080357 0.099907
3 0.348214 0.493931 0.031513 0.084034
3 0.112920 0.799253 0.106092 0.147526
3 0.133929 0.725023 0.090336 0.099907
3 0.673057 0.971055 0.110819 0.054155
4 0.621061 0.845005 0.044643 0.123249
3 0.620536 0.734827 0.041492 0.106443
3 0.574055 0.676471 0.039916 0.088702
3 0.640231 0.640056 0.077731 0.068161
3 0.603204 0.579365 0.035189 0.071895
3 0.604254 0.508870 0.037290 0.072829
3 0.672269 0.515873 0.051471 0.092437
3 0.710872 0.500000 0.049895 0.086835
3 0.750788 0.502334 0.049895 0.078431
4 0.529149 0.362278 0.061450 0.050420
3 0.596376 0.368347 0.054097 0.042017
3 0.663603 0.370682 0.057248 0.041083
3 0.500525 0.770308 0.042017 0.108310
3 0.539916 0.396825 0.058824 0.046685
3 0.210872 0.455649 0.030987 0.085901
4 0.154674 0.479458 0.037290 0.077498
3 0.113971 0.470121 0.046218 0.064426
1 0.427784 0.607376 0.013130 0.034547
2 0.428834 0.620915 0.013130 0.031746
1 0.477153 0.528478 0.012080 0.033613
2 0.477416 0.539683 0.012605 0.035481
0 0.545168 0.573296 0.008403 0.044818
3 0.060137 0.677404 0.094013 0.094304
3 0.064863 0.488796 0.046744 0.071895
3 0.033088 0.630719 0.066176 0.103641
2 0.349265 0.442110 0.018908 0.023343
0 0.350578 0.432306 0.011029 0.041083
4 0.341649 0.333800 0.029937 0.055089
3 0.390494 0.356209 0.026786 0.051354
3 0.415704 0.340803 0.023634 0.046685
3 0.806460 0.504202 0.039391 0.070962
4 0.819590 0.461718 0.051996 0.064426
3 0.750000 0.404295 0.063025 0.046685
2 0.624475 0.465453 0.044118 0.036415
9 0.069590 0.726891 0.028887 0.038282
0 0.016019 0.539216 0.013130 0.055089
0 0.022847 0.538282 0.015231 0.053221
0 0.163866 0.314659 0.035714 0.072829
0 0.708771 0.333800 0.028887 0.047619
6 0.105042 0.325397 0.031513 0.045752
9 0.438288 0.316060 0.024685 0.027077
0 0.826418 0.342204 0.039391 0.070028
0 0.472426 0.316060 0.012080 0.027077
0 0.575893 0.325397 0.094013 0.025210
0 0.728466 0.456116 0.011555 0.036415
0 0.716387 0.449580 0.013655 0.032680
