3 0.260242 0.963119 0.058298 0.071895
3 0.303309 0.853875 0.099265 0.084967
3 0.317489 0.711951 0.059349 0.103641
3 0.374212 0.669468 0.047794 0.113912
3 0.220851 0.710551 0.089811 0.070962
3 0.206670 0.663866 0.090861 0.069094
3 0.317489 0.591970 0.083508 0.072829
3 0.305147 0.535481 0.077731 0.058824
3 0.318015 0.494865 0.067752 0.048553
3 0.354517 0.466853 0.031513 0.065359
3 0.323267 0.432773 0.062500 0.073763
3 0.351103 0.387021 0.025735 0.058824
3 0.173845 0.589636 0.080882 0.103641
3 0.186450 0.541550 0.069328 0.063492
3 0.615021 0.942577 0.064076 0.112979
3 0.599002 0.845005 0.096113 0.104575
3 0.621586 0.766573 0.091912 0.067227
3 0.613708 0.705415 0.087710 0.066293
4 0.573529 0.614846 0.034664 0.083100
3 0.575630 0.547619 0.033613 0.062558
3 0.538866 0.517740 0.031513 0.060691
3 0.593225 0.485528 0.061450 0.050420
3 0.564601 0.448646 0.026261 0.053221
3 0.566439 0.402428 0.034139 0.050420
3 0.622374 0.402428 0.042017 0.069094
3 0.655200 0.389823 0.040441 0.064426
3 0.688288 0.392624 0.041492 0.055089
4 0.503676 0.292250 0.052521 0.046685
3 0.561187 0.295051 0.044643 0.035481
3 0.619485 0.297386 0.047794 0.034547
3 0.265756 0.315593 0.049370 0.031746
3 0.220063 0.377218 0.026261 0.056022
4 0.182773 0.370215 0.029412 0.066293
3 0.150998 0.373950 0.034139 0.051354
3 0.552521 0.333333 0.052521 0.037348
0 0.652311 0.599907 0.008403 0.051354
1 0.652574 0.587768 0.006828 0.023343
0 0.540966 0.387955 0.008403 0.038282
3 0.125788 0.506536 0.060399 0.066293
3 0.108981 0.387021 0.036239 0.060691
3 0.094013 0.478058 0.048319 0.050420
4 0.340074 0.270775 0.023634 0.046685
3 0.384191 0.288982 0.023634 0.042017
3 0.405200 0.275910 0.019433 0.036415
2 0.584821 0.371148 0.038340 0.028945
2 0.702206 0.743697 0.031513 0.040149
2 0.711660 0.768441 0.027311 0.042951
0 0.088498 0.903361 0.012080 0.025210
0 0.093225 0.882820 0.015231 0.028945
9 0.131565 0.552288 0.028887 0.038282
0 0.180410 0.261905 0.036239 0.064426
0 0.658876 0.264706 0.028887 0.047619
6 0.130515 0.262838 0.022584 0.032680
0 0.107931 0.275910 0.004727 0.032680
0 0.114233 0.274043 0.009979 0.036415
9 0.424632 0.251634 0.024685 0.027077
0 0.768908 0.283847 0.038866 0.069094
0 0.455620 0.256303 0.012080 0.027077
0 0.540179 0.259104 0.081408 0.025210
0 0.670168 0.359010 0.009454 0.036415
0 0.673845 0.345938 0.010504 0.032680
