3 0.256828 0.928105 0.070378 0.140056
3 0.324580 0.941176 0.056723 0.113912
3 0.304097 0.787115 0.100840 0.087768
3 0.319065 0.655462 0.061450 0.098973
3 0.376050 0.614379 0.047269 0.108310
3 0.221113 0.653128 0.091387 0.071895
3 0.208246 0.605042 0.090861 0.065359
3 0.301471 0.548086 0.086134 0.070962
3 0.305410 0.488796 0.081408 0.055089
3 0.318277 0.449580 0.068277 0.047619
3 0.356092 0.425303 0.031513 0.062558
3 0.323792 0.390756 0.062500 0.068161
3 0.351891 0.349673 0.025210 0.056956
3 0.174107 0.535948 0.081408 0.098973
3 0.186450 0.492063 0.069328 0.057890
3 0.616071 0.890289 0.068277 0.152194
3 0.600315 0.781046 0.094538 0.109244
3 0.622111 0.705882 0.092962 0.072829
3 0.613708 0.649860 0.087710 0.065359
4 0.575368 0.564426 0.035189 0.081232
3 0.576681 0.501401 0.034664 0.061625
3 0.540179 0.470588 0.032038 0.054155
3 0.595063 0.443978 0.061975 0.053221
3 0.565389 0.408964 0.025735 0.050420
3 0.568540 0.362278 0.034139 0.048553
3 0.623950 0.363679 0.040966 0.066293
3 0.656775 0.351074 0.039391 0.059757
3 0.687763 0.355742 0.045693 0.056022
3 0.080620 0.269374 0.054097 0.040149
4 0.504727 0.261438 0.053571 0.044818
3 0.561712 0.264706 0.046744 0.036415
3 0.620798 0.267507 0.046218 0.032680
3 0.425683 0.284781 0.045693 0.039216
3 0.219013 0.344538 0.025210 0.054155
4 0.185662 0.335668 0.029937 0.064426
3 0.152836 0.340336 0.034664 0.043884
3 0.416229 0.301587 0.053046 0.037348
0 0.671744 0.524743 0.011555 0.046685
1 0.671218 0.513072 0.007353 0.023343
0 0.547794 0.338002 0.007353 0.035481
3 0.131040 0.464986 0.058298 0.059757
3 0.112920 0.346405 0.033613 0.054155
4 0.341649 0.240430 0.023634 0.045752
3 0.384979 0.256303 0.023109 0.042017
3 0.406250 0.246032 0.018382 0.036415
2 0.585347 0.333333 0.038340 0.022409
0 0.772059 0.967320 0.054622 0.061625
2 0.700368 0.680672 0.028887 0.037348
2 0.709559 0.703081 0.027311 0.042951
0 0.088498 0.834267 0.012080 0.025210
0 0.093750 0.814659 0.015231 0.028945
9 0.135242 0.498133 0.028887 0.038282
0 0.186712 0.226424 0.036239 0.064426
0 0.658876 0.242297 0.028887 0.047619
6 0.131565 0.234827 0.022584 0.032680
0 0.129989 0.242297 0.004727 0.032680
0 0.136817 0.243231 0.009979 0.036415
9 0.425158 0.228291 0.024685 0.027077
0 0.456145 0.226424 0.012080 0.027077
0 0.539128 0.234827 0.081408 0.025210
