3 0.302521 0.881886 0.101891 0.090570
3 0.317489 0.734827 0.061450 0.110177
3 0.375525 0.687208 0.049370 0.115780
3 0.217962 0.734827 0.093487 0.074697
3 0.202468 0.684407 0.092962 0.070962
3 0.332983 0.599907 0.080882 0.086835
3 0.303834 0.548086 0.081408 0.059757
3 0.316702 0.506069 0.068277 0.050420
3 0.356092 0.478525 0.031513 0.068161
3 0.322479 0.442577 0.063025 0.074697
3 0.351366 0.395892 0.026261 0.065359
3 0.168592 0.605976 0.081933 0.106443
3 0.180935 0.557423 0.069853 0.065359
3 0.625525 0.957049 0.059874 0.082166
3 0.603992 0.871615 0.096639 0.107376
3 0.627363 0.788982 0.092962 0.070962
3 0.617910 0.725023 0.088761 0.071895
4 0.578256 0.633053 0.035714 0.087768
3 0.579307 0.562092 0.032563 0.067227
3 0.542017 0.528478 0.030462 0.057890
3 0.597689 0.496732 0.063025 0.050420
3 0.567489 0.457983 0.027836 0.060691
3 0.569590 0.405696 0.034139 0.055089
3 0.625788 0.407563 0.040441 0.071895
3 0.660452 0.397292 0.040441 0.064426
3 0.694328 0.399627 0.037815 0.061625
4 0.505777 0.296452 0.054622 0.047619
3 0.564863 0.298786 0.046744 0.037348
3 0.622637 0.301587 0.046744 0.033613
3 0.157563 0.316060 0.053571 0.042017
3 0.216387 0.381419 0.026261 0.055089
4 0.180935 0.380019 0.032038 0.069094
3 0.147321 0.379085 0.035189 0.050420
3 0.653887 0.337068 0.052521 0.037348
0 0.644433 0.630719 0.008403 0.047619
1 0.644170 0.621382 0.007878 0.023343
1 0.394958 0.870682 0.014706 0.042017
2 0.396534 0.883287 0.014706 0.044818
1 0.524422 0.887021 0.015231 0.041083
2 0.524685 0.894024 0.013655 0.064426
0 0.536239 0.404762 0.008403 0.038282
3 0.121061 0.530812 0.062500 0.070028
3 0.104517 0.394958 0.034664 0.054155
3 0.090074 0.488796 0.048845 0.051354
4 0.339023 0.275444 0.023634 0.046685
3 0.384191 0.291783 0.023634 0.042017
3 0.405725 0.280112 0.019433 0.039216
2 0.587447 0.376284 0.040441 0.031746
2 0.710084 0.762838 0.031513 0.039216
2 0.719538 0.790383 0.027311 0.043884
0 0.080095 0.937908 0.012080 0.025210
0 0.087973 0.913632 0.015231 0.028945
9 0.127889 0.563492 0.028887 0.038282
0 0.176208 0.271242 0.036239 0.064426
0 0.662553 0.275910 0.028887 0.047619
6 0.126313 0.270775 0.024685 0.035481
0 0.091124 0.283380 0.004727 0.032680
0 0.095851 0.287115 0.009979 0.036415
9 0.424632 0.262838 0.024685 0.027077
0 0.771008 0.291783 0.038866 0.070028
0 0.454044 0.263772 0.012080 0.027077
0 0.542805 0.268441 0.085609 0.025210
0 0.674895 0.364613 0.010504 0.036415
0 0.668067 0.352474 0.010504 0.032680
