3 0.287027 0.947246 0.071954 0.101774
3 0.362658 0.906629 0.063550 0.166200
3 0.163078 0.962652 0.120273 0.072829
3 0.150210 0.900560 0.119748 0.101774
3 0.381040 0.709617 0.053046 0.123249
3 0.283351 0.696078 0.102416 0.079365
3 0.303571 0.633987 0.082983 0.065359
3 0.350053 0.598973 0.036239 0.088702
3 0.313288 0.549486 0.079307 0.094304
3 0.348477 0.485994 0.032038 0.081232
3 0.117384 0.782446 0.104517 0.141923
3 0.137080 0.714753 0.086134 0.098039
3 0.670431 0.963119 0.113971 0.071895
4 0.617910 0.828665 0.044643 0.118581
3 0.618435 0.721289 0.041492 0.103641
3 0.571691 0.665733 0.038340 0.087768
3 0.637342 0.628385 0.077206 0.069094
3 0.602153 0.571429 0.035189 0.074697
3 0.602679 0.500467 0.036239 0.069094
3 0.669905 0.512138 0.050945 0.088702
3 0.708508 0.491597 0.049370 0.081232
3 0.748424 0.495798 0.048319 0.076564
4 0.527311 0.357143 0.061975 0.051354
3 0.594013 0.361345 0.054622 0.041083
3 0.660714 0.365546 0.055672 0.040149
3 0.498950 0.804388 0.042017 0.116713
3 0.573267 0.394024 0.059349 0.046685
3 0.213498 0.449113 0.030987 0.085901
4 0.164916 0.458917 0.036765 0.077498
3 0.117647 0.463585 0.046218 0.062558
1 0.433561 0.621382 0.013130 0.034547
2 0.433036 0.633053 0.013130 0.031746
1 0.485032 0.537348 0.011029 0.034547
2 0.484769 0.549020 0.011555 0.035481
0 0.543330 0.559757 0.008929 0.045752
3 0.064863 0.664799 0.090861 0.091503
3 0.068540 0.481793 0.043592 0.070962
3 0.035977 0.619514 0.071954 0.103641
2 0.345588 0.432773 0.017857 0.027077
0 0.346113 0.422969 0.009454 0.042951
4 0.342174 0.329132 0.028887 0.055089
3 0.391019 0.351074 0.025735 0.050420
3 0.415966 0.337068 0.023109 0.044818
3 0.802258 0.497666 0.039391 0.070962
4 0.820378 0.460317 0.048319 0.065359
3 0.775210 0.398693 0.063025 0.046685
2 0.622637 0.460317 0.043592 0.035481
9 0.073792 0.714753 0.028887 0.038282
0 0.010242 0.533613 0.013130 0.055089
0 0.018120 0.525210 0.015231 0.053221
0 0.165179 0.314192 0.036239 0.066293
0 0.704044 0.329132 0.028887 0.047619
6 0.107668 0.321662 0.030462 0.043884
9 0.438288 0.311391 0.024685 0.027077
0 0.821691 0.339402 0.039391 0.070028
0 0.471376 0.313259 0.012080 0.027077
0 0.573267 0.321662 0.094013 0.025210
0 0.725315 0.450047 0.010504 0.035481
0 0.713761 0.444444 0.013655 0.033613
