3 0.269170 0.851074 0.064601 0.146592
3 0.335609 0.879552 0.055672 0.156863
3 0.314338 0.716153 0.095063 0.076564
3 0.326681 0.599440 0.058824 0.089636
3 0.381040 0.562092 0.044643 0.095238
3 0.233718 0.596172 0.087185 0.066293
3 0.219800 0.552754 0.085609 0.056022
3 0.305147 0.504202 0.081933 0.063492
3 0.311975 0.448179 0.077731 0.052288
3 0.325105 0.410364 0.065126 0.040149
3 0.361082 0.390289 0.028887 0.059757
3 0.329569 0.357610 0.059349 0.061625
3 0.355830 0.320728 0.025735 0.053221
3 0.188025 0.491130 0.076681 0.089636
3 0.199842 0.451914 0.065651 0.056022
2 0.650473 0.902894 0.025735 0.061625
3 0.606880 0.810924 0.064601 0.139122
3 0.593750 0.712418 0.089811 0.097106
3 0.614758 0.645658 0.087710 0.066293
3 0.607143 0.594771 0.084034 0.059757
4 0.570378 0.518674 0.034664 0.075630
3 0.573004 0.461251 0.031513 0.054155
3 0.537553 0.433707 0.027836 0.049486
3 0.590336 0.408030 0.057773 0.044818
3 0.561450 0.375350 0.024160 0.046685
3 0.564338 0.333333 0.030987 0.042951
3 0.619223 0.337535 0.037815 0.060691
3 0.650998 0.323529 0.039391 0.058824
3 0.683824 0.326331 0.040966 0.055089
3 0.154674 0.246499 0.054097 0.041083
4 0.503414 0.236228 0.050945 0.041083
3 0.560399 0.241363 0.044118 0.032680
3 0.617384 0.245565 0.045693 0.031746
3 0.489496 0.263772 0.045168 0.032680
3 0.230567 0.313725 0.024160 0.050420
4 0.196166 0.308123 0.029937 0.061625
3 0.163866 0.312325 0.032563 0.042017
3 0.367647 0.272642 0.053571 0.037348
0 0.673845 0.473856 0.007353 0.040149
1 0.672794 0.466387 0.007353 0.023343
0 0.547532 0.308123 0.005777 0.035481
3 0.145746 0.427638 0.054097 0.054155
3 0.124475 0.321195 0.032563 0.054155
4 0.346113 0.218954 0.021008 0.040149
3 0.387868 0.234827 0.022584 0.036415
3 0.407826 0.223156 0.019433 0.033613
2 0.581408 0.307190 0.036765 0.026144
0 0.752363 0.882820 0.042542 0.064426
2 0.692227 0.626984 0.028361 0.036415
2 0.701155 0.647059 0.026261 0.042951
0 0.112658 0.764239 0.012080 0.025210
0 0.117910 0.745565 0.015231 0.028945
9 0.073267 0.881886 0.038340 0.058824
9 0.150998 0.457983 0.028887 0.038282
0 0.196691 0.205882 0.036239 0.064426
0 0.654149 0.229225 0.028887 0.047619
6 0.138918 0.209617 0.022584 0.032680
0 0.147321 0.215219 0.004727 0.032680
0 0.154674 0.215219 0.009979 0.036415
9 0.426208 0.207750 0.024685 0.027077
0 0.456670 0.204015 0.012080 0.027077
0 0.539128 0.216153 0.081408 0.025210
