3 0.282300 0.969188 0.111870 0.057890
3 0.302784 0.814192 0.067752 0.123249
3 0.363708 0.760504 0.051996 0.129785
3 0.192752 0.816527 0.100840 0.084967
3 0.179359 0.760037 0.101366 0.085901
3 0.349265 0.642390 0.074580 0.095238
3 0.289653 0.602708 0.087710 0.066293
3 0.304622 0.551354 0.072479 0.055089
3 0.345588 0.520075 0.033613 0.072829
3 0.312500 0.480859 0.069328 0.078431
3 0.343225 0.427638 0.028887 0.067227
3 0.146008 0.668534 0.090336 0.119514
3 0.159139 0.611111 0.073529 0.068161
3 0.613971 0.956116 0.105042 0.084034
3 0.638130 0.882820 0.103992 0.086835
3 0.627889 0.806256 0.098214 0.075630
4 0.583771 0.696545 0.039391 0.098973
3 0.585084 0.613445 0.035714 0.078431
3 0.544905 0.574697 0.033088 0.068161
3 0.602679 0.542484 0.066702 0.056022
3 0.570378 0.496732 0.029412 0.059757
3 0.572742 0.441643 0.034139 0.056022
3 0.632878 0.444444 0.043067 0.076564
3 0.667542 0.429505 0.044118 0.067227
3 0.705095 0.433240 0.039391 0.061625
4 0.504727 0.319795 0.054622 0.047619
3 0.566176 0.323063 0.048319 0.035481
3 0.627889 0.326797 0.050945 0.037348
3 0.206670 0.414099 0.028887 0.066293
4 0.164916 0.412232 0.033613 0.071895
3 0.129464 0.414099 0.038340 0.055089
0 0.612132 0.737162 0.013130 0.053221
1 0.612132 0.728758 0.007878 0.032680
1 0.409664 0.767040 0.013655 0.038282
2 0.409926 0.780579 0.013130 0.037348
1 0.509716 0.693744 0.013130 0.037348
2 0.510504 0.703081 0.011555 0.050420
0 0.526261 0.453315 0.008403 0.042017
3 0.095326 0.581232 0.071954 0.079365
3 0.085347 0.427171 0.038340 0.053221
3 0.069590 0.534547 0.047794 0.060691
4 0.332721 0.298319 0.024685 0.045752
3 0.379464 0.316527 0.022584 0.048553
3 0.401523 0.301587 0.021534 0.039216
2 0.591124 0.404762 0.040441 0.032680
2 0.726891 0.849673 0.034664 0.044818
2 0.736345 0.883287 0.028361 0.050420
9 0.104254 0.617647 0.028887 0.038282
0 0.164128 0.287115 0.036239 0.064426
0 0.668855 0.294585 0.028887 0.047619
6 0.111082 0.290850 0.027836 0.040149
0 0.041229 0.310458 0.004727 0.032680
0 0.045956 0.314192 0.009979 0.036415
9 0.426208 0.282446 0.024685 0.027077
0 0.780725 0.307656 0.039391 0.070028
0 0.457195 0.281513 0.012080 0.027077
0 0.547794 0.285247 0.093487 0.025210
0 0.682773 0.393091 0.010504 0.035481
0 0.671744 0.389823 0.010504 0.032680
