3 0.292805 0.930439 0.073004 0.133520
3 0.364758 0.875817 0.062500 0.158730
3 0.170431 0.941643 0.119223 0.098039
3 0.158876 0.868347 0.116071 0.093371
3 0.379202 0.699346 0.055672 0.119514
3 0.287553 0.675070 0.098214 0.074697
3 0.304884 0.614846 0.081408 0.062558
3 0.350578 0.580299 0.032038 0.081232
3 0.316439 0.537815 0.078256 0.093371
3 0.350315 0.475724 0.031513 0.081232
3 0.126313 0.757703 0.102416 0.137255
3 0.146534 0.690943 0.089286 0.098973
3 0.663078 0.944911 0.111870 0.098973
4 0.613183 0.802521 0.043592 0.116713
3 0.613708 0.701214 0.040441 0.097106
3 0.569328 0.647059 0.036765 0.082166
3 0.632878 0.612512 0.073529 0.063492
3 0.597689 0.556022 0.032563 0.068161
3 0.599790 0.489729 0.036765 0.064426
3 0.664653 0.497666 0.048845 0.084034
3 0.703256 0.479925 0.047269 0.078431
3 0.743172 0.485061 0.045168 0.070028
4 0.525998 0.352474 0.060399 0.049486
3 0.591912 0.355742 0.051471 0.037348
3 0.658088 0.360878 0.053571 0.036415
3 0.496324 0.874416 0.046218 0.131653
3 0.628939 0.386088 0.058298 0.045752
3 0.210084 0.444444 0.031513 0.085901
4 0.164391 0.449580 0.036765 0.077498
3 0.124212 0.456116 0.043592 0.062558
0 0.593750 0.936041 0.016282 0.066293
1 0.594538 0.927638 0.008403 0.038282
1 0.438813 0.650327 0.013130 0.034547
2 0.438288 0.661064 0.013130 0.033613
1 0.497374 0.556022 0.010504 0.034547
2 0.498687 0.564426 0.011029 0.040149
0 0.542279 0.537815 0.008929 0.044818
3 0.074842 0.645658 0.087710 0.090570
3 0.074055 0.472923 0.044118 0.058824
3 0.044118 0.600373 0.070378 0.091503
2 0.338761 0.418301 0.019958 0.028011
0 0.339023 0.407096 0.009979 0.039216
4 0.342962 0.324930 0.026261 0.054155
3 0.392069 0.344071 0.024685 0.049486
3 0.415441 0.330999 0.022059 0.042017
3 0.796744 0.485994 0.038866 0.070028
4 0.818277 0.453315 0.047269 0.056956
3 0.817489 0.392157 0.062500 0.046685
2 0.619223 0.450047 0.043067 0.033613
9 0.079569 0.695145 0.028887 0.038282
0 0.164653 0.308590 0.036239 0.064426
0 0.695116 0.320728 0.028887 0.047619
6 0.111870 0.315593 0.028361 0.041083
9 0.438288 0.303922 0.024685 0.027077
0 0.812763 0.333800 0.039391 0.070028
0 0.469275 0.308590 0.012080 0.027077
0 0.568540 0.316060 0.094013 0.025210
0 0.720588 0.442577 0.010504 0.035481
0 0.710084 0.434174 0.013655 0.033613
