2 0.264706 0.971989 0.038866 0.042951
4 0.276786 0.910831 0.112395 0.111111
5 0.289653 0.842670 0.127626 0.094304
3 0.313288 0.758170 0.097164 0.080299
3 0.317752 0.644258 0.048319 0.098973
3 0.370536 0.661531 0.045693 0.107376
3 0.348739 0.554155 0.077731 0.060691
3 0.356092 0.473389 0.050420 0.070962
3 0.399947 0.447246 0.036239 0.072829
3 0.278361 0.470588 0.072479 0.052288
3 0.264181 0.445845 0.068277 0.047619
3 0.317489 0.405696 0.073004 0.056956
3 0.339023 0.359010 0.066702 0.043884
3 0.350315 0.333333 0.052521 0.039216
3 0.378414 0.317460 0.026786 0.052288
3 0.350315 0.288982 0.052521 0.051354
3 0.372374 0.261905 0.022059 0.045752
3 0.234244 0.390289 0.061975 0.076564
3 0.241859 0.359944 0.055147 0.045752
3 0.618435 0.924370 0.094013 0.145658
3 0.624737 0.806256 0.046744 0.129785
2 0.620011 0.679739 0.020483 0.042951
3 0.587973 0.618581 0.054097 0.094304
3 0.576155 0.554155 0.074580 0.068161
3 0.596113 0.507003 0.074580 0.050420
3 0.591649 0.471055 0.069853 0.043884
4 0.561450 0.419701 0.031513 0.056956
3 0.564076 0.374416 0.029412 0.044818
3 0.533351 0.353408 0.026786 0.043884
3 0.580882 0.334267 0.051471 0.041083
3 0.555410 0.306723 0.022584 0.040149
3 0.557511 0.272642 0.027836 0.035481
3 0.606355 0.275444 0.034139 0.056022
3 0.635767 0.265173 0.033088 0.052288
3 0.662027 0.266573 0.029937 0.045752
3 0.342700 0.204949 0.043592 0.038282
4 0.503939 0.195145 0.047794 0.041083
3 0.638393 0.230626 0.046744 0.033613
3 0.556985 0.200747 0.040441 0.031746
3 0.607668 0.203548 0.042017 0.029879
3 0.256303 0.254902 0.018908 0.037348
4 0.231092 0.252101 0.027311 0.052288
3 0.201943 0.252568 0.025735 0.043884
3 0.225053 0.214753 0.045693 0.028011
0 0.547794 0.246965 0.006303 0.034547
3 0.190651 0.343137 0.049370 0.051354
4 0.359506 0.178805 0.020483 0.038282
3 0.397059 0.190943 0.019958 0.034547
3 0.414916 0.183007 0.017857 0.031746
2 0.571691 0.253035 0.033088 0.026144
2 0.791229 0.935574 0.018382 0.070962
0 0.701155 0.666200 0.034664 0.055089
2 0.661502 0.492530 0.023634 0.028945
2 0.667805 0.508403 0.022584 0.036415
0 0.184611 0.581232 0.012080 0.025210
0 0.185662 0.569094 0.015231 0.028945
9 0.159926 0.664332 0.027836 0.040149
9 0.195116 0.366480 0.028887 0.038282
0 0.224527 0.162932 0.036239 0.064426
0 0.638918 0.190943 0.028887 0.047619
0 0.192489 0.166200 0.004727 0.031746
0 0.198267 0.167134 0.009979 0.035481
9 0.429097 0.167134 0.024160 0.026144
0 0.459821 0.169468 0.012080 0.027077
0 0.532300 0.171335 0.081408 0.025210
