3 0.298057 0.884687 0.068803 0.135387
3 0.365284 0.824930 0.057248 0.144725
3 0.181985 0.885154 0.109769 0.089636
3 0.169905 0.818861 0.108718 0.085901
3 0.366334 0.676937 0.064601 0.110177
3 0.289916 0.642390 0.092437 0.069094
3 0.305672 0.588702 0.075630 0.056956
3 0.348739 0.555556 0.034664 0.078431
3 0.314863 0.513539 0.071954 0.087768
3 0.347689 0.456116 0.031513 0.071895
3 0.136029 0.717554 0.095588 0.126050
3 0.152048 0.654528 0.079307 0.082166
3 0.658351 0.958917 0.110819 0.078431
3 0.646271 0.883287 0.104517 0.091503
4 0.599265 0.753968 0.042017 0.107376
3 0.600315 0.662932 0.037815 0.087768
3 0.557773 0.614379 0.035714 0.076564
3 0.619485 0.582633 0.071954 0.059757
3 0.585609 0.530812 0.031513 0.064426
3 0.587447 0.470121 0.035189 0.060691
3 0.649947 0.476657 0.045693 0.083100
3 0.687237 0.457983 0.045693 0.075630
3 0.723739 0.462185 0.046218 0.072829
4 0.517332 0.340336 0.058824 0.049486
3 0.580095 0.344538 0.051996 0.039216
3 0.644433 0.346872 0.052521 0.036415
3 0.721376 0.370682 0.055147 0.042951
3 0.207458 0.431373 0.031513 0.085901
4 0.164128 0.434174 0.036239 0.076564
3 0.127889 0.440710 0.040441 0.057890
0 0.598214 0.833333 0.015756 0.056956
1 0.596113 0.825864 0.008403 0.038282
1 0.432248 0.704015 0.013655 0.035481
2 0.432511 0.718021 0.013130 0.037348
1 0.505777 0.612512 0.012605 0.035481
2 0.506040 0.621849 0.011029 0.041083
0 0.534664 0.499533 0.008403 0.042951
3 0.081408 0.619048 0.080882 0.087768
3 0.077994 0.454248 0.040441 0.056956
3 0.053046 0.568627 0.060924 0.074697
4 0.339811 0.314659 0.024160 0.054155
3 0.387080 0.334267 0.024160 0.046685
3 0.410189 0.319795 0.021008 0.040149
2 0.606880 0.430439 0.041492 0.031746
2 0.752626 0.931373 0.035714 0.043884
2 0.765231 0.969188 0.031513 0.050420
9 0.089023 0.659664 0.028887 0.038282
0 0.162553 0.298319 0.036239 0.064426
0 0.680935 0.307656 0.028887 0.047619
6 0.112658 0.305789 0.027836 0.040149
0 0.019695 0.330999 0.004727 0.032680
0 0.016544 0.331933 0.009979 0.036415
9 0.432511 0.295518 0.024685 0.027077
0 0.796481 0.324463 0.039391 0.070028
0 0.466124 0.299253 0.012080 0.027077
0 0.559611 0.306723 0.094013 0.025210
0 0.703256 0.420168 0.010504 0.035481
0 0.694853 0.417834 0.010504 0.032680
