3 0.298057 0.853875 0.068803 0.133520
3 0.362658 0.796452 0.054097 0.140056
3 0.185924 0.853408 0.106092 0.087768
3 0.172532 0.791317 0.103466 0.088702
3 0.357405 0.663866 0.070903 0.106443
3 0.290704 0.621849 0.090861 0.069094
3 0.305147 0.571429 0.075630 0.057890
3 0.345063 0.542017 0.034664 0.077498
3 0.311975 0.498599 0.070378 0.084034
3 0.342437 0.443044 0.031513 0.070028
3 0.139706 0.694678 0.091387 0.121382
3 0.155200 0.634921 0.080357 0.076564
3 0.648372 0.926704 0.107668 0.094304
3 0.637080 0.845938 0.101891 0.084034
4 0.590861 0.726424 0.039916 0.102708
3 0.590074 0.640523 0.037290 0.084034
3 0.550420 0.593371 0.033613 0.068161
3 0.609506 0.562092 0.069853 0.054155
3 0.576681 0.513072 0.030462 0.060691
3 0.577994 0.456583 0.036239 0.059757
3 0.641019 0.460317 0.045693 0.078431
3 0.674632 0.442577 0.044643 0.070962
3 0.712447 0.445378 0.045693 0.072829
4 0.509454 0.331466 0.057773 0.050420
3 0.571954 0.334267 0.050420 0.037348
3 0.634191 0.337068 0.051996 0.037348
3 0.767069 0.360411 0.055147 0.044818
3 0.206145 0.423903 0.029937 0.076564
4 0.163866 0.428105 0.034664 0.071895
3 0.126313 0.430906 0.040441 0.056956
0 0.605042 0.785714 0.013655 0.056956
1 0.603466 0.779645 0.008403 0.037348
1 0.421481 0.734827 0.014181 0.035481
2 0.421744 0.749767 0.012605 0.037348
1 0.507090 0.650327 0.013130 0.034547
2 0.508141 0.661064 0.011029 0.041083
0 0.528361 0.478992 0.007353 0.041083
3 0.088235 0.599907 0.076681 0.083100
3 0.081670 0.440243 0.039391 0.055089
3 0.061187 0.551354 0.054097 0.068161
4 0.336922 0.305789 0.023634 0.049486
3 0.384716 0.324930 0.023634 0.046685
3 0.407300 0.311391 0.021534 0.040149
2 0.601628 0.418301 0.041492 0.031746
2 0.738971 0.890756 0.034664 0.044818
2 0.749737 0.925770 0.030987 0.051354
9 0.094275 0.640056 0.028887 0.038282
0 0.161502 0.292717 0.036239 0.064426
0 0.674632 0.301120 0.028887 0.047619
6 0.111607 0.299253 0.027836 0.040149
0 0.029149 0.320728 0.004727 0.032680
0 0.031775 0.326331 0.009979 0.036415
9 0.429359 0.289916 0.024685 0.027077
0 0.788603 0.316060 0.039391 0.070028
0 0.462447 0.290850 0.012080 0.027077
0 0.553309 0.295518 0.094013 0.025210
0 0.692752 0.408030 0.010504 0.035481
0 0.682248 0.405696 0.010504 0.032680
