4 0.261292 0.964052 0.118172 0.070028
5 0.274685 0.912698 0.136555 0.105509
3 0.300945 0.811858 0.102941 0.086835
3 0.307248 0.687208 0.051471 0.110177
3 0.362920 0.705415 0.047269 0.116713
3 0.340074 0.588235 0.082458 0.065359
3 0.349790 0.499533 0.053571 0.074697
3 0.395483 0.471522 0.037815 0.078431
3 0.267332 0.495331 0.075630 0.056956
3 0.254202 0.463585 0.074580 0.053221
3 0.315126 0.429038 0.073529 0.055089
3 0.332458 0.381419 0.070378 0.043884
3 0.342962 0.350607 0.055672 0.042017
3 0.373950 0.332866 0.028361 0.053221
3 0.346639 0.304855 0.051471 0.055089
3 0.368172 0.274510 0.023109 0.048553
3 0.223214 0.413632 0.066176 0.078431
3 0.231880 0.380486 0.057248 0.047619
3 0.613445 0.959851 0.079832 0.076564
3 0.630515 0.864613 0.051996 0.140056
2 0.626838 0.725490 0.022584 0.046685
3 0.591649 0.658730 0.056197 0.101774
3 0.580357 0.585434 0.076681 0.072829
3 0.600315 0.535481 0.075630 0.056956
3 0.594013 0.495798 0.072479 0.046685
4 0.562763 0.437908 0.030987 0.063492
3 0.565126 0.392624 0.028361 0.045752
3 0.534664 0.369748 0.027311 0.042951
3 0.582458 0.349206 0.053571 0.041083
3 0.556985 0.322129 0.022584 0.041083
3 0.559874 0.284314 0.029412 0.034547
3 0.609244 0.288515 0.034664 0.057890
3 0.638393 0.278245 0.035189 0.052288
3 0.669118 0.280579 0.029412 0.047619
3 0.309874 0.218487 0.044118 0.039216
4 0.503676 0.204482 0.049370 0.041083
3 0.680672 0.235761 0.046218 0.032680
3 0.556460 0.209150 0.041492 0.031746
3 0.608456 0.212885 0.042542 0.029879
3 0.628151 0.227824 0.044118 0.033613
3 0.249475 0.265640 0.022059 0.045752
4 0.222426 0.261438 0.027836 0.056022
3 0.193277 0.263772 0.028361 0.043884
3 0.262605 0.224556 0.047269 0.030812
0 0.548057 0.257703 0.005777 0.033613
3 0.180147 0.361811 0.051471 0.053221
3 0.155725 0.268441 0.029937 0.051354
4 0.356092 0.186275 0.019958 0.042017
3 0.395483 0.201214 0.019958 0.036415
3 0.414128 0.191877 0.018382 0.032680
2 0.574842 0.265173 0.034139 0.026144
0 0.711922 0.715219 0.036239 0.057890
2 0.668592 0.522876 0.025210 0.031746
2 0.675683 0.539216 0.022584 0.038282
0 0.171481 0.619514 0.012080 0.025210
0 0.173057 0.605509 0.015231 0.028945
9 0.145221 0.707283 0.027836 0.040149
9 0.189863 0.384220 0.028887 0.038282
0 0.217700 0.173203 0.036239 0.064426
0 0.643120 0.200280 0.028887 0.047619
6 0.166229 0.178805 0.022584 0.032680
0 0.183561 0.173203 0.004727 0.032680
0 0.190389 0.176937 0.009979 0.036415
9 0.429359 0.175070 0.024685 0.027077
0 0.460872 0.176937 0.012080 0.027077
0 0.534926 0.180672 0.081408 0.025210
