5 0.263130 0.950514 0.144958 0.095238
3 0.292017 0.853875 0.105042 0.092437
3 0.299632 0.717087 0.054097 0.113912
3 0.357405 0.739029 0.048845 0.122316
3 0.335347 0.612512 0.084559 0.069094
3 0.345588 0.518674 0.054622 0.077498
3 0.391807 0.487862 0.039916 0.081232
3 0.260504 0.514939 0.077731 0.058824
3 0.247637 0.478525 0.078256 0.053221
3 0.312763 0.440710 0.075105 0.059757
3 0.327994 0.392157 0.070903 0.044818
3 0.339286 0.360411 0.058824 0.041083
3 0.371324 0.343137 0.028361 0.053221
3 0.342174 0.314659 0.051996 0.056022
3 0.366334 0.283380 0.023634 0.049486
3 0.215861 0.427171 0.067227 0.081232
3 0.225053 0.393557 0.060399 0.047619
3 0.635504 0.907563 0.051471 0.151261
2 0.630515 0.759570 0.021534 0.049486
3 0.593225 0.687675 0.057248 0.111111
3 0.582983 0.608777 0.080882 0.078431
3 0.602153 0.556489 0.078256 0.057890
3 0.595326 0.514006 0.075105 0.053221
4 0.563813 0.450980 0.032038 0.067227
3 0.567227 0.404762 0.028361 0.047619
3 0.535189 0.380486 0.027311 0.043884
3 0.583508 0.361345 0.055672 0.042951
3 0.557773 0.331933 0.023109 0.040149
3 0.560399 0.295985 0.029412 0.041083
3 0.610557 0.297852 0.036239 0.059757
3 0.641019 0.287582 0.035189 0.054155
3 0.672006 0.290383 0.035189 0.050420
3 0.279937 0.222689 0.048319 0.038282
4 0.504202 0.210551 0.049370 0.040149
3 0.703256 0.234827 0.046218 0.032680
3 0.556723 0.215219 0.042017 0.030812
3 0.609506 0.216153 0.043592 0.028945
3 0.599790 0.233894 0.043067 0.032680
3 0.245273 0.273576 0.023109 0.048553
4 0.216912 0.268908 0.028361 0.057890
3 0.187500 0.272176 0.030462 0.043884
3 0.284401 0.234360 0.048845 0.031746
0 0.675945 0.406162 0.007353 0.039216
1 0.673845 0.398693 0.007353 0.024276
0 0.548057 0.267040 0.005777 0.035481
3 0.173057 0.373950 0.051996 0.053221
3 0.148897 0.280112 0.030987 0.052288
4 0.353992 0.192810 0.019958 0.042017
3 0.393908 0.207750 0.019958 0.036415
3 0.412553 0.197946 0.019433 0.033613
2 0.577206 0.273576 0.034664 0.026144
0 0.718487 0.746499 0.036765 0.058824
2 0.673319 0.542017 0.026261 0.032680
2 0.680672 0.559290 0.023109 0.039216
0 0.159401 0.649393 0.012080 0.025210
0 0.161502 0.631653 0.015231 0.028945
9 0.131040 0.739029 0.027836 0.040149
9 0.077994 0.898693 0.045693 0.049486
9 0.183036 0.398226 0.028887 0.038282
0 0.212973 0.179739 0.036239 0.064426
0 0.645221 0.206816 0.028887 0.047619
6 0.161502 0.184407 0.022584 0.032680
0 0.176208 0.178805 0.004727 0.032680
0 0.181985 0.179739 0.009979 0.036415
9 0.429359 0.181606 0.024685 0.027077
0 0.459821 0.182540 0.012080 0.027077
0 0.536502 0.187208 0.081408 0.025210
