3 0.278624 0.925303 0.113971 0.098973
3 0.287815 0.770308 0.059874 0.126984
3 0.348477 0.796452 0.053046 0.136321
3 0.326418 0.653595 0.088761 0.074697
3 0.337185 0.553221 0.056723 0.084967
3 0.387605 0.519141 0.040966 0.089636
3 0.250263 0.549953 0.079307 0.063492
3 0.237132 0.510271 0.081408 0.056956
3 0.308561 0.470588 0.077206 0.059757
3 0.321166 0.415966 0.075105 0.049486
3 0.331933 0.381886 0.060924 0.041083
3 0.366859 0.363212 0.028887 0.056022
3 0.336922 0.331933 0.055147 0.060691
3 0.362132 0.298786 0.023634 0.054155
3 0.204569 0.453782 0.071954 0.082166
3 0.214548 0.417367 0.063550 0.050420
3 0.646008 0.950047 0.055672 0.096172
2 0.639706 0.817927 0.023109 0.056022
3 0.600053 0.738095 0.060399 0.120448
3 0.587447 0.650794 0.085609 0.085901
3 0.607405 0.590570 0.082458 0.058824
3 0.600315 0.546218 0.079832 0.054155
4 0.566702 0.479458 0.033613 0.068161
3 0.569328 0.428105 0.030462 0.051354
3 0.535714 0.403361 0.027311 0.048553
3 0.586397 0.380952 0.055147 0.044818
3 0.559611 0.349673 0.023634 0.045752
3 0.562763 0.309524 0.029937 0.042017
3 0.614496 0.313725 0.036765 0.059757
3 0.645483 0.302521 0.036765 0.056022
3 0.675420 0.305789 0.038866 0.049486
3 0.228466 0.229692 0.054622 0.039216
4 0.503939 0.222222 0.048845 0.041083
3 0.558036 0.226891 0.041492 0.031746
3 0.613445 0.230159 0.044118 0.028945
3 0.552521 0.245098 0.043067 0.032680
3 0.239496 0.289449 0.023109 0.048553
4 0.207983 0.285714 0.029412 0.059757
3 0.176996 0.288515 0.031513 0.042951
3 0.319328 0.250700 0.051471 0.034547
0 0.674107 0.434641 0.007878 0.040149
1 0.672794 0.426237 0.007353 0.023343
0 0.547794 0.283380 0.005252 0.034547
3 0.161502 0.394491 0.051996 0.053221
3 0.137868 0.298319 0.032038 0.053221
4 0.350578 0.203081 0.020483 0.042017
3 0.391807 0.216620 0.019958 0.035481
3 0.410189 0.210084 0.019958 0.035481
2 0.578782 0.288515 0.035714 0.026144
0 0.731355 0.802054 0.038340 0.061625
2 0.681197 0.576564 0.027311 0.034547
2 0.689338 0.594771 0.023634 0.041083
0 0.138393 0.700747 0.012080 0.025210
0 0.142069 0.681139 0.015231 0.028945
9 0.107931 0.799720 0.030987 0.045752
9 0.170431 0.422502 0.028887 0.038282
0 0.205095 0.189076 0.036239 0.064426
0 0.649422 0.216153 0.028887 0.047619
6 0.150998 0.197479 0.022584 0.032680
0 0.163078 0.193744 0.004727 0.032680
0 0.168855 0.193744 0.009979 0.036415
9 0.427784 0.191877 0.024685 0.027077
0 0.458246 0.190943 0.012080 0.027077
0 0.539128 0.197479 0.081408 0.025210
