3 0.256565 0.953782 0.062500 0.086835
3 0.302258 0.834734 0.102416 0.085901
3 0.317752 0.699346 0.061975 0.104575
3 0.375000 0.654995 0.049370 0.109244
3 0.219538 0.698413 0.092437 0.074697
3 0.205620 0.648459 0.090861 0.070028
3 0.306460 0.582166 0.085609 0.070028
3 0.303571 0.521942 0.080882 0.056022
3 0.316702 0.480859 0.068277 0.050420
3 0.355042 0.455182 0.032563 0.066293
3 0.324055 0.421102 0.064076 0.070962
3 0.350578 0.377218 0.026786 0.057890
3 0.173057 0.575163 0.081408 0.100840
3 0.184086 0.527544 0.069853 0.059757
3 0.614758 0.932773 0.065651 0.132586
3 0.598477 0.828198 0.096113 0.108310
3 0.622637 0.751167 0.091912 0.071895
3 0.613708 0.690009 0.087710 0.067227
4 0.574842 0.602708 0.036239 0.083100
3 0.576418 0.534080 0.034139 0.063492
3 0.539391 0.504669 0.030462 0.058824
3 0.593750 0.474323 0.062500 0.052288
3 0.564863 0.436975 0.026786 0.052288
3 0.566702 0.389823 0.033613 0.049486
3 0.623162 0.391690 0.040441 0.070028
3 0.656250 0.377684 0.040441 0.060691
3 0.687500 0.381419 0.043067 0.055089
4 0.503151 0.283847 0.053571 0.044818
3 0.561975 0.286181 0.046218 0.034547
3 0.619485 0.288982 0.048845 0.032680
3 0.362395 0.310924 0.048319 0.033613
3 0.216387 0.363212 0.026261 0.056022
4 0.183036 0.359010 0.028887 0.066293
3 0.150210 0.364613 0.034664 0.045752
3 0.468225 0.325397 0.051996 0.038282
0 0.664653 0.568161 0.009979 0.051354
1 0.663603 0.558824 0.006828 0.023343
0 0.546744 0.369748 0.008403 0.037348
3 0.125263 0.487395 0.060399 0.061625
3 0.108718 0.369281 0.035714 0.058824
3 0.094013 0.458450 0.048319 0.050420
4 0.340599 0.265173 0.023634 0.046685
3 0.383666 0.280579 0.023634 0.042017
3 0.405725 0.267040 0.019433 0.035481
2 0.584559 0.355275 0.037815 0.025210
2 0.702994 0.723156 0.030987 0.038282
2 0.711660 0.746965 0.027311 0.042951
0 0.088498 0.880952 0.012080 0.025210
0 0.092700 0.865079 0.015231 0.028945
9 0.133141 0.530812 0.028887 0.038282
0 0.180410 0.244164 0.036239 0.064426
0 0.659401 0.257236 0.028887 0.047619
6 0.129464 0.258170 0.022584 0.032680
0 0.119485 0.264706 0.004727 0.032680
0 0.128414 0.266573 0.009979 0.036415
9 0.424632 0.244164 0.024685 0.027077
0 0.456145 0.242297 0.012080 0.027077
0 0.539128 0.247899 0.081408 0.025210
0 0.670693 0.347339 0.008403 0.037348
0 0.678046 0.338002 0.010504 0.033613
