3 0.295431 0.927171 0.073004 0.140056
3 0.365809 0.867414 0.061450 0.156863
3 0.173057 0.932773 0.117122 0.097106
3 0.161239 0.859944 0.114496 0.093371
3 0.378151 0.695145 0.057773 0.118581
3 0.288340 0.670401 0.096639 0.074697
3 0.305147 0.611578 0.079832 0.063492
3 0.351366 0.576564 0.033613 0.081232
3 0.316176 0.534080 0.077731 0.091503
3 0.350578 0.471522 0.030987 0.078431
3 0.128939 0.750700 0.100315 0.136321
3 0.149160 0.686275 0.088235 0.097106
3 0.661502 0.937442 0.109769 0.100840
4 0.612132 0.795518 0.043592 0.115780
3 0.612658 0.696078 0.039391 0.094304
3 0.568277 0.643324 0.035714 0.082166
3 0.631828 0.607843 0.073529 0.063492
3 0.596901 0.553221 0.033088 0.068161
3 0.599002 0.486928 0.038340 0.064426
3 0.663603 0.495798 0.048845 0.084034
3 0.702468 0.476657 0.047794 0.077498
3 0.740809 0.479925 0.045693 0.072829
4 0.525210 0.351541 0.059874 0.049486
3 0.591387 0.354809 0.051471 0.037348
3 0.656775 0.358543 0.053046 0.037348
3 0.495798 0.896825 0.047269 0.135387
3 0.645483 0.384220 0.057773 0.045752
3 0.209034 0.442577 0.031513 0.085901
4 0.164128 0.447246 0.036239 0.076564
3 0.126313 0.453782 0.042542 0.063492
0 0.593750 0.919234 0.016282 0.066293
1 0.594538 0.910831 0.008403 0.038282
1 0.440389 0.659664 0.013130 0.034547
2 0.439863 0.669001 0.013130 0.034547
1 0.500525 0.563492 0.010504 0.036415
2 0.500788 0.572362 0.011029 0.041083
0 0.541754 0.531279 0.008929 0.044818
3 0.077468 0.639122 0.087710 0.088702
3 0.076418 0.470121 0.043592 0.058824
3 0.047269 0.594771 0.069328 0.087768
2 0.336660 0.414099 0.019958 0.028945
0 0.336922 0.403361 0.009979 0.039216
4 0.344013 0.323063 0.025210 0.054155
3 0.392857 0.343604 0.024160 0.050420
3 0.415441 0.329132 0.022059 0.042017
3 0.793067 0.485994 0.038866 0.070028
4 0.818277 0.453315 0.047269 0.056956
3 0.831670 0.391690 0.063550 0.045752
2 0.618435 0.447712 0.042542 0.032680
2 0.773372 0.981793 0.037290 0.034547
9 0.081145 0.689542 0.028887 0.038282
0 0.164128 0.307656 0.036239 0.064426
0 0.692489 0.317927 0.028887 0.047619
6 0.113183 0.314192 0.027836 0.040149
9 0.437763 0.302054 0.024685 0.027077
0 0.810137 0.331933 0.039391 0.070028
0 0.468750 0.306723 0.012080 0.027077
0 0.566964 0.315126 0.094013 0.025210
0 0.718487 0.439776 0.010504 0.035481
0 0.709034 0.431373 0.013655 0.033613
