3 0.289128 0.952381 0.108718 0.091503
3 0.306723 0.788982 0.065126 0.119514
3 0.367910 0.737628 0.051996 0.125117
3 0.201681 0.790383 0.098739 0.079365
3 0.188813 0.734827 0.097164 0.078431
3 0.345588 0.629318 0.076681 0.093371
3 0.295431 0.583100 0.084559 0.060691
3 0.308298 0.535948 0.070378 0.054155
3 0.349527 0.506069 0.033088 0.070962
3 0.315914 0.469188 0.068803 0.079365
3 0.344800 0.416900 0.027836 0.066293
3 0.153624 0.647526 0.086660 0.112979
3 0.166492 0.592904 0.072479 0.067227
3 0.610557 0.939309 0.103466 0.113912
3 0.634716 0.853875 0.100315 0.079365
3 0.625000 0.781513 0.093487 0.078431
4 0.581408 0.677404 0.039916 0.090570
3 0.582721 0.597106 0.036239 0.073763
3 0.544118 0.558357 0.033613 0.065359
3 0.601103 0.528011 0.064601 0.053221
3 0.569590 0.482260 0.028887 0.058824
3 0.570903 0.429505 0.033613 0.054155
3 0.630252 0.432306 0.043067 0.076564
3 0.665179 0.416900 0.043592 0.066293
3 0.701155 0.421102 0.039916 0.061625
4 0.505252 0.311858 0.054622 0.048553
3 0.565651 0.316993 0.047269 0.034547
3 0.625788 0.316993 0.050945 0.036415
3 0.208771 0.405229 0.027836 0.059757
4 0.170693 0.401961 0.032563 0.070028
3 0.135767 0.403361 0.038340 0.054155
3 0.771534 0.362278 0.052521 0.039216
0 0.623950 0.705882 0.010504 0.052288
1 0.623162 0.695612 0.007878 0.026144
1 0.403099 0.788049 0.013130 0.039216
2 0.403624 0.802054 0.013130 0.037348
1 0.514181 0.734360 0.013655 0.040149
2 0.514181 0.744164 0.012605 0.054155
0 0.529149 0.437908 0.007878 0.041083
3 0.101891 0.567694 0.069328 0.076564
3 0.090074 0.418301 0.037290 0.054155
3 0.074842 0.521942 0.047794 0.057890
4 0.334296 0.291783 0.024685 0.045752
3 0.380777 0.309991 0.023109 0.046685
3 0.402574 0.295985 0.020483 0.039216
2 0.590336 0.396825 0.039916 0.031746
2 0.722164 0.821195 0.034664 0.043884
2 0.730567 0.852941 0.027311 0.049486
9 0.112132 0.601774 0.028887 0.038282
0 0.169380 0.282446 0.036239 0.064426
0 0.667279 0.289916 0.028887 0.047619
6 0.114496 0.284781 0.027311 0.039216
0 0.055410 0.301120 0.004727 0.032680
0 0.060662 0.302054 0.009979 0.036415
9 0.424632 0.277778 0.024685 0.027077
0 0.775473 0.302054 0.039391 0.070028
0 0.453519 0.274043 0.012080 0.027077
0 0.546481 0.280579 0.090861 0.025210
0 0.679622 0.383754 0.010504 0.035481
0 0.667542 0.376751 0.010504 0.032680
