3 0.282038 0.973856 0.111345 0.048553
3 0.301208 0.820728 0.067752 0.125117
3 0.362920 0.767040 0.052521 0.131653
3 0.190651 0.823996 0.101891 0.084967
3 0.177521 0.766573 0.101891 0.087768
3 0.350053 0.646592 0.074055 0.098039
3 0.288340 0.606443 0.089286 0.066293
3 0.303834 0.555089 0.073004 0.056956
3 0.345063 0.524276 0.033613 0.073763
3 0.312237 0.483660 0.069853 0.078431
3 0.342174 0.430906 0.028887 0.068161
3 0.143908 0.673203 0.091387 0.119514
3 0.157038 0.616246 0.073529 0.069094
3 0.615021 0.960317 0.105042 0.075630
3 0.638393 0.889356 0.104517 0.088702
3 0.628414 0.814659 0.099265 0.081232
4 0.583508 0.701681 0.039916 0.099907
3 0.585609 0.618581 0.035714 0.079365
3 0.544905 0.577498 0.033088 0.070028
3 0.602679 0.545752 0.066702 0.056956
3 0.570116 0.498599 0.029937 0.059757
3 0.572742 0.444911 0.034139 0.055089
3 0.632878 0.446312 0.043067 0.076564
3 0.667805 0.431839 0.043592 0.068161
3 0.705882 0.435574 0.039916 0.060691
4 0.504989 0.322129 0.055147 0.048553
3 0.566439 0.324930 0.048845 0.035481
3 0.628414 0.328665 0.050945 0.037348
3 0.797532 0.347806 0.051996 0.042017
3 0.205620 0.415966 0.028887 0.068161
4 0.163340 0.414566 0.033613 0.070962
3 0.127626 0.417367 0.038866 0.056022
0 0.609244 0.745098 0.014706 0.054155
1 0.609769 0.737162 0.008403 0.034547
1 0.411239 0.761905 0.013655 0.037348
2 0.411502 0.774977 0.013130 0.037348
1 0.508666 0.685341 0.013130 0.037348
2 0.509454 0.695612 0.011555 0.048553
0 0.525473 0.457983 0.007878 0.042017
3 0.093750 0.584500 0.073004 0.080299
3 0.084296 0.429038 0.038340 0.053221
3 0.068015 0.537348 0.048845 0.062558
4 0.332195 0.299720 0.024685 0.046685
3 0.379202 0.317460 0.023109 0.048553
3 0.400998 0.303455 0.021534 0.039216
2 0.591387 0.406629 0.039916 0.032680
2 0.727941 0.856209 0.034664 0.044818
2 0.737658 0.890756 0.028887 0.050420
9 0.102679 0.622316 0.028887 0.038282
0 0.163078 0.288049 0.036239 0.064426
0 0.669380 0.296452 0.028887 0.047619
6 0.111082 0.292717 0.027836 0.040149
0 0.039128 0.312325 0.004727 0.032680
0 0.043330 0.316060 0.009979 0.036415
9 0.426733 0.284314 0.024685 0.027077
0 0.782300 0.309524 0.039391 0.070028
0 0.458246 0.283380 0.012080 0.027077
0 0.548057 0.286181 0.094013 0.025210
0 0.683824 0.395892 0.010504 0.035481
0 0.672794 0.393557 0.010504 0.032680
