3 0.361082 0.926704 0.065651 0.144725
3 0.142857 0.934174 0.121849 0.107376
3 0.382878 0.720355 0.053571 0.124183
3 0.280725 0.718954 0.101366 0.080299
3 0.300420 0.654528 0.081933 0.065359
3 0.347689 0.614379 0.035714 0.089636
3 0.310662 0.568161 0.081408 0.099907
3 0.348214 0.499533 0.030462 0.084034
3 0.108718 0.810458 0.109244 0.149393
3 0.134191 0.734360 0.099265 0.098039
4 0.624475 0.859477 0.046218 0.124183
3 0.624212 0.746032 0.041492 0.110177
3 0.576155 0.686275 0.037815 0.087768
3 0.642332 0.647993 0.078782 0.067227
3 0.605042 0.587302 0.035714 0.076564
3 0.606880 0.517740 0.037290 0.070028
3 0.674632 0.522876 0.049895 0.091503
3 0.714023 0.506069 0.051996 0.084034
3 0.753939 0.508870 0.048845 0.076564
4 0.529149 0.366480 0.062500 0.051354
3 0.596639 0.373016 0.054622 0.040149
3 0.664391 0.375350 0.056723 0.039216
3 0.502363 0.741363 0.040441 0.104575
3 0.512868 0.401027 0.059349 0.047619
3 0.208246 0.461251 0.030987 0.085901
4 0.150998 0.481326 0.037290 0.077498
3 0.110819 0.476657 0.046218 0.066293
1 0.423057 0.597106 0.013130 0.034547
2 0.423582 0.609711 0.012080 0.029879
1 0.470851 0.521942 0.012080 0.033613
2 0.471901 0.531279 0.013130 0.035481
0 0.547006 0.584500 0.007878 0.042951
3 0.055935 0.687208 0.096113 0.097106
3 0.061187 0.495331 0.046744 0.066293
3 0.030987 0.640056 0.061975 0.103641
2 0.351891 0.450980 0.018908 0.026144
0 0.354254 0.438375 0.009979 0.038282
4 0.341124 0.337535 0.030987 0.055089
3 0.390231 0.360878 0.027311 0.051354
3 0.415704 0.344071 0.023634 0.049486
3 0.810137 0.510738 0.041492 0.070962
4 0.819853 0.463585 0.053571 0.064426
3 0.726891 0.408497 0.063025 0.045752
2 0.626050 0.470588 0.045168 0.037348
0 0.022321 0.546685 0.013130 0.055089
0 0.030200 0.542951 0.015231 0.053221
0 0.162815 0.315126 0.034664 0.079365
0 0.711397 0.337535 0.028887 0.047619
6 0.102941 0.328665 0.032563 0.046685
9 0.438288 0.319795 0.024685 0.027077
0 0.830095 0.345005 0.039391 0.070028
0 0.473477 0.319328 0.012080 0.026144
0 0.577994 0.328198 0.094013 0.025210
0 0.731355 0.461718 0.012080 0.036415
0 0.718487 0.453315 0.013655 0.032680
