3 0.295693 0.898226 0.070378 0.140056
3 0.363708 0.836601 0.059349 0.147526
3 0.178309 0.898693 0.111870 0.090570
3 0.166492 0.830532 0.111345 0.088702
3 0.367647 0.682540 0.063025 0.113912
3 0.287815 0.650327 0.093487 0.070028
3 0.304097 0.594771 0.076681 0.057890
3 0.348214 0.561158 0.034664 0.078431
3 0.313025 0.520075 0.073529 0.087768
3 0.346113 0.460784 0.030462 0.073763
3 0.131828 0.727358 0.097689 0.128852
3 0.148897 0.664332 0.082458 0.086835
3 0.659664 0.964986 0.111345 0.066293
3 0.648372 0.895892 0.105567 0.092437
4 0.600315 0.763305 0.042017 0.109244
3 0.600578 0.670401 0.038340 0.089636
3 0.559086 0.621849 0.035189 0.078431
3 0.621061 0.590103 0.073004 0.061625
3 0.586922 0.536881 0.032038 0.069094
3 0.588498 0.476190 0.036239 0.061625
3 0.651523 0.482260 0.044643 0.086835
3 0.689076 0.462652 0.046218 0.075630
3 0.725578 0.466853 0.045693 0.076564
4 0.518382 0.344538 0.058824 0.048553
3 0.581408 0.347806 0.053571 0.038282
3 0.645746 0.350607 0.053046 0.034547
3 0.488445 0.961718 0.049370 0.072829
3 0.701418 0.374883 0.056197 0.045752
3 0.207458 0.435107 0.031513 0.085901
4 0.162815 0.439309 0.036765 0.077498
3 0.125263 0.446312 0.041492 0.059757
0 0.593487 0.851074 0.015756 0.056956
1 0.592962 0.846405 0.008403 0.038282
1 0.433036 0.692810 0.013130 0.035481
2 0.433561 0.705882 0.013130 0.037348
1 0.503151 0.599440 0.012605 0.035481
2 0.503414 0.609711 0.011029 0.041083
0 0.535189 0.507470 0.008403 0.043884
3 0.079044 0.626050 0.082458 0.088702
3 0.076943 0.459851 0.040441 0.056956
3 0.050158 0.575163 0.063550 0.076564
4 0.339811 0.317460 0.024160 0.054155
3 0.387080 0.337535 0.024160 0.047619
3 0.410189 0.322596 0.021008 0.040149
3 0.777311 0.470121 0.032563 0.062558
4 0.803046 0.438375 0.044118 0.049486
2 0.607931 0.434641 0.041492 0.032680
2 0.755777 0.942577 0.035714 0.043884
2 0.769170 0.978058 0.029937 0.040149
9 0.087447 0.667134 0.028887 0.038282
0 0.163078 0.300187 0.036239 0.064426
0 0.683561 0.309524 0.028887 0.047619
6 0.112658 0.307656 0.027836 0.040149
9 0.433561 0.297386 0.024685 0.027077
0 0.799632 0.326331 0.039391 0.070028
0 0.466649 0.301120 0.012080 0.027077
0 0.561712 0.308590 0.094013 0.025210
0 0.704307 0.423903 0.010504 0.035481
0 0.695903 0.423436 0.010504 0.032680
