3 0.260767 0.963119 0.060399 0.071895
3 0.302784 0.851074 0.100315 0.088702
3 0.318015 0.711485 0.061450 0.104575
3 0.374737 0.668067 0.047794 0.112979
3 0.220588 0.711485 0.090336 0.072829
3 0.207721 0.661998 0.091912 0.070962
3 0.310924 0.591970 0.085084 0.074697
3 0.303834 0.534080 0.079307 0.059757
3 0.318015 0.494865 0.068803 0.050420
3 0.354779 0.466853 0.032038 0.065359
3 0.323792 0.433707 0.063550 0.073763
3 0.350578 0.387955 0.026786 0.060691
3 0.174895 0.588702 0.081933 0.101774
3 0.186712 0.539216 0.068803 0.060691
3 0.613971 0.940710 0.064076 0.116713
3 0.598477 0.842670 0.095063 0.107376
3 0.621324 0.765640 0.094538 0.069094
3 0.613183 0.704482 0.088761 0.068161
4 0.573004 0.614379 0.034664 0.082166
3 0.575368 0.548553 0.034139 0.064426
3 0.538866 0.515873 0.031513 0.060691
3 0.592700 0.485994 0.061450 0.051354
3 0.564076 0.447246 0.027311 0.052288
3 0.566439 0.399627 0.034139 0.052288
3 0.622899 0.403361 0.042017 0.070962
3 0.655725 0.389356 0.041492 0.061625
3 0.687500 0.392157 0.043067 0.056022
4 0.502889 0.292250 0.053046 0.046685
3 0.561975 0.295518 0.045168 0.036415
3 0.619485 0.298786 0.048845 0.031746
3 0.319590 0.316060 0.049895 0.032680
4 0.184611 0.372082 0.028887 0.066293
3 0.152048 0.374883 0.035189 0.047619
3 0.504464 0.333800 0.051996 0.038282
0 0.658351 0.589636 0.008929 0.055089
1 0.657300 0.575630 0.006828 0.023343
0 0.544118 0.381419 0.008403 0.038282
3 0.125263 0.495798 0.060399 0.063492
3 0.109244 0.384220 0.036765 0.064426
3 0.094013 0.474790 0.048319 0.051354
4 0.340336 0.269374 0.023109 0.047619
3 0.383666 0.287115 0.023634 0.042017
3 0.404674 0.273576 0.019433 0.035481
2 0.584296 0.372082 0.037290 0.027077
2 0.701681 0.741363 0.031513 0.039216
2 0.710084 0.765640 0.027311 0.042951
0 0.088498 0.900560 0.012080 0.025210
0 0.094800 0.882820 0.015231 0.028945
9 0.133666 0.545752 0.028887 0.038282
0 0.180935 0.253501 0.036239 0.064426
0 0.658876 0.260037 0.028887 0.047619
6 0.131040 0.262838 0.022584 0.032680
0 0.114758 0.273109 0.004727 0.032680
0 0.123162 0.274977 0.009979 0.036415
9 0.424632 0.246965 0.024685 0.027077
0 0.767857 0.280112 0.038866 0.069094
0 0.456145 0.249767 0.012080 0.027077
0 0.539653 0.252568 0.081408 0.025210
0 0.669643 0.357143 0.008403 0.038282
0 0.676471 0.345472 0.010504 0.033613
