3 0.287815 0.945378 0.072479 0.105509
3 0.363183 0.903361 0.063550 0.165266
3 0.163866 0.960784 0.120798 0.076564
3 0.150998 0.897759 0.119223 0.099907
3 0.381040 0.708217 0.053046 0.122316
3 0.283613 0.693744 0.101891 0.078431
3 0.303834 0.632586 0.082458 0.066293
3 0.350053 0.597106 0.036239 0.088702
3 0.313550 0.548086 0.078782 0.093371
3 0.348477 0.484594 0.032038 0.080299
3 0.117910 0.779645 0.104517 0.141923
3 0.137868 0.712418 0.085609 0.098973
3 0.669643 0.961251 0.113445 0.075630
4 0.617384 0.825397 0.044643 0.117647
3 0.617647 0.718954 0.042017 0.104575
3 0.571429 0.662932 0.038866 0.085901
3 0.636817 0.625117 0.077206 0.066293
3 0.600840 0.568161 0.034664 0.075630
3 0.602679 0.499533 0.036239 0.069094
3 0.669643 0.509337 0.050420 0.088702
3 0.706933 0.491130 0.048319 0.082166
3 0.747637 0.494398 0.046744 0.075630
4 0.526786 0.356209 0.061975 0.051354
3 0.593487 0.360411 0.055672 0.041083
3 0.660189 0.364613 0.055672 0.040149
3 0.498687 0.810924 0.042542 0.118581
3 0.578519 0.393091 0.059349 0.046685
3 0.212973 0.448179 0.030987 0.085901
4 0.164916 0.457983 0.036765 0.077498
3 0.118435 0.462652 0.045693 0.062558
1 0.434611 0.624183 0.013130 0.034547
2 0.433561 0.634921 0.013130 0.031746
1 0.486607 0.539216 0.011029 0.034547
2 0.486345 0.550420 0.011555 0.036415
0 0.543330 0.557890 0.008929 0.045752
3 0.065914 0.663399 0.090861 0.090570
3 0.067489 0.480392 0.044643 0.058824
3 0.036502 0.617647 0.073004 0.103641
2 0.344538 0.430906 0.017857 0.027077
0 0.345063 0.421102 0.009454 0.042951
4 0.342174 0.328198 0.028887 0.055089
3 0.391019 0.350140 0.025735 0.050420
3 0.415966 0.336134 0.023109 0.044818
3 0.801733 0.496732 0.039391 0.070962
4 0.820641 0.460317 0.047794 0.065359
3 0.779412 0.398693 0.063025 0.046685
2 0.622111 0.458917 0.043592 0.034547
9 0.074317 0.712885 0.028887 0.038282
0 0.009191 0.532680 0.013130 0.055089
0 0.017069 0.523343 0.015231 0.053221
0 0.165179 0.313725 0.036239 0.065359
0 0.703519 0.328198 0.028887 0.047619
6 0.108193 0.321662 0.030462 0.043884
9 0.438288 0.310458 0.024685 0.027077
0 0.820641 0.338469 0.039391 0.070028
0 0.470851 0.313259 0.012080 0.027077
0 0.572742 0.321662 0.094013 0.025210
0 0.724790 0.449113 0.010504 0.035481
0 0.713235 0.443511 0.013655 0.033613
