3 0.329569 0.932306 0.119223 0.133520
2 0.277574 0.897292 0.036239 0.042951
4 0.288340 0.843137 0.106092 0.102708
5 0.299895 0.786181 0.119748 0.095238
3 0.319590 0.707750 0.092962 0.074697
3 0.322216 0.603641 0.044643 0.088702
3 0.373424 0.619048 0.044118 0.095238
3 0.352153 0.522876 0.074055 0.056022
3 0.357668 0.448179 0.048319 0.065359
3 0.399947 0.422969 0.034139 0.072829
3 0.282038 0.440243 0.068277 0.047619
3 0.269433 0.418768 0.068277 0.049486
3 0.319065 0.382820 0.066702 0.044818
3 0.340599 0.342204 0.066702 0.038282
3 0.348739 0.317460 0.052521 0.039216
3 0.379202 0.301587 0.027311 0.052288
3 0.351103 0.277311 0.051996 0.052288
3 0.372111 0.250233 0.020483 0.042951
3 0.240021 0.372082 0.060924 0.073763
3 0.246586 0.344538 0.053046 0.046685
3 0.451681 0.936041 0.054622 0.126050
3 0.615021 0.960317 0.111345 0.077498
3 0.610032 0.864613 0.089811 0.154995
3 0.613708 0.747432 0.046744 0.116713
2 0.610557 0.636321 0.020483 0.043884
3 0.579569 0.582166 0.051996 0.092437
3 0.569853 0.518207 0.070378 0.069094
3 0.587710 0.479925 0.068277 0.046685
3 0.582721 0.442110 0.067752 0.045752
4 0.554097 0.394491 0.027311 0.055089
3 0.557511 0.356676 0.025735 0.046685
3 0.528099 0.333800 0.024685 0.045752
3 0.573267 0.315126 0.049895 0.040149
3 0.549107 0.292250 0.022584 0.041083
3 0.552258 0.260037 0.026786 0.036415
3 0.598739 0.259104 0.032563 0.051354
3 0.626050 0.252101 0.032563 0.052288
3 0.651786 0.251634 0.028361 0.045752
3 0.373950 0.198413 0.043067 0.038282
4 0.499212 0.184874 0.045693 0.041083
3 0.594800 0.217087 0.046744 0.030812
3 0.549632 0.189076 0.038340 0.030812
3 0.599790 0.193744 0.039916 0.028945
3 0.260504 0.242764 0.018908 0.037348
4 0.235032 0.239029 0.025735 0.052288
3 0.204307 0.242297 0.025210 0.043884
0 0.542279 0.232960 0.005777 0.032680
3 0.199842 0.325864 0.044643 0.046685
4 0.359769 0.172736 0.021008 0.035481
3 0.396796 0.182540 0.019433 0.032680
3 0.413603 0.175070 0.018382 0.032680
0 0.199842 0.946312 0.021534 0.073763
0 0.787290 0.943511 0.015756 0.045752
2 0.568540 0.240896 0.032038 0.026144
2 0.770746 0.863679 0.015231 0.069094
0 0.689863 0.621382 0.033088 0.047619
2 0.653099 0.466387 0.023634 0.028945
2 0.659139 0.479925 0.022059 0.035481
0 0.196691 0.549486 0.012080 0.025210
0 0.199317 0.537348 0.015231 0.028945
9 0.174107 0.621382 0.027836 0.040149
9 0.204569 0.348739 0.028887 0.038282
0 0.224790 0.154062 0.035714 0.063492
0 0.635242 0.180672 0.028887 0.047619
9 0.428571 0.158730 0.024160 0.026144
0 0.457721 0.161998 0.012080 0.027077
0 0.532563 0.161064 0.080882 0.025210
0 0.053309 0.940710 0.022584 0.056956
