3 0.257616 0.955649 0.060399 0.083100
3 0.302521 0.838469 0.101891 0.085901
3 0.317489 0.700280 0.062500 0.104575
3 0.373950 0.654995 0.048319 0.107376
3 0.218750 0.698880 0.091912 0.068161
3 0.205620 0.651727 0.090861 0.069094
3 0.307248 0.584967 0.085084 0.070028
3 0.304097 0.524743 0.080882 0.056022
3 0.317227 0.483660 0.068277 0.050420
3 0.355567 0.458450 0.032563 0.065359
3 0.324317 0.423436 0.064601 0.071895
3 0.350840 0.380019 0.026261 0.057890
3 0.173582 0.578431 0.081408 0.099907
3 0.184086 0.530345 0.069853 0.059757
3 0.614758 0.935107 0.065651 0.129785
3 0.598477 0.832400 0.096113 0.109244
3 0.622637 0.755369 0.091912 0.070962
3 0.613708 0.694211 0.087710 0.066293
4 0.575368 0.606443 0.036239 0.083100
3 0.576418 0.537348 0.034139 0.064426
3 0.539391 0.508403 0.030462 0.060691
3 0.593750 0.477124 0.062500 0.052288
3 0.564863 0.439776 0.026786 0.052288
3 0.566702 0.392624 0.033613 0.049486
3 0.623162 0.393557 0.040441 0.070028
3 0.656250 0.380019 0.040441 0.059757
3 0.687500 0.384220 0.043067 0.055089
4 0.503151 0.285714 0.053571 0.044818
3 0.562237 0.288049 0.045693 0.034547
3 0.619485 0.291783 0.048845 0.032680
3 0.356092 0.310924 0.050420 0.033613
3 0.216387 0.364146 0.026261 0.056022
4 0.183298 0.360878 0.029412 0.066293
3 0.150473 0.366480 0.034139 0.045752
3 0.473477 0.327731 0.051996 0.037348
0 0.663603 0.571429 0.009979 0.052288
1 0.662553 0.561625 0.006828 0.023343
0 0.546481 0.372082 0.007878 0.038282
3 0.125263 0.488329 0.060399 0.061625
3 0.108718 0.371615 0.035714 0.059757
3 0.094013 0.461251 0.048319 0.050420
4 0.340336 0.265173 0.023109 0.046685
3 0.383666 0.280579 0.023634 0.042017
3 0.405200 0.267974 0.019433 0.035481
2 0.584559 0.358077 0.037815 0.025210
2 0.702731 0.726891 0.030462 0.038282
2 0.711134 0.749767 0.027311 0.042951
0 0.088498 0.884687 0.012080 0.025210
0 0.093225 0.868814 0.015231 0.028945
9 0.133141 0.533613 0.028887 0.038282
0 0.180410 0.245098 0.036239 0.064426
0 0.659401 0.257236 0.028887 0.047619
6 0.129989 0.259104 0.022584 0.032680
0 0.118960 0.266573 0.004727 0.032680
0 0.127889 0.268441 0.009979 0.036415
9 0.424632 0.244164 0.024685 0.027077
0 0.456145 0.243231 0.012080 0.027077
0 0.539128 0.248833 0.081408 0.025210
0 0.670693 0.349673 0.008403 0.038282
0 0.678046 0.339869 0.010504 0.033613
