3 0.255515 0.951914 0.064601 0.090570
3 0.302258 0.831466 0.102416 0.086835
3 0.316964 0.695145 0.061450 0.103641
3 0.374475 0.651261 0.048319 0.109244
3 0.219013 0.694211 0.092437 0.073763
3 0.205882 0.645658 0.090336 0.070028
3 0.305935 0.579832 0.085609 0.070962
3 0.303309 0.519141 0.081408 0.056022
3 0.316439 0.478992 0.068803 0.050420
3 0.354779 0.452381 0.032038 0.066293
3 0.324055 0.418768 0.064076 0.070028
3 0.350578 0.374883 0.026786 0.058824
3 0.172794 0.572362 0.080882 0.100840
3 0.184086 0.525210 0.069853 0.058824
3 0.615021 0.930906 0.066176 0.136321
3 0.599002 0.824463 0.096113 0.108310
3 0.622899 0.747432 0.092437 0.071895
3 0.613971 0.686275 0.088235 0.067227
4 0.574580 0.598973 0.035714 0.083100
3 0.576943 0.531746 0.034139 0.062558
3 0.539391 0.501401 0.030462 0.057890
3 0.594275 0.471989 0.062500 0.053221
3 0.564863 0.434641 0.026786 0.053221
3 0.567227 0.387021 0.033613 0.049486
3 0.623162 0.389823 0.040441 0.070028
3 0.656250 0.375350 0.040441 0.061625
3 0.687763 0.379552 0.043592 0.055089
4 0.503151 0.281979 0.053571 0.044818
3 0.561975 0.284781 0.046218 0.035481
3 0.619485 0.287115 0.048845 0.032680
3 0.368697 0.304388 0.047269 0.039216
3 0.215861 0.361811 0.026261 0.055089
4 0.182773 0.357143 0.029412 0.066293
3 0.149947 0.363212 0.034139 0.044818
3 0.462973 0.323063 0.051996 0.037348
0 0.665704 0.565826 0.009979 0.050420
1 0.664653 0.556956 0.006828 0.023343
0 0.547269 0.367414 0.008403 0.038282
3 0.125263 0.485994 0.060399 0.062558
3 0.108456 0.367414 0.035189 0.058824
3 0.094013 0.456116 0.048319 0.049486
4 0.340599 0.262372 0.023634 0.046685
3 0.383141 0.277778 0.023634 0.042017
3 0.405200 0.264239 0.019433 0.035481
2 0.584559 0.353408 0.037815 0.025210
2 0.703256 0.720355 0.030462 0.038282
2 0.711660 0.744164 0.027311 0.042951
0 0.088498 0.877218 0.012080 0.025210
0 0.092700 0.861345 0.015231 0.028945
9 0.132616 0.528011 0.028887 0.038282
0 0.180410 0.243231 0.036239 0.064426
0 0.659401 0.256303 0.028887 0.047619
6 0.129464 0.257236 0.022584 0.032680
0 0.120536 0.262838 0.004727 0.032680
0 0.128939 0.264706 0.009979 0.036415
9 0.424632 0.243231 0.024685 0.027077
0 0.456145 0.240430 0.012080 0.027077
0 0.539128 0.247899 0.081408 0.025210
0 0.670693 0.345472 0.008403 0.037348
0 0.678046 0.335201 0.010504 0.033613
