3 0.289916 0.940710 0.073529 0.114846
3 0.364233 0.893557 0.063550 0.162465
3 0.166229 0.954248 0.121324 0.085901
3 0.153361 0.887955 0.117647 0.097106
3 0.380252 0.704949 0.053571 0.121382
3 0.284664 0.686741 0.099790 0.075630
3 0.304359 0.627451 0.081408 0.065359
3 0.350315 0.591503 0.034664 0.086835
3 0.314076 0.543884 0.078782 0.092437
3 0.349002 0.480859 0.032038 0.080299
3 0.120273 0.771242 0.102941 0.140056
3 0.140231 0.705882 0.085084 0.098973
3 0.668067 0.956116 0.113445 0.085901
4 0.615809 0.817460 0.044643 0.116713
3 0.616071 0.712418 0.042017 0.102708
3 0.570903 0.655929 0.037815 0.083100
3 0.635242 0.619514 0.076155 0.062558
3 0.599265 0.562558 0.033613 0.073763
3 0.601628 0.496732 0.036239 0.067227
3 0.668067 0.503735 0.049370 0.086835
3 0.705095 0.488329 0.046744 0.082166
3 0.746586 0.491597 0.044643 0.071895
4 0.526523 0.354342 0.061450 0.051354
3 0.592437 0.359010 0.054622 0.040149
3 0.659664 0.363212 0.054622 0.039216
3 0.497899 0.830999 0.044118 0.123249
3 0.595326 0.390289 0.059349 0.046685
3 0.211922 0.447246 0.030987 0.085901
4 0.164916 0.455182 0.036765 0.077498
3 0.120273 0.460317 0.045168 0.063492
0 0.595851 0.968254 0.016282 0.059757
1 0.596113 0.961251 0.008403 0.038282
1 0.436187 0.632586 0.013130 0.034547
2 0.436187 0.645191 0.013130 0.031746
1 0.491071 0.544818 0.010504 0.034547
2 0.490809 0.555089 0.011029 0.036415
0 0.542805 0.551354 0.008929 0.045752
3 0.068540 0.656863 0.089811 0.090570
3 0.069590 0.477591 0.044643 0.058824
3 0.038078 0.611111 0.071954 0.099907
2 0.342700 0.426237 0.018382 0.027077
0 0.342962 0.416433 0.009454 0.041083
4 0.342174 0.327264 0.027836 0.055089
3 0.391282 0.348273 0.025210 0.050420
3 0.415704 0.334734 0.022584 0.043884
3 0.800158 0.492530 0.039391 0.070028
4 0.819590 0.457049 0.047794 0.062558
3 0.792017 0.396825 0.063025 0.046685
2 0.621061 0.456116 0.043592 0.034547
9 0.075893 0.707283 0.028887 0.038282
0 0.165179 0.312325 0.036239 0.064426
0 0.700368 0.325397 0.028887 0.047619
6 0.109244 0.319328 0.029412 0.042951
9 0.438288 0.308590 0.024685 0.027077
0 0.818015 0.336601 0.039391 0.070028
0 0.470326 0.311391 0.012080 0.027077
0 0.571166 0.319795 0.094013 0.025210
0 0.723214 0.447246 0.010504 0.035481
0 0.712185 0.440710 0.013655 0.033613
