3 0.263393 0.886555 0.067752 0.154062
3 0.330095 0.913632 0.057248 0.159664
3 0.309611 0.743231 0.096113 0.082166
3 0.323529 0.620915 0.059874 0.093371
3 0.379464 0.581232 0.046744 0.098039
3 0.228204 0.616713 0.088761 0.068161
3 0.214286 0.572829 0.087185 0.060691
3 0.303834 0.519141 0.084559 0.065359
3 0.309611 0.463119 0.080357 0.052288
3 0.321691 0.423903 0.065651 0.042951
3 0.359244 0.402894 0.029412 0.062558
3 0.326943 0.370215 0.059349 0.064426
3 0.353729 0.330532 0.025735 0.057890
3 0.181985 0.508403 0.077206 0.094304
3 0.194065 0.466387 0.066702 0.056956
2 0.655987 0.939776 0.026261 0.062558
3 0.611607 0.843604 0.065651 0.144725
3 0.596901 0.739496 0.091912 0.100840
3 0.618960 0.668067 0.089811 0.066293
3 0.610557 0.614379 0.086660 0.063492
4 0.572479 0.535948 0.034664 0.078431
3 0.574842 0.476190 0.032038 0.057890
3 0.538866 0.447712 0.029412 0.053221
3 0.592962 0.420635 0.058824 0.047619
3 0.563550 0.387488 0.025210 0.048553
3 0.566176 0.343137 0.033613 0.045752
3 0.621849 0.346405 0.038866 0.063492
3 0.654149 0.333333 0.040441 0.059757
3 0.683824 0.333800 0.044118 0.058824
3 0.125788 0.252568 0.055147 0.040149
4 0.503939 0.244164 0.050945 0.042017
3 0.561712 0.249300 0.045693 0.035481
3 0.619748 0.252568 0.046218 0.032680
3 0.464548 0.270308 0.045693 0.036415
3 0.226103 0.326331 0.024685 0.051354
4 0.190914 0.318394 0.029937 0.063492
3 0.158876 0.323996 0.033088 0.042951
3 0.386555 0.284781 0.053571 0.037348
0 0.674632 0.494865 0.009979 0.042951
1 0.673582 0.486461 0.007878 0.022409
0 0.547794 0.318861 0.006303 0.036415
3 0.139706 0.442577 0.055672 0.056022
3 0.120011 0.331466 0.033088 0.054155
4 0.344013 0.226891 0.022059 0.042951
3 0.387080 0.243697 0.023109 0.039216
3 0.407038 0.232026 0.018908 0.034547
2 0.582721 0.316993 0.037290 0.025210
0 0.761555 0.920168 0.047269 0.068161
2 0.696429 0.647526 0.028361 0.036415
2 0.705357 0.669001 0.027311 0.043884
0 0.102679 0.790383 0.012080 0.025210
0 0.107931 0.774510 0.015231 0.028945
9 0.142069 0.472923 0.028887 0.038282
0 0.193015 0.213352 0.036239 0.064426
0 0.656250 0.233894 0.028887 0.047619
6 0.136817 0.218021 0.022584 0.032680
0 0.139968 0.225490 0.004727 0.032680
0 0.146271 0.226424 0.009979 0.036415
9 0.425683 0.216153 0.024685 0.027077
0 0.456670 0.213352 0.012080 0.027077
0 0.539128 0.223623 0.081408 0.025210
