3 0.260504 0.906629 0.069328 0.160598
3 0.327994 0.925303 0.057248 0.145658
3 0.306723 0.758170 0.097689 0.084034
3 0.322216 0.633520 0.060399 0.096172
3 0.377889 0.591970 0.047794 0.100840
3 0.225053 0.628852 0.088761 0.068161
3 0.211922 0.583567 0.087710 0.063492
3 0.302521 0.529412 0.085084 0.069094
3 0.308036 0.471055 0.081408 0.053221
3 0.320378 0.432306 0.067227 0.044818
3 0.357931 0.410364 0.029937 0.062558
3 0.325368 0.376751 0.060399 0.066293
3 0.353204 0.336134 0.025735 0.057890
3 0.178834 0.517740 0.079307 0.096172
3 0.190651 0.474790 0.067227 0.056956
2 0.659926 0.959384 0.026786 0.060691
3 0.614233 0.861345 0.066702 0.148459
3 0.598214 0.753501 0.092437 0.102708
3 0.620536 0.680672 0.090861 0.067227
3 0.612132 0.627451 0.086660 0.065359
4 0.573529 0.545752 0.035714 0.079365
3 0.575630 0.484127 0.032563 0.058824
3 0.540179 0.455182 0.030987 0.053221
3 0.593750 0.428571 0.059349 0.048553
3 0.564863 0.394958 0.025735 0.048553
3 0.566702 0.348273 0.034664 0.046685
3 0.623162 0.350607 0.039391 0.064426
3 0.655462 0.339402 0.039916 0.060691
3 0.685399 0.341270 0.045168 0.058824
3 0.110557 0.257703 0.055147 0.039216
4 0.504202 0.249300 0.051471 0.042951
3 0.562237 0.253968 0.045693 0.035481
3 0.619485 0.256769 0.046744 0.031746
3 0.451943 0.274977 0.045693 0.038282
3 0.223477 0.332400 0.024685 0.052288
4 0.188288 0.323529 0.029937 0.064426
3 0.156513 0.330532 0.033613 0.042951
3 0.396008 0.290383 0.053571 0.037348
0 0.675158 0.505602 0.011029 0.043884
1 0.674370 0.496732 0.008403 0.022409
0 0.547794 0.324930 0.006303 0.035481
3 0.137080 0.450047 0.056723 0.057890
3 0.117384 0.336134 0.033088 0.054155
4 0.342962 0.231092 0.023109 0.043884
3 0.386555 0.247899 0.023109 0.040149
3 0.406775 0.236228 0.018382 0.035481
2 0.583508 0.322129 0.037815 0.024276
0 0.766282 0.938842 0.049370 0.070028
2 0.697742 0.658730 0.028887 0.036415
2 0.706933 0.680205 0.027311 0.043884
0 0.101103 0.801587 0.012080 0.025210
0 0.103204 0.787582 0.015231 0.028945
9 0.138918 0.480392 0.028887 0.038282
0 0.190914 0.218021 0.036239 0.064426
0 0.657300 0.236695 0.028887 0.047619
6 0.135767 0.223623 0.022584 0.032680
0 0.136292 0.231092 0.004727 0.032680
0 0.142069 0.232960 0.009979 0.036415
9 0.425683 0.219888 0.024685 0.027077
0 0.456670 0.218021 0.012080 0.027077
0 0.539128 0.227358 0.081408 0.025210
