3 0.335872 0.885154 0.116071 0.151261
2 0.288340 0.838469 0.035714 0.042951
4 0.298582 0.790850 0.100315 0.098973
5 0.308824 0.734827 0.113445 0.085901
3 0.327206 0.664799 0.088235 0.072829
3 0.329832 0.570028 0.043067 0.084967
3 0.378151 0.585434 0.042017 0.089636
3 0.356092 0.494865 0.073529 0.056022
3 0.361345 0.425303 0.048319 0.064426
3 0.402311 0.402428 0.034664 0.067227
3 0.289128 0.421102 0.067752 0.050420
3 0.276786 0.396359 0.068277 0.049486
3 0.322479 0.365079 0.064076 0.048553
3 0.343750 0.325864 0.064601 0.039216
3 0.351891 0.301587 0.052521 0.039216
3 0.380252 0.287115 0.027311 0.051354
3 0.353204 0.263305 0.051996 0.052288
3 0.374212 0.239496 0.020483 0.043884
3 0.246061 0.352941 0.058298 0.069094
3 0.252363 0.328665 0.053046 0.046685
3 0.457195 0.790850 0.046744 0.132586
3 0.614496 0.925770 0.117647 0.135387
3 0.603204 0.809524 0.086660 0.141923
3 0.608193 0.702614 0.042017 0.109244
2 0.605567 0.602708 0.021008 0.042017
3 0.576155 0.549953 0.049370 0.084034
3 0.567489 0.495331 0.069853 0.064426
3 0.584559 0.453315 0.069328 0.047619
3 0.579569 0.425770 0.065651 0.046685
4 0.553046 0.376284 0.027311 0.056022
3 0.555147 0.340336 0.025210 0.047619
3 0.527311 0.318394 0.025210 0.041083
3 0.570378 0.301587 0.049370 0.039216
3 0.547794 0.279178 0.022059 0.039216
3 0.550158 0.247899 0.026786 0.036415
3 0.595588 0.250233 0.032563 0.052288
3 0.622899 0.240896 0.031513 0.052288
3 0.648109 0.242297 0.029412 0.045752
3 0.403624 0.189542 0.042542 0.037348
4 0.498687 0.177871 0.045693 0.036415
3 0.559349 0.209617 0.044118 0.032680
3 0.547532 0.180672 0.038340 0.030812
3 0.596376 0.183473 0.039391 0.028945
3 0.264181 0.232026 0.018908 0.038282
4 0.238445 0.227824 0.025210 0.052288
3 0.210347 0.231559 0.023634 0.044818
0 0.541754 0.222689 0.005777 0.032680
3 0.208246 0.310458 0.040441 0.042017
4 0.358718 0.157330 0.023109 0.042017
3 0.396534 0.169935 0.019958 0.028011
3 0.414391 0.164799 0.017857 0.027077
0 0.214811 0.881419 0.021008 0.067227
0 0.158876 0.930906 0.014181 0.037348
0 0.172532 0.953782 0.016282 0.042017
0 0.778624 0.926704 0.018382 0.064426
0 0.771271 0.884687 0.015231 0.045752
2 0.565651 0.230159 0.031513 0.027077
2 0.756828 0.806256 0.014706 0.064426
0 0.681197 0.591036 0.033613 0.048553
2 0.645746 0.443044 0.023634 0.028945
2 0.651523 0.454715 0.021534 0.033613
0 0.206408 0.520075 0.011555 0.024276
0 0.209559 0.509804 0.014706 0.028011
9 0.187763 0.584967 0.027836 0.040149
9 0.210347 0.332866 0.028887 0.038282
0 0.224790 0.146592 0.035714 0.063492
0 0.631565 0.172269 0.028887 0.047619
9 0.428571 0.152194 0.024160 0.026144
0 0.455882 0.155462 0.011555 0.027077
0 0.534139 0.153128 0.080882 0.024276
0 0.078256 0.862745 0.023109 0.069094
