3 0.258141 0.956583 0.060399 0.081232
3 0.302258 0.840336 0.101366 0.085901
3 0.317489 0.702148 0.062500 0.104575
3 0.374212 0.658263 0.047794 0.108310
3 0.219275 0.701214 0.091912 0.069094
3 0.205620 0.653128 0.090861 0.070028
3 0.307773 0.586368 0.085084 0.070962
3 0.303834 0.526144 0.080357 0.056956
3 0.317227 0.485528 0.068277 0.050420
3 0.355042 0.459384 0.032563 0.065359
3 0.324055 0.424837 0.064076 0.072829
3 0.350578 0.380952 0.026786 0.057890
3 0.173582 0.579832 0.081408 0.100840
3 0.184349 0.531279 0.069328 0.059757
3 0.614496 0.935574 0.065126 0.126984
3 0.598214 0.833800 0.095588 0.108310
3 0.622374 0.756769 0.092437 0.070028
3 0.613445 0.695612 0.088235 0.067227
4 0.574842 0.607376 0.036239 0.083100
3 0.575893 0.539216 0.034139 0.064426
3 0.539128 0.509337 0.030987 0.060691
3 0.593225 0.478058 0.062500 0.052288
3 0.564338 0.440710 0.026786 0.052288
3 0.566439 0.393557 0.034139 0.049486
3 0.622899 0.394491 0.040966 0.070028
3 0.655987 0.380952 0.040966 0.059757
3 0.687500 0.385154 0.043067 0.055089
4 0.502889 0.286648 0.053046 0.044818
3 0.561975 0.288982 0.045168 0.034547
3 0.619485 0.292717 0.048845 0.032680
3 0.349790 0.311858 0.050420 0.033613
3 0.216912 0.365079 0.026261 0.056022
4 0.183561 0.362745 0.028887 0.066293
3 0.150735 0.367414 0.034664 0.045752
3 0.478729 0.329599 0.051996 0.037348
0 0.662815 0.574230 0.009454 0.052288
1 0.661502 0.563492 0.006828 0.023343
0 0.545956 0.374416 0.007878 0.037348
3 0.125263 0.489729 0.060399 0.062558
3 0.108718 0.373483 0.035714 0.061625
3 0.094013 0.463119 0.048319 0.050420
4 0.340336 0.266106 0.023109 0.046685
3 0.383666 0.280579 0.023634 0.042017
3 0.405200 0.268908 0.019433 0.035481
2 0.584296 0.360411 0.037290 0.026144
2 0.702468 0.729692 0.030987 0.038282
2 0.711134 0.752568 0.027311 0.042951
0 0.088498 0.888422 0.012080 0.025210
0 0.093225 0.872549 0.015231 0.028945
9 0.133666 0.536415 0.028887 0.038282
0 0.180410 0.246965 0.036239 0.064426
0 0.659401 0.258170 0.028887 0.047619
6 0.130515 0.260037 0.022584 0.032680
0 0.118435 0.268441 0.004727 0.032680
0 0.127363 0.271242 0.009979 0.036415
9 0.424632 0.245098 0.024685 0.027077
0 0.456145 0.244164 0.012080 0.027077
0 0.539128 0.249767 0.081408 0.025210
0 0.670693 0.352474 0.008403 0.038282
0 0.678046 0.342670 0.010504 0.033613
