3 0.289391 0.950047 0.109244 0.094304
3 0.307511 0.785714 0.064601 0.118581
3 0.368435 0.735294 0.050945 0.124183
3 0.202468 0.786648 0.098214 0.079365
3 0.189601 0.731559 0.096639 0.077498
3 0.345326 0.627918 0.077206 0.092437
3 0.296218 0.581232 0.084034 0.060691
3 0.308824 0.533613 0.070378 0.053221
3 0.350053 0.504669 0.033088 0.070028
3 0.316176 0.467320 0.068277 0.079365
3 0.345063 0.415966 0.027311 0.066293
3 0.154674 0.645191 0.086660 0.112045
3 0.167279 0.591036 0.071954 0.067227
3 0.610557 0.936508 0.103466 0.115780
3 0.634191 0.850140 0.100315 0.079365
3 0.624737 0.777778 0.092962 0.076564
4 0.581408 0.674603 0.039916 0.090570
3 0.582721 0.595238 0.036239 0.073763
3 0.544118 0.556489 0.033613 0.065359
3 0.600840 0.526144 0.065126 0.053221
3 0.569590 0.481326 0.028887 0.058824
3 0.570903 0.428105 0.033613 0.053221
3 0.629989 0.430906 0.042542 0.075630
3 0.664916 0.415966 0.043067 0.066293
3 0.701155 0.420168 0.039916 0.061625
4 0.505252 0.310924 0.054622 0.048553
3 0.565651 0.316060 0.047269 0.034547
3 0.625788 0.316060 0.050945 0.036415
3 0.209296 0.404295 0.027836 0.059757
4 0.171218 0.401027 0.032563 0.070028
3 0.136292 0.401961 0.038340 0.053221
3 0.766807 0.360411 0.052521 0.039216
0 0.625000 0.702148 0.010504 0.052288
1 0.624737 0.691410 0.007878 0.025210
1 0.402574 0.790850 0.013130 0.039216
2 0.403099 0.804388 0.013130 0.038282
1 0.514706 0.739496 0.013655 0.039216
2 0.514706 0.749300 0.012605 0.055089
0 0.529674 0.436041 0.007878 0.041083
3 0.102941 0.565826 0.069328 0.076564
3 0.091124 0.417367 0.037290 0.054155
3 0.075630 0.521008 0.048319 0.057890
4 0.334559 0.291317 0.024160 0.046685
3 0.380777 0.309057 0.023109 0.046685
3 0.402836 0.295051 0.021008 0.039216
2 0.590336 0.395892 0.039916 0.031746
2 0.721639 0.818394 0.034664 0.043884
2 0.730042 0.849206 0.027311 0.049486
9 0.112658 0.599907 0.028887 0.038282
0 0.169905 0.281513 0.036239 0.064426
0 0.666754 0.288982 0.028887 0.047619
6 0.115021 0.283847 0.027311 0.039216
0 0.056985 0.299253 0.004727 0.032680
0 0.062763 0.300187 0.009979 0.036415
9 0.424632 0.276844 0.024685 0.027077
0 0.774422 0.301120 0.039391 0.070028
0 0.452994 0.273109 0.012080 0.027077
0 0.546481 0.279645 0.090861 0.025210
0 0.679097 0.382820 0.010504 0.035481
0 0.667017 0.374883 0.010504 0.032680
