3 0.302784 0.873483 0.101366 0.088702
3 0.317752 0.728758 0.060924 0.109244
3 0.375788 0.683007 0.048845 0.114846
3 0.219275 0.729225 0.091912 0.074697
3 0.203519 0.678338 0.091912 0.070028
3 0.329569 0.598039 0.082458 0.083100
3 0.304359 0.544351 0.080357 0.059757
3 0.316964 0.502801 0.067752 0.049486
3 0.355567 0.475257 0.031513 0.067227
3 0.322742 0.439776 0.062500 0.074697
3 0.351366 0.393091 0.026261 0.063492
3 0.169905 0.601307 0.081408 0.106443
3 0.182511 0.552754 0.069853 0.065359
3 0.622637 0.952848 0.061450 0.090570
3 0.602679 0.864146 0.096113 0.107376
3 0.626050 0.783380 0.092437 0.069094
3 0.616597 0.719888 0.088235 0.070962
4 0.577468 0.628385 0.035189 0.085901
3 0.578256 0.557890 0.032563 0.066293
3 0.541229 0.525210 0.030987 0.058824
3 0.596639 0.492997 0.063025 0.048553
3 0.566702 0.455182 0.027311 0.058824
3 0.568803 0.404762 0.033613 0.053221
3 0.625263 0.405696 0.040441 0.070028
3 0.658876 0.394491 0.040441 0.064426
3 0.692752 0.397292 0.038866 0.060691
4 0.505515 0.295051 0.054097 0.046685
3 0.563813 0.297386 0.045693 0.036415
3 0.621849 0.299720 0.047269 0.033613
3 0.182773 0.315593 0.052521 0.039216
3 0.217174 0.380952 0.025735 0.056022
4 0.181197 0.377684 0.031513 0.068161
3 0.148109 0.378151 0.034664 0.050420
3 0.631303 0.335201 0.052521 0.037348
0 0.646534 0.621382 0.008403 0.047619
1 0.646271 0.612045 0.007878 0.023343
1 0.392857 0.892157 0.014706 0.042017
2 0.394958 0.906629 0.014706 0.044818
1 0.525210 0.926237 0.015756 0.041083
2 0.524685 0.933707 0.013655 0.065359
0 0.537290 0.401027 0.008403 0.038282
3 0.124475 0.524276 0.060924 0.068161
3 0.106880 0.390756 0.034139 0.055089
3 0.092700 0.482726 0.048845 0.050420
4 0.340074 0.272642 0.023634 0.046685
3 0.385242 0.288982 0.023634 0.042017
3 0.406513 0.278245 0.018908 0.039216
2 0.586397 0.373950 0.039391 0.030812
2 0.707458 0.757236 0.031513 0.039216
2 0.717437 0.783847 0.027311 0.043884
0 0.081670 0.930439 0.012080 0.025210
0 0.090074 0.903361 0.015231 0.028945
9 0.128414 0.561625 0.028887 0.038282
0 0.176733 0.268441 0.036239 0.064426
0 0.661502 0.274043 0.028887 0.047619
6 0.127626 0.268441 0.024160 0.034547
0 0.094275 0.280579 0.004727 0.032680
0 0.099002 0.281513 0.009979 0.036415
9 0.424632 0.260971 0.024685 0.027077
0 0.770483 0.289916 0.038866 0.070028
0 0.454569 0.261905 0.012080 0.027077
0 0.542279 0.266573 0.084559 0.025210
0 0.674370 0.362278 0.010504 0.035481
0 0.670168 0.348739 0.010504 0.032680
