3 0.296218 0.894491 0.069328 0.138189
3 0.363971 0.833333 0.058824 0.146592
3 0.179097 0.894958 0.111345 0.090570
3 0.167279 0.827264 0.110819 0.087768
3 0.367384 0.681139 0.063550 0.112979
3 0.288340 0.648459 0.093487 0.070028
3 0.304359 0.592904 0.076155 0.057890
3 0.348214 0.559290 0.034664 0.078431
3 0.313288 0.518207 0.073004 0.087768
3 0.346376 0.459851 0.030987 0.073763
3 0.132878 0.724556 0.096639 0.128852
3 0.149685 0.661998 0.081933 0.085901
3 0.659664 0.963119 0.111345 0.068161
3 0.648109 0.891223 0.105042 0.090570
4 0.600053 0.760971 0.042542 0.108310
3 0.600578 0.668534 0.038340 0.089636
3 0.558824 0.620915 0.034664 0.078431
3 0.621061 0.589169 0.073004 0.061625
3 0.586922 0.535948 0.032038 0.069094
3 0.588498 0.475257 0.036239 0.061625
3 0.650998 0.481793 0.044643 0.087768
3 0.688813 0.461718 0.045693 0.075630
3 0.725053 0.466387 0.045693 0.075630
4 0.518382 0.344538 0.058824 0.048553
3 0.581145 0.347806 0.054097 0.038282
3 0.645746 0.350140 0.053046 0.035481
3 0.706145 0.374416 0.055147 0.042951
3 0.207458 0.434174 0.031513 0.085901
4 0.163340 0.438375 0.036765 0.077498
3 0.126050 0.445378 0.040966 0.059757
0 0.595063 0.847339 0.015756 0.056956
1 0.593487 0.840803 0.008403 0.038282
1 0.433036 0.695612 0.013130 0.035481
2 0.433561 0.708683 0.013130 0.037348
1 0.503676 0.602241 0.012605 0.035481
2 0.503939 0.612512 0.011029 0.041083
0 0.535189 0.505602 0.008403 0.043884
3 0.079832 0.624183 0.081933 0.088702
3 0.076943 0.457983 0.040441 0.056956
3 0.050945 0.573296 0.063025 0.076564
4 0.339811 0.316527 0.024160 0.054155
3 0.387080 0.336601 0.024160 0.047619
3 0.410189 0.321662 0.021008 0.040149
3 0.775998 0.468721 0.032038 0.061625
4 0.801733 0.436975 0.043592 0.048553
2 0.607405 0.433240 0.041492 0.031746
2 0.754727 0.938842 0.035714 0.043884
2 0.767595 0.976190 0.030987 0.043884
9 0.087973 0.665266 0.028887 0.038282
0 0.163078 0.300187 0.036239 0.064426
0 0.683036 0.308590 0.028887 0.047619
6 0.112658 0.307656 0.027836 0.040149
9 0.433561 0.296452 0.024685 0.027077
0 0.798582 0.325397 0.039391 0.070028
0 0.466649 0.300187 0.012080 0.027077
0 0.561187 0.307656 0.094013 0.025210
0 0.703782 0.422969 0.010504 0.035481
0 0.695378 0.422502 0.010504 0.032680
