3 0.297006 0.923903 0.071954 0.142857
3 0.366597 0.862278 0.060924 0.155929
3 0.174895 0.927171 0.115546 0.095238
3 0.163078 0.855275 0.112920 0.093371
3 0.377626 0.692810 0.058824 0.117647
3 0.289128 0.667600 0.096113 0.074697
3 0.305672 0.609711 0.078782 0.063492
3 0.351891 0.574697 0.034664 0.081232
3 0.316176 0.531746 0.076681 0.090570
3 0.350840 0.468721 0.030462 0.076564
3 0.131040 0.746032 0.099265 0.136321
3 0.150998 0.683473 0.087710 0.095238
3 0.660714 0.929038 0.109244 0.100840
4 0.611607 0.791317 0.044643 0.114846
3 0.611082 0.692344 0.039391 0.094304
3 0.567752 0.640990 0.036765 0.081232
3 0.631040 0.603641 0.074055 0.062558
3 0.596113 0.550887 0.033613 0.069094
3 0.597689 0.485528 0.038866 0.063492
3 0.663340 0.494865 0.048319 0.087768
3 0.701943 0.475257 0.048845 0.074697
3 0.740284 0.476657 0.046744 0.075630
4 0.524685 0.350607 0.059874 0.049486
3 0.590599 0.353875 0.051996 0.037348
3 0.655200 0.357610 0.051996 0.035481
3 0.495273 0.912232 0.048319 0.138189
3 0.656513 0.382353 0.057773 0.045752
3 0.208246 0.441643 0.030987 0.085901
4 0.164128 0.445378 0.036239 0.076564
3 0.127889 0.452848 0.042542 0.063492
0 0.593750 0.908030 0.016282 0.066293
1 0.594538 0.899627 0.008403 0.038282
1 0.440389 0.662465 0.013130 0.034547
2 0.440389 0.676004 0.013130 0.035481
1 0.502363 0.569561 0.011029 0.037348
2 0.501838 0.578898 0.011029 0.041083
0 0.541754 0.527544 0.008929 0.044818
3 0.079569 0.635387 0.087710 0.088702
3 0.076155 0.469188 0.043067 0.058824
3 0.048057 0.591036 0.068803 0.085901
2 0.335084 0.411298 0.019958 0.028945
0 0.335872 0.401494 0.009979 0.039216
4 0.345063 0.321662 0.025210 0.055089
3 0.393382 0.343604 0.024160 0.050420
3 0.415704 0.328198 0.022584 0.042017
3 0.790966 0.482726 0.036765 0.067227
4 0.816176 0.451447 0.047269 0.056956
3 0.840336 0.389823 0.063025 0.045752
2 0.615021 0.444911 0.042017 0.032680
2 0.771796 0.978992 0.037290 0.040149
9 0.082195 0.685808 0.028887 0.038282
0 0.164128 0.305789 0.036239 0.064426
0 0.690389 0.316060 0.028887 0.047619
6 0.114233 0.313259 0.027836 0.040149
9 0.437237 0.301120 0.024685 0.027077
0 0.808561 0.330999 0.039391 0.070028
0 0.468750 0.305789 0.012080 0.027077
0 0.566439 0.313259 0.094013 0.025210
0 0.715861 0.436975 0.010504 0.035481
0 0.707983 0.430439 0.013655 0.033613
