3 0.259979 0.962652 0.058824 0.072829
3 0.303309 0.853408 0.099265 0.085901
3 0.317489 0.711951 0.059349 0.103641
3 0.374212 0.669001 0.047794 0.112979
3 0.220588 0.710551 0.090336 0.070962
3 0.206933 0.663866 0.091387 0.069094
3 0.316964 0.591970 0.083508 0.072829
3 0.304884 0.535481 0.078256 0.058824
3 0.318015 0.494865 0.067752 0.048553
3 0.354517 0.466853 0.031513 0.065359
3 0.323004 0.431839 0.063025 0.073763
3 0.350840 0.387488 0.026261 0.059757
3 0.173845 0.589636 0.080882 0.103641
3 0.186450 0.541083 0.069328 0.062558
3 0.615021 0.942577 0.064076 0.112979
3 0.598739 0.844538 0.095588 0.105509
3 0.621324 0.766573 0.092437 0.067227
3 0.613708 0.705415 0.087710 0.066293
4 0.573267 0.614846 0.034139 0.083100
3 0.575630 0.548086 0.033613 0.063492
3 0.538866 0.517740 0.031513 0.060691
3 0.593225 0.485528 0.061450 0.050420
3 0.564338 0.448646 0.026786 0.053221
3 0.566439 0.401961 0.034139 0.051354
3 0.622374 0.402894 0.042017 0.070028
3 0.655200 0.389823 0.040441 0.064426
3 0.688025 0.392624 0.042017 0.055089
4 0.503676 0.292250 0.052521 0.046685
3 0.561187 0.295051 0.044643 0.035481
3 0.619485 0.297386 0.047794 0.034547
3 0.271534 0.315593 0.049370 0.031746
3 0.220326 0.377218 0.025735 0.056022
4 0.183036 0.369281 0.028887 0.066293
3 0.151523 0.373950 0.034139 0.051354
3 0.547006 0.333333 0.051996 0.037348
0 0.652836 0.599440 0.008403 0.052288
1 0.653099 0.586835 0.006828 0.023343
0 0.541229 0.387021 0.007878 0.038282
3 0.125788 0.505135 0.060399 0.065359
3 0.108981 0.386555 0.036239 0.061625
3 0.094013 0.478058 0.048319 0.050420
4 0.340074 0.270308 0.023634 0.047619
3 0.383929 0.288982 0.023109 0.042017
3 0.404937 0.275910 0.018908 0.036415
2 0.584559 0.371148 0.037815 0.028945
2 0.701681 0.742764 0.031513 0.040149
2 0.711134 0.767974 0.027311 0.043884
0 0.089023 0.900560 0.012080 0.025210
0 0.094275 0.882820 0.015231 0.028945
9 0.132090 0.551354 0.028887 0.038282
0 0.180410 0.260971 0.036239 0.064426
0 0.658876 0.264706 0.028887 0.047619
6 0.129989 0.262838 0.022584 0.032680
0 0.108981 0.275910 0.004727 0.032680
0 0.115284 0.274043 0.009979 0.036415
9 0.424632 0.250700 0.024685 0.027077
0 0.768908 0.283847 0.038866 0.069094
0 0.455620 0.255369 0.012080 0.027077
0 0.539653 0.258170 0.081408 0.025210
0 0.669905 0.359477 0.008929 0.037348
0 0.673845 0.346405 0.010504 0.033613
