3 0.303834 0.858077 0.099265 0.085901
3 0.318803 0.716620 0.059874 0.107376
3 0.376313 0.674136 0.047794 0.112045
3 0.221901 0.718954 0.089811 0.074697
3 0.205620 0.666667 0.090861 0.069094
3 0.322742 0.592904 0.083508 0.074697
3 0.305410 0.537348 0.078256 0.058824
3 0.317489 0.495798 0.066702 0.048553
3 0.354779 0.468254 0.030987 0.066293
3 0.323004 0.435107 0.061975 0.072829
3 0.351366 0.387488 0.026261 0.059757
3 0.172532 0.591036 0.080357 0.104575
3 0.185137 0.543884 0.069853 0.064426
3 0.616859 0.944444 0.064601 0.107376
3 0.600315 0.850140 0.095588 0.109244
3 0.623687 0.772176 0.091912 0.067227
3 0.614758 0.709617 0.086660 0.069094
4 0.576155 0.620448 0.034664 0.083100
3 0.576155 0.548553 0.032563 0.062558
3 0.539128 0.519141 0.030987 0.059757
3 0.594275 0.486928 0.060399 0.047619
3 0.565126 0.449580 0.026261 0.055089
3 0.566702 0.402894 0.033613 0.049486
3 0.622899 0.402428 0.040966 0.069094
3 0.655987 0.390289 0.039916 0.065359
3 0.689601 0.393091 0.040966 0.056022
4 0.504464 0.291783 0.051996 0.045752
3 0.561450 0.294585 0.045168 0.034547
3 0.619748 0.296919 0.047269 0.035481
3 0.230042 0.315593 0.049370 0.031746
3 0.218750 0.379085 0.025735 0.056022
4 0.182248 0.373483 0.030462 0.067227
3 0.149947 0.375817 0.034139 0.051354
3 0.586397 0.333333 0.051996 0.037348
0 0.649160 0.606443 0.008403 0.047619
1 0.649947 0.596172 0.006828 0.023343
1 0.388655 0.942577 0.014706 0.042017
2 0.390231 0.956116 0.014706 0.044818
0 0.539391 0.393557 0.008403 0.038282
3 0.125788 0.513539 0.060399 0.067227
3 0.108456 0.387488 0.035189 0.057890
3 0.094013 0.478992 0.048319 0.050420
4 0.340074 0.271242 0.023634 0.047619
3 0.384454 0.288982 0.023109 0.042017
3 0.405462 0.276844 0.018908 0.038282
2 0.585084 0.370682 0.038866 0.029879
2 0.702731 0.747432 0.031513 0.040149
2 0.713498 0.771242 0.027836 0.042951
0 0.085347 0.914566 0.012080 0.025210
0 0.092700 0.888422 0.015231 0.028945
9 0.130515 0.556022 0.028887 0.038282
0 0.178834 0.264706 0.036239 0.064426
0 0.659926 0.268441 0.028887 0.047619
6 0.130252 0.264239 0.023109 0.033613
0 0.102153 0.277778 0.004727 0.032680
0 0.107405 0.276844 0.009979 0.036415
9 0.424632 0.255369 0.024685 0.027077
0 0.769695 0.286648 0.039391 0.069094
0 0.455095 0.259104 0.012080 0.027077
0 0.540966 0.261905 0.082983 0.025210
0 0.671218 0.357610 0.010504 0.035481
0 0.672269 0.344071 0.010504 0.032680
