3 0.270221 0.955649 0.119223 0.084967
3 0.279149 0.801120 0.059349 0.134454
3 0.343225 0.828198 0.053046 0.145658
3 0.321166 0.678338 0.090861 0.075630
3 0.332983 0.571429 0.057773 0.087768
3 0.384716 0.535948 0.042542 0.091503
3 0.244748 0.569094 0.081933 0.064426
3 0.229517 0.526611 0.082983 0.056022
3 0.306985 0.483193 0.079307 0.060691
3 0.317752 0.429505 0.075630 0.050420
3 0.329569 0.393091 0.063550 0.041083
3 0.364233 0.374883 0.028887 0.056956
3 0.334296 0.341737 0.057248 0.061625
3 0.359506 0.307656 0.024685 0.053221
3 0.198004 0.468721 0.074580 0.084034
3 0.208508 0.430906 0.065126 0.051354
2 0.642857 0.850607 0.024160 0.057890
3 0.602679 0.764239 0.060399 0.126050
3 0.589023 0.676004 0.086660 0.089636
3 0.609769 0.614379 0.084034 0.065359
3 0.601891 0.565359 0.081933 0.056956
4 0.568015 0.495331 0.035189 0.070028
3 0.570641 0.440710 0.030987 0.052288
3 0.536765 0.415033 0.027311 0.047619
3 0.587973 0.391690 0.056197 0.043884
3 0.559874 0.359944 0.023109 0.047619
3 0.563025 0.317460 0.030462 0.042951
3 0.616597 0.322129 0.036765 0.059757
3 0.647584 0.309991 0.037815 0.057890
3 0.679622 0.314659 0.038866 0.050420
3 0.199842 0.236228 0.054097 0.041083
4 0.503676 0.227358 0.049370 0.042017
3 0.559086 0.232493 0.041492 0.031746
3 0.615284 0.235761 0.044643 0.030812
3 0.527311 0.252568 0.044118 0.032680
3 0.236870 0.297852 0.023109 0.048553
4 0.203519 0.293651 0.029937 0.060691
3 0.171481 0.296452 0.032038 0.042017
3 0.336660 0.259104 0.052521 0.036415
0 0.673845 0.450514 0.007353 0.040149
1 0.672794 0.442110 0.007353 0.023343
0 0.547794 0.292717 0.005252 0.032680
3 0.155200 0.406629 0.051996 0.053221
3 0.132090 0.306723 0.032038 0.053221
4 0.349002 0.208683 0.020483 0.042017
3 0.391019 0.223623 0.020483 0.034547
3 0.409664 0.212885 0.019958 0.033613
2 0.580095 0.295985 0.036239 0.026144
0 0.739758 0.834267 0.040441 0.062558
2 0.685662 0.596639 0.027836 0.035481
2 0.694065 0.615780 0.024685 0.042017
0 0.128414 0.725957 0.012080 0.025210
0 0.132616 0.705415 0.015231 0.028945
9 0.095851 0.828665 0.037290 0.058824
9 0.163603 0.435574 0.028887 0.038282
0 0.201418 0.194678 0.036239 0.064426
0 0.651523 0.221755 0.028887 0.047619
6 0.145746 0.204015 0.022584 0.032680
0 0.157300 0.201214 0.004727 0.032680
0 0.163078 0.201214 0.009979 0.036415
9 0.427258 0.197479 0.024685 0.027077
0 0.457721 0.195612 0.012080 0.027077
0 0.539128 0.204949 0.081408 0.025210
