3 0.295168 0.901494 0.070378 0.140990
3 0.363183 0.839402 0.059349 0.147526
3 0.176996 0.901961 0.112395 0.091503
3 0.165704 0.833333 0.111870 0.088702
3 0.368172 0.683940 0.063025 0.114846
3 0.287290 0.652661 0.094538 0.070962
3 0.303571 0.595705 0.076681 0.057890
3 0.347952 0.562092 0.035189 0.078431
3 0.312500 0.521942 0.073529 0.087768
3 0.345588 0.462185 0.030462 0.074697
3 0.130777 0.729692 0.097689 0.129785
3 0.147847 0.667134 0.083508 0.088702
3 0.659926 0.966387 0.110819 0.063492
3 0.649160 0.901027 0.106092 0.095238
4 0.600578 0.765640 0.041492 0.110177
3 0.601103 0.672736 0.038340 0.090570
3 0.559349 0.623716 0.035714 0.078431
3 0.621586 0.591036 0.073004 0.061625
3 0.587447 0.538282 0.032038 0.068161
3 0.588761 0.477124 0.035714 0.061625
3 0.652311 0.483193 0.045168 0.086835
3 0.689601 0.464052 0.046218 0.076564
3 0.726628 0.467787 0.045693 0.076564
4 0.518382 0.345472 0.058824 0.048553
3 0.581933 0.348739 0.053571 0.038282
3 0.646008 0.351541 0.052521 0.034547
3 0.487920 0.956116 0.048319 0.082166
3 0.696691 0.375817 0.057248 0.047619
3 0.207458 0.436041 0.031513 0.085901
4 0.162290 0.440243 0.036765 0.077498
3 0.124737 0.447246 0.041492 0.059757
0 0.592437 0.855742 0.015756 0.056956
1 0.591912 0.851074 0.008403 0.038282
1 0.433561 0.690009 0.013130 0.035481
2 0.434086 0.703081 0.013130 0.037348
1 0.502101 0.596639 0.012605 0.035481
2 0.502363 0.606909 0.011029 0.041083
0 0.535189 0.509337 0.008403 0.043884
3 0.078782 0.627918 0.082983 0.088702
3 0.076943 0.459384 0.041492 0.056022
3 0.049370 0.576564 0.064076 0.077498
4 0.339811 0.318394 0.024160 0.054155
3 0.387080 0.338469 0.024160 0.047619
3 0.410189 0.322596 0.021008 0.040149
3 0.778887 0.471055 0.032563 0.062558
4 0.804359 0.439776 0.044643 0.050420
2 0.607931 0.435574 0.041492 0.032680
2 0.756828 0.946312 0.035714 0.043884
2 0.771008 0.979458 0.029412 0.037348
9 0.086922 0.669001 0.028887 0.038282
0 0.163078 0.301120 0.036239 0.064426
0 0.684086 0.310458 0.028887 0.047619
6 0.113183 0.308590 0.027836 0.040149
9 0.434086 0.297386 0.024685 0.027077
0 0.800683 0.326331 0.039391 0.070028
0 0.467174 0.301120 0.012080 0.027077
0 0.562237 0.308590 0.094013 0.025210
0 0.704832 0.424837 0.010504 0.035481
0 0.696429 0.425303 0.010504 0.032680
