3 0.329569 0.949113 0.112920 0.099907
2 0.268908 0.936508 0.037815 0.042951
4 0.280200 0.878151 0.109769 0.107376
5 0.293067 0.816060 0.122899 0.095238
3 0.313813 0.733894 0.096113 0.078431
3 0.316964 0.624650 0.046744 0.093371
3 0.368960 0.641923 0.045693 0.101774
3 0.347952 0.538749 0.076155 0.057890
3 0.355305 0.462652 0.049895 0.070028
3 0.397584 0.436041 0.035714 0.072829
3 0.277574 0.455182 0.069853 0.051354
3 0.266019 0.429505 0.068803 0.048553
3 0.316702 0.396825 0.067227 0.050420
3 0.337447 0.352007 0.066702 0.037348
3 0.347689 0.324930 0.052521 0.039216
3 0.377101 0.309057 0.027311 0.052288
3 0.349002 0.283380 0.051996 0.051354
3 0.369748 0.256769 0.022059 0.044818
3 0.233193 0.382353 0.059874 0.075630
3 0.242910 0.355742 0.054097 0.046685
3 0.612132 0.896359 0.092962 0.156863
3 0.616071 0.774510 0.046218 0.118581
2 0.612395 0.658263 0.021008 0.046685
3 0.580882 0.599440 0.051471 0.089636
3 0.571429 0.537815 0.071429 0.067227
3 0.589023 0.492063 0.070903 0.048553
3 0.584296 0.455182 0.068803 0.045752
4 0.554097 0.405696 0.027311 0.055089
3 0.557773 0.366013 0.026261 0.046685
3 0.528361 0.342204 0.026261 0.043884
3 0.573792 0.323996 0.050945 0.041083
3 0.549632 0.298319 0.022584 0.040149
3 0.552784 0.265173 0.027836 0.035481
3 0.599790 0.267040 0.033613 0.054155
3 0.627363 0.259570 0.033088 0.052288
3 0.654937 0.260504 0.028361 0.046685
3 0.356092 0.201681 0.043067 0.037348
4 0.499212 0.190476 0.045693 0.041083
3 0.614233 0.222689 0.046744 0.030812
3 0.549632 0.194678 0.038340 0.030812
3 0.600578 0.198880 0.039391 0.029879
3 0.258403 0.248366 0.018908 0.037348
4 0.232931 0.245565 0.026786 0.052288
3 0.200630 0.248833 0.026261 0.043884
3 0.204044 0.211018 0.044643 0.029879
0 0.542017 0.241363 0.006303 0.034547
3 0.195378 0.334267 0.047269 0.048553
4 0.360557 0.176471 0.020483 0.031746
3 0.396534 0.186275 0.021008 0.032680
3 0.413603 0.179272 0.018382 0.031746
0 0.187763 0.975724 0.021534 0.044818
2 0.570116 0.246965 0.033088 0.027077
2 0.779674 0.898226 0.016282 0.070962
0 0.695378 0.643324 0.033613 0.050420
2 0.657300 0.479458 0.023634 0.028945
2 0.663340 0.493931 0.022059 0.035481
0 0.190389 0.566293 0.012080 0.025210
0 0.192489 0.554155 0.015231 0.028945
9 0.166229 0.643791 0.027836 0.040149
9 0.199317 0.358077 0.028887 0.038282
0 0.224527 0.158730 0.036239 0.063492
0 0.637342 0.185341 0.028887 0.047619
0 0.195903 0.161531 0.004202 0.031746
0 0.201681 0.163399 0.009454 0.035481
9 0.428834 0.162932 0.024685 0.027077
0 0.458771 0.165733 0.012080 0.027077
0 0.531775 0.165733 0.081408 0.025210
