3 0.293330 0.929038 0.073004 0.136321
3 0.365021 0.872549 0.061975 0.157796
3 0.171218 0.938375 0.118697 0.097106
3 0.159664 0.865546 0.115546 0.093371
3 0.378676 0.697479 0.056723 0.119514
3 0.287815 0.673203 0.097689 0.074697
3 0.304622 0.613445 0.080882 0.063492
3 0.350840 0.578431 0.032563 0.081232
3 0.316176 0.536415 0.077731 0.092437
3 0.350315 0.474323 0.031513 0.080299
3 0.127101 0.754902 0.101891 0.137255
3 0.147321 0.689076 0.088761 0.098973
3 0.662553 0.942110 0.110819 0.098973
4 0.612658 0.800187 0.043592 0.115780
3 0.613445 0.699813 0.039916 0.096172
3 0.569065 0.646125 0.036239 0.082166
3 0.632616 0.611111 0.073004 0.064426
3 0.597426 0.555089 0.033088 0.068161
3 0.599527 0.488796 0.037290 0.064426
3 0.664128 0.497199 0.048845 0.083100
3 0.702731 0.478992 0.047269 0.078431
3 0.742122 0.483660 0.045168 0.070962
4 0.525735 0.352474 0.059874 0.049486
3 0.591912 0.355742 0.051471 0.037348
3 0.657563 0.360411 0.053571 0.037348
3 0.496061 0.882353 0.046744 0.132586
3 0.634191 0.385154 0.058298 0.045752
3 0.209559 0.443511 0.031513 0.085901
4 0.164391 0.449113 0.036765 0.076564
3 0.125000 0.455649 0.043067 0.063492
0 0.593750 0.930439 0.016282 0.066293
1 0.594538 0.922035 0.008403 0.038282
1 0.439338 0.653128 0.013130 0.034547
2 0.438813 0.663399 0.013130 0.034547
1 0.498424 0.557890 0.010504 0.034547
2 0.500263 0.566760 0.011029 0.041083
0 0.542279 0.535948 0.008929 0.044818
3 0.075368 0.643324 0.087710 0.089636
3 0.074842 0.471989 0.043592 0.058824
3 0.045431 0.598039 0.069853 0.090570
2 0.337710 0.416433 0.019958 0.028011
0 0.338498 0.406162 0.009979 0.039216
4 0.343225 0.324930 0.025735 0.054155
3 0.392595 0.344071 0.024685 0.049486
3 0.415441 0.330999 0.022059 0.042017
3 0.795693 0.485994 0.038866 0.070028
4 0.818277 0.453315 0.047269 0.056956
3 0.822216 0.392157 0.062500 0.046685
2 0.618960 0.449113 0.042542 0.033613
9 0.080095 0.693277 0.028887 0.038282
0 0.164653 0.308590 0.036239 0.064426
0 0.694065 0.319795 0.028887 0.047619
6 0.112395 0.315593 0.028361 0.041083
9 0.438288 0.302988 0.024685 0.027077
0 0.811712 0.332866 0.039391 0.070028
0 0.469275 0.307656 0.012080 0.027077
0 0.568015 0.316060 0.094013 0.025210
0 0.720063 0.441643 0.010504 0.035481
0 0.709559 0.433240 0.013655 0.033613
