3 0.287027 0.961251 0.111870 0.073763
3 0.305935 0.801120 0.067752 0.119514
3 0.365809 0.748833 0.050945 0.126984
3 0.197216 0.802521 0.099265 0.083100
3 0.183561 0.746965 0.099265 0.084034
3 0.347689 0.634921 0.075630 0.091503
3 0.292017 0.594771 0.085084 0.065359
3 0.306723 0.543884 0.071429 0.053221
3 0.346901 0.511671 0.033088 0.070962
3 0.314076 0.475724 0.068277 0.079365
3 0.345063 0.421569 0.028361 0.064426
3 0.150473 0.658730 0.087710 0.120448
3 0.163340 0.601774 0.072479 0.064426
3 0.612658 0.948179 0.104517 0.099907
3 0.636555 0.870215 0.100840 0.084034
3 0.626313 0.794585 0.096113 0.078431
4 0.581933 0.687208 0.038866 0.089636
3 0.583771 0.604575 0.035189 0.077498
3 0.544118 0.567227 0.033613 0.064426
3 0.601891 0.533613 0.065126 0.053221
3 0.569853 0.490196 0.029412 0.059757
3 0.571691 0.435107 0.036239 0.052288
3 0.632090 0.440243 0.042542 0.075630
3 0.666754 0.423903 0.042542 0.069094
3 0.703256 0.427171 0.038866 0.062558
4 0.504989 0.315593 0.054097 0.046685
3 0.565914 0.318861 0.046744 0.034547
3 0.627363 0.323063 0.050945 0.035481
3 0.207195 0.409897 0.027836 0.061625
4 0.167805 0.407563 0.033088 0.070028
3 0.132616 0.408964 0.038340 0.054155
3 0.793592 0.363679 0.052521 0.038282
0 0.618697 0.721755 0.010504 0.052288
1 0.617647 0.711485 0.007353 0.028011
1 0.406250 0.777311 0.013130 0.038282
2 0.406775 0.790850 0.013130 0.037348
1 0.511817 0.713819 0.013130 0.038282
2 0.512342 0.723623 0.012080 0.052288
0 0.527836 0.444911 0.008403 0.042017
3 0.098477 0.574230 0.070903 0.078431
3 0.087710 0.422502 0.037815 0.053221
3 0.072216 0.528011 0.047794 0.058824
4 0.333508 0.295051 0.024160 0.046685
3 0.379989 0.313259 0.022584 0.047619
3 0.402048 0.298786 0.021534 0.039216
2 0.590861 0.401027 0.039916 0.032680
2 0.724265 0.835201 0.034664 0.043884
2 0.733456 0.867880 0.027836 0.049486
9 0.108456 0.609244 0.028887 0.038282
0 0.166754 0.284314 0.036239 0.064426
0 0.667805 0.292717 0.028887 0.047619
6 0.111607 0.288049 0.027836 0.040149
0 0.048057 0.305789 0.004727 0.032680
0 0.052784 0.308590 0.009979 0.036415
9 0.425158 0.280579 0.024685 0.027077
0 0.778099 0.304855 0.039391 0.070028
0 0.455620 0.277778 0.012080 0.027077
0 0.547269 0.282446 0.092437 0.025210
0 0.680672 0.388422 0.010504 0.035481
0 0.669643 0.382353 0.010504 0.032680
