3 0.291492 0.940243 0.109244 0.097106
3 0.309874 0.776377 0.064076 0.114846
3 0.370273 0.728291 0.049370 0.123249
3 0.205620 0.776377 0.097164 0.077498
3 0.191964 0.721755 0.095063 0.072829
3 0.344800 0.622782 0.078256 0.091503
3 0.298057 0.575630 0.082458 0.058824
3 0.310924 0.526611 0.069328 0.050420
3 0.351891 0.500934 0.032563 0.070028
3 0.317227 0.462652 0.067227 0.077498
3 0.346639 0.414099 0.026261 0.068161
3 0.158088 0.638189 0.086134 0.109244
3 0.169643 0.585901 0.070378 0.068161
3 0.610294 0.928571 0.103992 0.122316
3 0.633403 0.838469 0.099790 0.078431
3 0.623950 0.767507 0.092437 0.072829
4 0.581145 0.667134 0.039391 0.088702
3 0.582458 0.589169 0.035714 0.072829
3 0.544380 0.551821 0.034139 0.065359
3 0.600578 0.520075 0.065651 0.054155
3 0.570116 0.478992 0.027836 0.057890
3 0.571691 0.424370 0.033088 0.053221
3 0.629727 0.426704 0.042017 0.072829
3 0.664653 0.414099 0.041492 0.068161
3 0.700893 0.417834 0.040441 0.062558
4 0.505515 0.308123 0.055147 0.048553
3 0.565389 0.313259 0.047794 0.034547
3 0.625525 0.313259 0.051471 0.036415
3 0.033876 0.321662 0.053046 0.040149
3 0.210084 0.400093 0.027311 0.058824
4 0.172794 0.397292 0.032563 0.070028
3 0.138130 0.398226 0.037815 0.053221
3 0.751576 0.356676 0.052521 0.039216
0 0.629202 0.690009 0.010504 0.052288
1 0.628939 0.679739 0.007878 0.024276
1 0.401786 0.800654 0.013655 0.040149
2 0.402311 0.813725 0.013655 0.040149
1 0.516544 0.754902 0.014181 0.040149
2 0.516282 0.764706 0.012605 0.056022
0 0.530725 0.431373 0.007878 0.041083
3 0.105567 0.560691 0.068277 0.075630
3 0.092962 0.414099 0.036765 0.053221
3 0.077731 0.515873 0.048319 0.056956
4 0.335084 0.288982 0.024160 0.045752
3 0.381303 0.306256 0.023109 0.046685
3 0.403099 0.293184 0.020483 0.039216
2 0.590074 0.392624 0.040441 0.032680
2 0.719538 0.809991 0.034664 0.043884
2 0.728466 0.839402 0.027311 0.048553
9 0.115284 0.594304 0.028887 0.038282
0 0.172006 0.280579 0.036239 0.064426
0 0.666229 0.287115 0.028887 0.047619
6 0.116859 0.281513 0.026786 0.038282
0 0.062763 0.296452 0.004727 0.032680
0 0.068540 0.296452 0.009979 0.036415
9 0.424632 0.274977 0.024685 0.027077
0 0.772847 0.299253 0.039391 0.070028
0 0.452994 0.272176 0.012080 0.027077
0 0.545693 0.278711 0.090336 0.025210
0 0.678571 0.380019 0.010504 0.035481
0 0.665966 0.371148 0.010504 0.032680
