3 0.292279 0.931839 0.073004 0.130719
3 0.364496 0.878151 0.063025 0.159664
3 0.169643 0.943511 0.119748 0.096172
3 0.157826 0.871148 0.116071 0.093371
3 0.379202 0.699813 0.055672 0.120448
3 0.286765 0.676937 0.098739 0.074697
3 0.304359 0.616713 0.081408 0.062558
3 0.350840 0.581699 0.032563 0.082166
3 0.315914 0.538749 0.078256 0.093371
3 0.349790 0.476190 0.031513 0.080299
3 0.125263 0.759570 0.102416 0.137255
3 0.145221 0.692810 0.088761 0.098973
3 0.663866 0.947712 0.112395 0.098973
4 0.613445 0.804855 0.044118 0.115780
3 0.614233 0.703548 0.040441 0.098039
3 0.569853 0.648459 0.036765 0.081232
3 0.633141 0.613445 0.074055 0.063492
3 0.597952 0.557423 0.033088 0.069094
3 0.600053 0.491130 0.036239 0.065359
3 0.665179 0.498599 0.048845 0.084034
3 0.703519 0.481326 0.046744 0.079365
3 0.743960 0.486928 0.044643 0.068161
4 0.525998 0.352941 0.060399 0.050420
3 0.591912 0.356676 0.051471 0.037348
3 0.658613 0.361811 0.053571 0.036415
3 0.496324 0.866947 0.046218 0.129785
3 0.623162 0.386088 0.058298 0.045752
3 0.210347 0.444444 0.030987 0.085901
4 0.164391 0.450514 0.036765 0.077498
3 0.123687 0.456583 0.043592 0.063492
0 0.593750 0.941643 0.016282 0.066293
1 0.594538 0.933240 0.008403 0.038282
1 0.438288 0.647526 0.013130 0.034547
2 0.437763 0.658263 0.013130 0.033613
1 0.496324 0.554155 0.010504 0.034547
2 0.497637 0.563025 0.011029 0.039216
0 0.542279 0.540149 0.008929 0.045752
3 0.073529 0.647526 0.088235 0.090570
3 0.073529 0.473856 0.044118 0.058824
3 0.043067 0.602241 0.070378 0.093371
2 0.339286 0.419234 0.019958 0.028011
0 0.339548 0.408030 0.009979 0.039216
4 0.342962 0.324930 0.026261 0.054155
3 0.392069 0.345005 0.024685 0.049486
3 0.415441 0.331466 0.022059 0.042951
3 0.798319 0.486928 0.038866 0.070028
4 0.818277 0.453315 0.047269 0.056956
3 0.813025 0.393091 0.063025 0.046685
2 0.619485 0.450980 0.042542 0.033613
9 0.079044 0.697946 0.028887 0.038282
0 0.164653 0.309524 0.036239 0.064426
0 0.696166 0.321662 0.028887 0.047619
6 0.111607 0.316527 0.028887 0.041083
9 0.438288 0.304855 0.024685 0.027077
0 0.813813 0.334734 0.039391 0.070028
0 0.469800 0.308590 0.012080 0.027077
0 0.569065 0.316993 0.094013 0.025210
0 0.721113 0.443511 0.010504 0.035481
0 0.710609 0.435107 0.013655 0.033613
