3 0.330357 0.928105 0.118697 0.141923
2 0.279149 0.887955 0.036239 0.042951
4 0.289653 0.834734 0.105567 0.102708
5 0.300945 0.778245 0.118697 0.094304
3 0.320378 0.700747 0.092437 0.073763
3 0.323004 0.598506 0.044118 0.087768
3 0.373687 0.613445 0.043592 0.095238
3 0.352153 0.518207 0.074055 0.056022
3 0.358193 0.444444 0.048319 0.065359
3 0.400210 0.421102 0.034664 0.069094
3 0.283613 0.439309 0.070378 0.053221
3 0.270483 0.414099 0.068277 0.049486
3 0.319328 0.379552 0.066176 0.045752
3 0.340861 0.339402 0.066176 0.038282
3 0.348739 0.314659 0.052521 0.039216
3 0.379202 0.298786 0.027311 0.052288
3 0.351103 0.275444 0.051996 0.052288
3 0.372111 0.248366 0.020483 0.042951
3 0.240809 0.368814 0.060399 0.072829
3 0.247111 0.341737 0.053046 0.046685
3 0.452731 0.923436 0.053571 0.149393
3 0.616334 0.953782 0.112920 0.084967
3 0.608981 0.856209 0.089811 0.153128
3 0.612658 0.739963 0.045693 0.114846
2 0.609506 0.631186 0.020483 0.042951
3 0.578782 0.577031 0.051471 0.089636
3 0.569328 0.514472 0.070378 0.067227
3 0.587185 0.475257 0.068277 0.046685
3 0.582195 0.439309 0.067752 0.045752
4 0.553834 0.391690 0.027836 0.055089
3 0.556723 0.353875 0.026261 0.046685
3 0.527574 0.330999 0.024685 0.043884
3 0.572742 0.313259 0.049895 0.040149
3 0.548845 0.290383 0.023109 0.041083
3 0.551733 0.257236 0.026786 0.036415
3 0.599265 0.259104 0.031513 0.049486
3 0.626313 0.252101 0.032038 0.052288
3 0.652574 0.250233 0.028887 0.044818
3 0.378151 0.196545 0.043067 0.038282
4 0.498950 0.183473 0.046218 0.040149
3 0.589286 0.215686 0.046218 0.031746
3 0.549107 0.187675 0.038340 0.031746
3 0.599265 0.191877 0.039916 0.028945
3 0.261029 0.240896 0.018908 0.037348
4 0.235557 0.237162 0.025735 0.052288
3 0.204832 0.240896 0.025210 0.044818
0 0.541754 0.231092 0.005777 0.032680
3 0.201155 0.323529 0.044118 0.045752
4 0.358981 0.171335 0.021534 0.038282
3 0.397059 0.181606 0.018908 0.032680
3 0.414128 0.174136 0.018382 0.032680
0 0.201418 0.936508 0.021534 0.072829
0 0.784139 0.939309 0.015756 0.046685
2 0.568277 0.239496 0.032563 0.027077
2 0.768908 0.855742 0.014706 0.068161
0 0.688288 0.616713 0.033088 0.047619
2 0.652048 0.462652 0.023634 0.028945
2 0.657826 0.476190 0.021534 0.035481
0 0.198267 0.545752 0.012080 0.025210
0 0.200368 0.532680 0.015231 0.028945
9 0.176208 0.615780 0.027836 0.040149
9 0.205620 0.346872 0.028887 0.038282
0 0.224790 0.153128 0.035714 0.063492
0 0.634716 0.179739 0.028887 0.047619
9 0.428571 0.157796 0.024160 0.026144
0 0.457458 0.161064 0.011555 0.027077
0 0.532826 0.160131 0.081408 0.025210
0 0.058561 0.929038 0.022584 0.061625
