3 0.281775 0.975257 0.110819 0.043884
3 0.300420 0.823996 0.068277 0.126050
3 0.362132 0.769841 0.053046 0.131653
3 0.189338 0.827264 0.102416 0.085901
3 0.176208 0.769374 0.102416 0.087768
3 0.350840 0.647993 0.073529 0.098973
3 0.287553 0.608310 0.089811 0.066293
3 0.303046 0.556956 0.073529 0.056956
3 0.344800 0.526144 0.034139 0.073763
3 0.311712 0.485061 0.069853 0.077498
3 0.341649 0.432306 0.028887 0.069094
3 0.142595 0.676004 0.091912 0.119514
3 0.155725 0.618581 0.074055 0.070028
3 0.615284 0.962185 0.104517 0.071895
3 0.638918 0.893557 0.104517 0.087768
3 0.628939 0.818861 0.099265 0.084034
4 0.583508 0.704015 0.039916 0.098973
3 0.585872 0.620915 0.036239 0.080299
3 0.545168 0.578898 0.032563 0.070962
3 0.602941 0.548086 0.067227 0.057890
3 0.570116 0.500467 0.029937 0.059757
3 0.573004 0.446779 0.033613 0.055089
3 0.633141 0.447712 0.043592 0.077498
3 0.668330 0.433707 0.043592 0.068161
3 0.706408 0.437442 0.039916 0.060691
4 0.504727 0.323063 0.055672 0.048553
3 0.566439 0.325864 0.048845 0.035481
3 0.628414 0.329599 0.050945 0.037348
3 0.793855 0.349673 0.053046 0.042017
3 0.205620 0.417367 0.028887 0.069094
4 0.162815 0.415966 0.033613 0.071895
3 0.127101 0.418768 0.038866 0.055089
0 0.607931 0.749300 0.015231 0.055089
1 0.608718 0.741830 0.008403 0.036415
1 0.412290 0.759104 0.013655 0.037348
2 0.412553 0.772176 0.013130 0.037348
1 0.508141 0.681139 0.013130 0.036415
2 0.508929 0.691410 0.011555 0.047619
0 0.524947 0.459851 0.007878 0.042017
3 0.093225 0.586368 0.073004 0.080299
3 0.084034 0.430439 0.038866 0.054155
3 0.067227 0.539216 0.049370 0.062558
4 0.331933 0.300654 0.024160 0.046685
3 0.379202 0.318394 0.023109 0.048553
3 0.400998 0.304388 0.021534 0.039216
2 0.591387 0.407563 0.039916 0.032680
2 0.728992 0.859944 0.034664 0.044818
2 0.738445 0.894491 0.029412 0.050420
9 0.101628 0.624183 0.028887 0.038282
0 0.162553 0.288049 0.036239 0.064426
0 0.669905 0.296452 0.028887 0.047619
6 0.111082 0.292717 0.027836 0.040149
0 0.038078 0.313259 0.004727 0.032680
0 0.042279 0.316993 0.009979 0.036415
9 0.427258 0.284314 0.024685 0.027077
0 0.782826 0.310458 0.039391 0.070028
0 0.458771 0.284314 0.012080 0.027077
0 0.548582 0.287115 0.094013 0.025210
0 0.684349 0.396825 0.010504 0.035481
0 0.672794 0.394491 0.010504 0.032680
