3 0.261817 0.964052 0.057248 0.070028
3 0.303309 0.853875 0.099265 0.084967
3 0.317227 0.711485 0.058824 0.102708
3 0.374212 0.669468 0.047794 0.113912
3 0.219013 0.711485 0.090336 0.069094
3 0.206408 0.663866 0.090336 0.069094
3 0.319853 0.591503 0.082983 0.071895
3 0.305410 0.535481 0.077206 0.058824
3 0.317752 0.494398 0.067227 0.047619
3 0.354517 0.466853 0.031513 0.065359
3 0.323267 0.433240 0.062500 0.072829
3 0.351103 0.386088 0.025735 0.058824
3 0.173319 0.589169 0.079832 0.104575
3 0.186187 0.541550 0.069853 0.063492
3 0.615546 0.942577 0.064076 0.112979
3 0.599002 0.845005 0.096113 0.104575
3 0.621849 0.766106 0.091387 0.066293
3 0.613971 0.704949 0.087185 0.065359
4 0.573529 0.614379 0.034664 0.084034
3 0.575630 0.546685 0.033613 0.062558
3 0.538866 0.517740 0.031513 0.060691
3 0.593750 0.485061 0.061450 0.049486
3 0.564601 0.448646 0.026261 0.053221
3 0.566439 0.402428 0.034139 0.050420
3 0.622111 0.401961 0.041492 0.068161
3 0.655200 0.389356 0.040441 0.065359
3 0.688288 0.392624 0.041492 0.055089
4 0.503939 0.291783 0.051996 0.045752
3 0.561187 0.294585 0.044643 0.034547
3 0.619485 0.296452 0.047794 0.036415
3 0.247899 0.315593 0.049370 0.031746
3 0.219538 0.378151 0.026261 0.056022
4 0.182511 0.371615 0.029937 0.067227
3 0.150473 0.374883 0.034139 0.051354
3 0.569590 0.333333 0.051996 0.037348
0 0.650735 0.601307 0.008403 0.048553
1 0.650998 0.590570 0.006828 0.023343
1 0.387080 0.964052 0.014706 0.042017
2 0.388130 0.975724 0.014706 0.044818
0 0.540179 0.390756 0.007878 0.038282
3 0.125788 0.510271 0.060399 0.066293
3 0.108718 0.387488 0.035714 0.059757
3 0.094013 0.478992 0.048319 0.050420
4 0.340074 0.271242 0.023634 0.047619
3 0.384454 0.288982 0.023109 0.042017
3 0.405462 0.276377 0.018908 0.037348
2 0.584821 0.371148 0.038340 0.028945
2 0.702206 0.745565 0.031513 0.040149
2 0.712447 0.769374 0.027836 0.042951
0 0.086922 0.908964 0.012080 0.025210
0 0.092700 0.885621 0.015231 0.028945
9 0.131040 0.554155 0.028887 0.038282
0 0.179359 0.262838 0.036239 0.064426
0 0.659401 0.266573 0.028887 0.047619
6 0.131040 0.262838 0.022584 0.032680
0 0.104779 0.276844 0.004727 0.032680
0 0.111082 0.275910 0.009979 0.036415
9 0.424632 0.253501 0.024685 0.027077
0 0.769433 0.285714 0.038866 0.069094
0 0.455095 0.257236 0.012080 0.027077
0 0.540441 0.260037 0.081933 0.025210
0 0.670431 0.358077 0.009979 0.036415
0 0.672794 0.345005 0.010504 0.032680
