3 0.268645 0.961718 0.119223 0.072829
3 0.277311 0.809057 0.059874 0.137255
3 0.341912 0.836601 0.052521 0.147526
3 0.320116 0.684407 0.091912 0.074697
3 0.331933 0.576097 0.057773 0.087768
3 0.383929 0.540149 0.043067 0.092437
3 0.242647 0.573296 0.082983 0.063492
3 0.227941 0.530345 0.082983 0.056022
3 0.306985 0.486461 0.080357 0.061625
3 0.316702 0.432773 0.075630 0.051354
3 0.329044 0.395892 0.063550 0.041083
3 0.363708 0.377218 0.028887 0.057890
3 0.333508 0.344538 0.057773 0.061625
3 0.358981 0.309991 0.024685 0.052288
3 0.196166 0.472456 0.075105 0.084034
3 0.207195 0.434174 0.064601 0.052288
2 0.644170 0.859477 0.024685 0.058824
3 0.603204 0.771709 0.061450 0.127918
3 0.589811 0.681606 0.087185 0.091503
3 0.610557 0.619981 0.084559 0.065359
3 0.602941 0.570495 0.081933 0.056022
4 0.568277 0.499533 0.034664 0.070962
3 0.571166 0.443511 0.030987 0.052288
3 0.537027 0.417834 0.026786 0.047619
3 0.588498 0.394491 0.056197 0.043884
3 0.560137 0.362278 0.023634 0.046685
3 0.563288 0.320261 0.029937 0.042951
3 0.617122 0.324930 0.036765 0.059757
3 0.648372 0.312792 0.038340 0.057890
3 0.680672 0.316993 0.038866 0.051354
3 0.191964 0.238095 0.054097 0.041083
4 0.503414 0.228291 0.049895 0.042017
3 0.559349 0.234360 0.042017 0.031746
3 0.615284 0.237628 0.044643 0.030812
3 0.521008 0.254435 0.044118 0.032680
3 0.235819 0.299720 0.023109 0.048553
4 0.202468 0.295518 0.029937 0.060691
3 0.170168 0.298319 0.032563 0.042017
3 0.341124 0.260971 0.053046 0.036415
0 0.673845 0.454248 0.007353 0.040149
1 0.672794 0.445845 0.007353 0.023343
0 0.547532 0.295051 0.005777 0.033613
3 0.153624 0.409430 0.051996 0.053221
3 0.130515 0.308590 0.032038 0.053221
4 0.348477 0.210084 0.020483 0.041083
3 0.390231 0.225023 0.021008 0.035481
3 0.409139 0.213819 0.019958 0.033613
2 0.580095 0.297852 0.036239 0.026144
0 0.741859 0.842204 0.040441 0.063492
2 0.686712 0.602241 0.027836 0.035481
2 0.695378 0.621382 0.025210 0.042017
0 0.125788 0.732493 0.012080 0.025210
0 0.130515 0.711018 0.015231 0.028945
9 0.092174 0.837068 0.037290 0.058824
9 0.162027 0.439309 0.028887 0.038282
0 0.200368 0.196545 0.036239 0.064426
0 0.652048 0.222689 0.028887 0.047619
6 0.144695 0.204949 0.022584 0.032680
0 0.155200 0.203081 0.004727 0.032680
0 0.161502 0.203081 0.009979 0.036415
9 0.426733 0.199346 0.024685 0.027077
0 0.457721 0.196545 0.012080 0.027077
0 0.539128 0.206816 0.081408 0.025210
