3 0.299632 0.899627 0.103466 0.092437
3 0.315389 0.747432 0.062500 0.109244
3 0.374475 0.698413 0.049370 0.117647
3 0.214286 0.746965 0.094538 0.074697
3 0.200630 0.694678 0.094538 0.072829
3 0.339023 0.606443 0.080357 0.084967
3 0.302784 0.556489 0.080357 0.057890
3 0.315914 0.508870 0.067752 0.050420
3 0.355042 0.483660 0.032563 0.070962
3 0.321954 0.446779 0.064076 0.075630
3 0.350578 0.398693 0.025735 0.065359
3 0.166492 0.614846 0.082983 0.107376
3 0.178309 0.564893 0.069853 0.065359
3 0.606618 0.889823 0.098739 0.113912
3 0.629989 0.804388 0.096113 0.073763
3 0.620798 0.739029 0.090336 0.070028
4 0.579044 0.642857 0.036239 0.086835
3 0.581408 0.570495 0.034664 0.070962
3 0.542805 0.535014 0.030987 0.057890
3 0.598739 0.504202 0.063025 0.052288
3 0.568540 0.463585 0.027836 0.056956
3 0.570641 0.412232 0.034139 0.055089
3 0.627626 0.414099 0.042017 0.070028
3 0.662027 0.399160 0.041492 0.064426
3 0.698004 0.403828 0.036765 0.062558
4 0.505777 0.297852 0.053571 0.046685
3 0.564338 0.302054 0.046744 0.034547
3 0.623950 0.305322 0.048319 0.031746
3 0.112132 0.318394 0.053046 0.041083
3 0.214286 0.386088 0.026261 0.056956
4 0.178571 0.385154 0.032563 0.070028
3 0.144958 0.383754 0.035714 0.050420
3 0.690651 0.342670 0.052521 0.039216
0 0.638655 0.653128 0.009454 0.049486
1 0.638918 0.642857 0.007878 0.023343
1 0.398634 0.838002 0.014706 0.042017
2 0.399160 0.848739 0.014706 0.044818
1 0.522059 0.828198 0.014706 0.041083
2 0.522321 0.836601 0.013130 0.061625
0 0.534401 0.411298 0.007878 0.038282
3 0.114758 0.542484 0.064601 0.072829
3 0.099790 0.402428 0.035714 0.054155
3 0.085084 0.499533 0.048319 0.054155
4 0.337447 0.280579 0.023634 0.045752
3 0.383141 0.297386 0.023634 0.043884
3 0.404674 0.285714 0.019433 0.039216
2 0.589023 0.381886 0.040441 0.031746
2 0.712973 0.780112 0.033088 0.042017
2 0.722952 0.805789 0.026786 0.044818
0 0.074317 0.952848 0.012080 0.025210
0 0.083771 0.933240 0.015231 0.028945
9 0.123687 0.573763 0.028887 0.038282
0 0.174107 0.274043 0.036239 0.064426
0 0.664128 0.280579 0.028887 0.047619
6 0.124212 0.274043 0.025735 0.036415
0 0.080095 0.288049 0.004727 0.032680
0 0.084821 0.289916 0.009979 0.036415
9 0.424632 0.267507 0.024685 0.027077
0 0.771796 0.294585 0.039391 0.070028
0 0.453519 0.266573 0.012080 0.027077
0 0.543855 0.272176 0.087710 0.025210
0 0.676471 0.370215 0.010504 0.036415
0 0.666492 0.358077 0.010504 0.032680
