3 0.267595 0.968254 0.119223 0.061625
3 0.275735 0.817460 0.060924 0.139122
3 0.340599 0.845005 0.053046 0.149393
3 0.319065 0.690009 0.092962 0.074697
3 0.330620 0.580299 0.058298 0.088702
3 0.382878 0.544351 0.043067 0.093371
3 0.240546 0.577498 0.084034 0.064426
3 0.226103 0.534547 0.083508 0.055089
3 0.306985 0.489729 0.081408 0.062558
3 0.315389 0.435107 0.076155 0.052288
3 0.328519 0.398226 0.064601 0.040149
3 0.363183 0.380019 0.028887 0.057890
3 0.332458 0.346405 0.058824 0.061625
3 0.358193 0.311858 0.025210 0.052288
3 0.194590 0.475724 0.076155 0.084967
3 0.205620 0.437442 0.064601 0.053221
2 0.645483 0.868347 0.025210 0.059757
3 0.603992 0.779645 0.061975 0.130719
3 0.590599 0.687675 0.087710 0.092437
3 0.611345 0.625117 0.085084 0.066293
3 0.603992 0.575630 0.081933 0.056956
4 0.568540 0.503268 0.035189 0.072829
3 0.571691 0.447246 0.030987 0.052288
3 0.537290 0.420635 0.027311 0.047619
3 0.588761 0.396359 0.056723 0.043884
3 0.560137 0.365079 0.023634 0.046685
3 0.563288 0.323063 0.029937 0.042951
3 0.617647 0.327731 0.036765 0.059757
3 0.648897 0.314659 0.038340 0.057890
3 0.681723 0.318861 0.038866 0.051354
3 0.184611 0.239963 0.054097 0.041083
4 0.503414 0.229692 0.049895 0.041083
3 0.559611 0.235294 0.042542 0.031746
3 0.615546 0.238562 0.045168 0.030812
3 0.514706 0.256303 0.044118 0.032680
3 0.235294 0.301587 0.023109 0.048553
4 0.201681 0.298319 0.030462 0.060691
3 0.169118 0.301120 0.032563 0.042017
3 0.345326 0.263305 0.053046 0.037348
0 0.673845 0.457983 0.007353 0.040149
1 0.672794 0.449580 0.007353 0.023343
0 0.547532 0.297852 0.005777 0.033613
3 0.152048 0.413165 0.051996 0.053221
3 0.129464 0.311391 0.032038 0.053221
4 0.347952 0.211951 0.020483 0.041083
3 0.389706 0.226891 0.021008 0.035481
3 0.408876 0.215686 0.019433 0.033613
2 0.580357 0.299720 0.036765 0.026144
0 0.743697 0.850140 0.040966 0.062558
2 0.687763 0.606909 0.027836 0.035481
2 0.696429 0.626050 0.025210 0.042017
0 0.123162 0.739029 0.012080 0.025210
0 0.127889 0.717554 0.015231 0.028945
9 0.088498 0.845472 0.037290 0.058824
9 0.159401 0.443044 0.028887 0.038282
0 0.199842 0.198413 0.036239 0.064426
0 0.652048 0.223623 0.028887 0.047619
6 0.143645 0.205882 0.022584 0.032680
0 0.153624 0.205882 0.004727 0.032680
0 0.159926 0.205882 0.009979 0.036415
9 0.426733 0.200280 0.024685 0.027077
0 0.457195 0.197479 0.012080 0.027077
0 0.539128 0.208683 0.081408 0.025210
