3 0.262342 0.896825 0.068803 0.157796
3 0.329044 0.920168 0.057248 0.155929
3 0.308561 0.750233 0.097164 0.083100
3 0.323267 0.627918 0.060399 0.096172
3 0.378414 0.586368 0.047794 0.098973
3 0.226366 0.622316 0.088235 0.068161
3 0.212973 0.578431 0.086660 0.064426
3 0.303309 0.522876 0.085609 0.067227
3 0.309349 0.467787 0.080882 0.052288
3 0.320903 0.427638 0.067227 0.044818
3 0.358718 0.406629 0.029412 0.062558
3 0.325893 0.373950 0.060399 0.066293
3 0.353729 0.333333 0.025735 0.057890
3 0.180410 0.513072 0.079307 0.094304
3 0.192489 0.470121 0.066702 0.056956
2 0.658351 0.950514 0.026786 0.061625
3 0.613445 0.851541 0.066176 0.145658
3 0.597426 0.746965 0.091912 0.100840
3 0.620011 0.675070 0.089811 0.065359
3 0.611607 0.620915 0.086660 0.063492
4 0.573004 0.541083 0.035714 0.079365
3 0.575368 0.479925 0.032038 0.057890
3 0.540441 0.451447 0.030462 0.053221
3 0.593487 0.424370 0.058824 0.047619
3 0.564601 0.391223 0.025210 0.048553
3 0.566176 0.345005 0.034664 0.047619
3 0.622899 0.348273 0.038866 0.063492
3 0.655200 0.336134 0.040441 0.059757
3 0.684874 0.337535 0.044118 0.058824
3 0.118172 0.254902 0.055672 0.039216
4 0.503676 0.246499 0.050420 0.042951
3 0.562763 0.252101 0.045693 0.035481
3 0.619485 0.253968 0.046744 0.031746
3 0.458246 0.272642 0.045693 0.037348
3 0.224527 0.329132 0.024685 0.051354
4 0.189338 0.320728 0.029937 0.064426
3 0.157563 0.326797 0.033613 0.042951
3 0.391282 0.287582 0.053571 0.037348
0 0.674895 0.500000 0.010504 0.043884
1 0.673845 0.491130 0.008403 0.022409
0 0.547794 0.321662 0.006303 0.036415
3 0.138393 0.446779 0.056197 0.056956
3 0.118960 0.334267 0.033088 0.054155
4 0.343225 0.229225 0.022584 0.043884
3 0.386555 0.245565 0.023109 0.039216
3 0.407038 0.234360 0.018908 0.035481
2 0.582983 0.319328 0.037815 0.024276
0 0.763918 0.929038 0.047794 0.069094
2 0.696954 0.653128 0.028361 0.036415
2 0.705882 0.674603 0.027311 0.043884
0 0.105305 0.795051 0.012080 0.025210
0 0.105830 0.781979 0.015231 0.028945
9 0.139968 0.476657 0.028887 0.038282
0 0.191964 0.215219 0.036239 0.064426
0 0.656775 0.234827 0.028887 0.047619
6 0.136817 0.221755 0.022584 0.032680
0 0.137868 0.228291 0.004727 0.032680
0 0.144170 0.229225 0.009979 0.036415
9 0.425683 0.218021 0.024685 0.027077
0 0.456670 0.215219 0.012080 0.027077
0 0.539128 0.225490 0.081408 0.025210
