3 0.259716 0.960317 0.060399 0.075630
3 0.302521 0.846872 0.100840 0.087768
3 0.317752 0.707750 0.061975 0.104575
3 0.375788 0.668534 0.047794 0.112045
3 0.221376 0.710551 0.090861 0.070962
3 0.206933 0.658263 0.091387 0.070962
3 0.309874 0.589636 0.085084 0.073763
3 0.303834 0.530812 0.079307 0.058824
3 0.317752 0.491130 0.068277 0.050420
3 0.354779 0.464052 0.032038 0.065359
3 0.323792 0.429972 0.063550 0.073763
3 0.350578 0.385154 0.026786 0.058824
3 0.174370 0.584967 0.081933 0.101774
3 0.185662 0.535948 0.068803 0.059757
3 0.614233 0.938842 0.064601 0.120448
3 0.598477 0.838936 0.095063 0.107376
3 0.621849 0.761905 0.093487 0.069094
3 0.613183 0.700747 0.088761 0.068161
4 0.573792 0.611578 0.035189 0.082166
3 0.575368 0.544818 0.034139 0.064426
3 0.538866 0.513072 0.031513 0.060691
3 0.592962 0.482726 0.061975 0.052288
3 0.564076 0.444444 0.027311 0.052288
3 0.566439 0.397292 0.034139 0.051354
3 0.622899 0.399627 0.042017 0.070962
3 0.655725 0.386088 0.041492 0.060691
3 0.687500 0.389356 0.043067 0.056022
4 0.502889 0.289916 0.053046 0.045752
3 0.561975 0.293184 0.045168 0.035481
3 0.619485 0.296452 0.048845 0.032680
3 0.331670 0.315126 0.049895 0.032680
4 0.184086 0.368347 0.028887 0.066293
3 0.151523 0.371615 0.035189 0.046685
3 0.493960 0.332866 0.051996 0.038282
0 0.660189 0.583567 0.009454 0.054155
1 0.658876 0.570962 0.006828 0.023343
0 0.544905 0.380019 0.007878 0.037348
3 0.125263 0.492997 0.060399 0.063492
3 0.108981 0.380019 0.036239 0.063492
3 0.094013 0.470121 0.048319 0.051354
4 0.340336 0.267974 0.023109 0.046685
3 0.383666 0.284314 0.023634 0.042017
3 0.404674 0.271709 0.019433 0.035481
2 0.584296 0.366947 0.037290 0.026144
2 0.702206 0.738562 0.031513 0.039216
2 0.710084 0.761905 0.027311 0.042951
0 0.088498 0.897759 0.012080 0.025210
0 0.094275 0.880952 0.015231 0.028945
9 0.133666 0.542017 0.028887 0.038282
0 0.180935 0.250700 0.036239 0.064426
0 0.659401 0.259104 0.028887 0.047619
6 0.131565 0.262838 0.022584 0.032680
0 0.116334 0.272176 0.004727 0.032680
0 0.125263 0.274977 0.009979 0.036415
9 0.424632 0.246032 0.024685 0.027077
0 0.767857 0.279178 0.038866 0.069094
0 0.456145 0.246965 0.012080 0.027077
0 0.539128 0.251634 0.081408 0.025210
0 0.670168 0.355275 0.008403 0.038282
0 0.676996 0.344538 0.010504 0.033613
