3 0.255777 0.931373 0.070378 0.133520
3 0.323267 0.944911 0.056197 0.106443
3 0.303571 0.794118 0.101891 0.088702
3 0.318540 0.660598 0.061450 0.099907
3 0.375525 0.619514 0.047269 0.109244
3 0.220063 0.658263 0.091387 0.072829
3 0.206933 0.610644 0.091387 0.067227
3 0.301208 0.551821 0.086660 0.072829
3 0.305147 0.493464 0.081933 0.055089
3 0.317489 0.453315 0.068803 0.049486
3 0.355567 0.428571 0.031513 0.061625
3 0.323529 0.394024 0.063025 0.069094
3 0.351891 0.352474 0.025210 0.056956
3 0.173319 0.540149 0.081933 0.098039
3 0.185662 0.495798 0.069853 0.057890
3 0.616071 0.898226 0.068277 0.153128
3 0.600578 0.787582 0.095063 0.109244
3 0.622111 0.711951 0.092962 0.073763
3 0.613708 0.654062 0.087710 0.064426
4 0.575368 0.568161 0.035189 0.081232
3 0.576681 0.505135 0.034664 0.061625
3 0.540441 0.474323 0.031513 0.054155
3 0.595326 0.447246 0.062500 0.054155
3 0.564863 0.411765 0.025735 0.050420
3 0.568277 0.365546 0.033613 0.049486
3 0.623950 0.367414 0.040966 0.066293
3 0.657038 0.352941 0.039916 0.059757
3 0.688025 0.358543 0.045168 0.056022
3 0.073267 0.272176 0.054097 0.040149
4 0.504464 0.264239 0.054097 0.044818
3 0.561712 0.267040 0.046744 0.037348
3 0.620798 0.270308 0.046218 0.032680
3 0.418855 0.287115 0.045693 0.040149
3 0.217700 0.347339 0.025735 0.054155
4 0.184611 0.338469 0.029937 0.064426
3 0.151786 0.342670 0.034664 0.042951
3 0.421218 0.303922 0.052521 0.038282
0 0.671481 0.529412 0.009979 0.046685
1 0.670693 0.518674 0.007353 0.023343
0 0.547794 0.341270 0.007353 0.036415
3 0.129464 0.468721 0.059349 0.059757
3 0.111870 0.349206 0.033613 0.054155
4 0.341387 0.242297 0.023109 0.045752
3 0.384454 0.258170 0.023109 0.042017
3 0.405725 0.247899 0.018382 0.036415
2 0.584821 0.335201 0.038340 0.022409
0 0.774947 0.971522 0.054097 0.055089
2 0.701155 0.686275 0.029412 0.037348
2 0.710084 0.708683 0.027311 0.042951
0 0.086922 0.845472 0.012080 0.025210
0 0.091649 0.823996 0.015231 0.028945
9 0.134191 0.502801 0.028887 0.038282
0 0.185662 0.228291 0.036239 0.064426
0 0.658876 0.244164 0.028887 0.047619
6 0.130515 0.237628 0.022584 0.032680
0 0.128414 0.245098 0.004727 0.032680
0 0.135242 0.245098 0.009979 0.036415
9 0.425158 0.230159 0.024685 0.027077
0 0.456145 0.228291 0.012080 0.027077
0 0.539128 0.236695 0.081408 0.025210
