3 0.289916 0.943044 0.073529 0.112045
3 0.364496 0.896825 0.064076 0.163399
3 0.165704 0.957049 0.121324 0.084034
3 0.152574 0.891690 0.118172 0.097106
3 0.380515 0.706349 0.053046 0.122316
3 0.284401 0.689542 0.100315 0.075630
3 0.304359 0.630252 0.081408 0.065359
3 0.350578 0.593838 0.035189 0.087768
3 0.314076 0.545752 0.078782 0.092437
3 0.349002 0.482260 0.032038 0.079365
3 0.119485 0.774043 0.103466 0.140056
3 0.139443 0.708683 0.084559 0.098973
3 0.668592 0.957516 0.113445 0.083100
4 0.616334 0.820261 0.044643 0.116713
3 0.616597 0.714753 0.042017 0.103641
3 0.571166 0.657796 0.038340 0.083100
3 0.635504 0.620915 0.076681 0.063492
3 0.599527 0.563959 0.034139 0.074697
3 0.602153 0.497666 0.036239 0.067227
3 0.668855 0.505135 0.049895 0.087768
3 0.705357 0.489729 0.047269 0.083100
3 0.746849 0.492530 0.045168 0.073763
4 0.526523 0.354342 0.061450 0.051354
3 0.592700 0.359477 0.055147 0.041083
3 0.659926 0.363679 0.055147 0.040149
3 0.498162 0.824463 0.043592 0.121382
3 0.589811 0.391223 0.058824 0.046685
3 0.212447 0.447246 0.030987 0.085901
4 0.164916 0.456116 0.036765 0.077498
3 0.119748 0.461251 0.045168 0.063492
0 0.596376 0.972456 0.016282 0.053221
1 0.596901 0.966853 0.007878 0.038282
1 0.435662 0.629785 0.013130 0.034547
2 0.435137 0.641457 0.013130 0.031746
1 0.489496 0.542951 0.010504 0.034547
2 0.489233 0.553221 0.011029 0.036415
0 0.543330 0.553221 0.008929 0.045752
3 0.067752 0.658730 0.090336 0.090570
3 0.068803 0.478525 0.044118 0.058824
3 0.037290 0.613445 0.072479 0.100840
2 0.343225 0.427171 0.018382 0.027077
0 0.343487 0.417834 0.009454 0.042017
4 0.342174 0.327264 0.027836 0.055089
3 0.391282 0.349206 0.025210 0.050420
3 0.415704 0.335201 0.022584 0.044818
3 0.800683 0.493931 0.039391 0.070962
4 0.819853 0.458450 0.047269 0.063492
3 0.787815 0.397759 0.063025 0.046685
2 0.621586 0.457049 0.043592 0.034547
9 0.075368 0.709150 0.028887 0.038282
0 0.006565 0.529879 0.013130 0.055089
0 0.014443 0.519608 0.015231 0.053221
0 0.165179 0.313259 0.036239 0.064426
0 0.701418 0.326331 0.028887 0.047619
6 0.108981 0.320261 0.029937 0.042951
9 0.438288 0.309524 0.024685 0.027077
0 0.819065 0.337535 0.039391 0.070028
0 0.470851 0.312325 0.012080 0.027077
0 0.571691 0.319795 0.094013 0.025210
0 0.723739 0.447246 0.010504 0.035481
0 0.712710 0.441643 0.013655 0.033613
