3 0.300420 0.871148 0.067227 0.130719
3 0.366859 0.814192 0.055147 0.141923
3 0.185662 0.872082 0.107668 0.087768
3 0.173319 0.807190 0.106092 0.083100
3 0.365284 0.671335 0.065651 0.106443
3 0.292017 0.634454 0.091387 0.068161
3 0.307511 0.583100 0.075105 0.055089
3 0.349527 0.549953 0.035189 0.078431
3 0.316964 0.507937 0.070903 0.087768
3 0.349527 0.451447 0.032038 0.070028
3 0.140231 0.707750 0.093487 0.123249
3 0.155462 0.644725 0.076681 0.077498
3 0.655200 0.952381 0.109769 0.093371
3 0.644433 0.870215 0.102941 0.087768
4 0.597952 0.743697 0.040441 0.103641
3 0.599265 0.654995 0.037815 0.086835
3 0.556985 0.606909 0.036239 0.074697
3 0.617910 0.575163 0.070903 0.057890
3 0.584296 0.524743 0.029937 0.059757
3 0.586660 0.464986 0.033613 0.059757
3 0.649422 0.470588 0.046744 0.078431
3 0.685399 0.453782 0.045168 0.074697
3 0.722164 0.457983 0.047269 0.068161
4 0.516544 0.336134 0.058298 0.050420
3 0.578782 0.341270 0.049370 0.040149
3 0.643120 0.343137 0.051996 0.036415
3 0.741334 0.366947 0.055147 0.044818
3 0.207721 0.428105 0.030987 0.083100
4 0.167279 0.428571 0.036239 0.076564
3 0.130515 0.434641 0.040441 0.056956
0 0.601628 0.814659 0.015231 0.056956
1 0.600315 0.807656 0.008403 0.037348
1 0.431197 0.715219 0.013655 0.035481
2 0.431460 0.729225 0.013130 0.037348
1 0.508929 0.625584 0.012605 0.035481
2 0.509191 0.634921 0.011029 0.041083
0 0.534401 0.492530 0.007878 0.042017
3 0.084296 0.612512 0.079307 0.085901
3 0.079307 0.449113 0.039916 0.056022
3 0.055935 0.562558 0.058298 0.071895
4 0.340074 0.311858 0.023634 0.052288
3 0.387342 0.331466 0.023634 0.044818
3 0.410189 0.317460 0.021008 0.041083
2 0.605830 0.426704 0.041492 0.031746
2 0.749475 0.916433 0.034664 0.043884
2 0.761555 0.953315 0.031513 0.050420
9 0.091124 0.653128 0.028887 0.038282
0 0.162553 0.296452 0.036239 0.064426
0 0.678834 0.304855 0.028887 0.047619
6 0.112132 0.303922 0.027836 0.040149
0 0.023372 0.327264 0.004727 0.032680
0 0.022321 0.330065 0.009979 0.036415
9 0.430935 0.293651 0.024685 0.027077
0 0.793330 0.320728 0.039391 0.070028
0 0.465599 0.297386 0.012080 0.027077
0 0.557511 0.302988 0.094013 0.025210
0 0.702206 0.417367 0.010504 0.035481
0 0.693803 0.413165 0.010504 0.032680
