3 0.297794 0.922035 0.071429 0.144725
3 0.366859 0.859477 0.060399 0.155929
3 0.175683 0.924370 0.115021 0.095238
3 0.163866 0.852474 0.112395 0.093371
3 0.377363 0.691877 0.059349 0.117647
3 0.289391 0.666200 0.095588 0.073763
3 0.305935 0.608777 0.078256 0.063492
3 0.352153 0.573763 0.035189 0.081232
3 0.316176 0.530345 0.076681 0.089636
3 0.351103 0.467320 0.029937 0.075630
3 0.131828 0.744164 0.098739 0.136321
3 0.152048 0.682073 0.087710 0.094304
3 0.659401 0.925770 0.107668 0.101774
4 0.611607 0.789449 0.044643 0.114846
3 0.610294 0.690476 0.038866 0.094304
3 0.567489 0.640056 0.037290 0.081232
3 0.630515 0.602241 0.074055 0.061625
3 0.595851 0.549486 0.034139 0.070028
3 0.597164 0.485061 0.038866 0.062558
3 0.662027 0.492997 0.047794 0.085901
3 0.700105 0.474323 0.048319 0.074697
3 0.738971 0.475257 0.047269 0.078431
4 0.524685 0.349673 0.059874 0.049486
3 0.590074 0.353408 0.051996 0.038282
3 0.654412 0.357143 0.051471 0.034547
3 0.495273 0.920168 0.048319 0.139122
3 0.662290 0.382353 0.057773 0.045752
3 0.207983 0.441643 0.031513 0.085901
4 0.162290 0.445845 0.036765 0.077498
3 0.125263 0.452848 0.042542 0.063492
0 0.593750 0.902428 0.016282 0.066293
1 0.594538 0.894024 0.008403 0.038282
1 0.439863 0.666200 0.013130 0.034547
2 0.440914 0.678805 0.013130 0.035481
1 0.502889 0.572362 0.011029 0.037348
2 0.502363 0.581699 0.011029 0.041083
0 0.543855 0.525210 0.008929 0.043884
3 0.078256 0.635854 0.087185 0.089636
3 0.075105 0.468721 0.043067 0.059757
3 0.047794 0.589636 0.068277 0.084967
2 0.334559 0.410364 0.019958 0.028945
0 0.335347 0.400560 0.009979 0.039216
4 0.345851 0.321662 0.024685 0.055089
3 0.393908 0.344071 0.024160 0.051354
3 0.416229 0.328198 0.022584 0.042017
3 0.790179 0.481793 0.035189 0.065359
4 0.815651 0.450514 0.047269 0.056956
3 0.844800 0.388889 0.062500 0.045752
2 0.613183 0.443978 0.041492 0.032680
2 0.771271 0.977591 0.037290 0.042951
9 0.082721 0.683940 0.028887 0.038282
0 0.164128 0.305789 0.036239 0.064426
0 0.689863 0.315126 0.028887 0.047619
6 0.113708 0.312325 0.027836 0.040149
9 0.436712 0.301120 0.024685 0.027077
0 0.807511 0.330999 0.039391 0.070028
0 0.468225 0.305789 0.012080 0.027077
0 0.565914 0.313259 0.094013 0.025210
0 0.714811 0.436041 0.010504 0.035481
0 0.707458 0.429972 0.013655 0.032680
