3 0.361082 0.924837 0.065651 0.148459
3 0.143645 0.931373 0.122374 0.107376
3 0.383141 0.718954 0.054097 0.123249
3 0.281250 0.717087 0.100315 0.080299
3 0.300945 0.652194 0.081933 0.066293
3 0.347426 0.612979 0.035189 0.088702
3 0.310924 0.566293 0.081933 0.101774
3 0.348214 0.498133 0.030462 0.083100
3 0.109506 0.808590 0.108718 0.149393
3 0.133666 0.730159 0.097164 0.100840
3 0.671218 0.978525 0.102941 0.039216
4 0.622899 0.856676 0.045168 0.124183
3 0.623424 0.743697 0.040966 0.107376
3 0.576418 0.683940 0.038340 0.084967
3 0.642069 0.645658 0.078256 0.066293
3 0.604779 0.585901 0.035189 0.077498
3 0.606880 0.516340 0.037290 0.069094
3 0.674107 0.521942 0.049895 0.091503
3 0.713761 0.505135 0.051471 0.082166
3 0.753414 0.507470 0.047794 0.075630
4 0.529149 0.364613 0.063550 0.049486
3 0.596639 0.371148 0.053571 0.038282
3 0.664128 0.375350 0.056197 0.037348
3 0.502101 0.746499 0.039916 0.105509
3 0.518120 0.400093 0.059349 0.047619
3 0.208771 0.460317 0.030987 0.085901
4 0.151523 0.482260 0.037290 0.077498
3 0.111345 0.475724 0.046218 0.066293
1 0.424107 0.598973 0.013130 0.034547
2 0.424895 0.612045 0.012605 0.030812
1 0.472426 0.523810 0.012080 0.033613
2 0.472952 0.533147 0.013130 0.035481
0 0.546481 0.582633 0.007878 0.042951
3 0.056723 0.684874 0.095588 0.096172
3 0.062237 0.493464 0.046744 0.068161
3 0.031513 0.638189 0.063025 0.103641
2 0.351366 0.447712 0.018908 0.025210
0 0.353466 0.435574 0.009454 0.038282
4 0.341387 0.336601 0.030462 0.055089
3 0.390231 0.359944 0.027311 0.051354
3 0.415704 0.343604 0.023634 0.048553
3 0.809349 0.508870 0.040966 0.070962
4 0.819853 0.463585 0.053571 0.064426
3 0.731618 0.407563 0.063025 0.045752
2 0.625788 0.469655 0.044643 0.037348
9 0.066964 0.735294 0.028887 0.038282
0 0.020746 0.544818 0.013130 0.055089
0 0.029674 0.542017 0.015231 0.053221
0 0.163078 0.315126 0.035189 0.077498
0 0.710872 0.336601 0.028887 0.047619
6 0.103204 0.327731 0.032038 0.046685
9 0.438288 0.318861 0.024685 0.027077
0 0.829569 0.345005 0.039391 0.070028
0 0.473477 0.318394 0.012080 0.026144
0 0.577468 0.328198 0.094013 0.025210
0 0.730567 0.459851 0.011555 0.036415
0 0.717962 0.452381 0.013655 0.032680
