3 0.255252 0.934641 0.070378 0.126984
3 0.322216 0.948646 0.056197 0.098973
3 0.303571 0.801120 0.102941 0.089636
3 0.318277 0.665733 0.061975 0.100840
3 0.375263 0.624650 0.046744 0.110177
3 0.219275 0.663866 0.091912 0.072829
3 0.206145 0.616713 0.091912 0.068161
3 0.301471 0.556022 0.087185 0.073763
3 0.305147 0.498599 0.081933 0.056022
3 0.316964 0.457516 0.069853 0.050420
3 0.355567 0.432306 0.031513 0.061625
3 0.323529 0.398226 0.064076 0.070028
3 0.351891 0.356209 0.025210 0.056956
3 0.172532 0.544818 0.082458 0.098039
3 0.185137 0.500000 0.070903 0.058824
3 0.616334 0.906162 0.067752 0.154062
3 0.600840 0.795051 0.095588 0.109244
3 0.622637 0.718487 0.092962 0.073763
3 0.613708 0.658263 0.087710 0.063492
4 0.575630 0.572362 0.034664 0.082166
3 0.577206 0.509804 0.034664 0.061625
3 0.540966 0.478525 0.031513 0.053221
3 0.595851 0.450980 0.063550 0.054155
3 0.564601 0.415033 0.025210 0.051354
3 0.568277 0.368814 0.033613 0.050420
3 0.624475 0.371615 0.040966 0.067227
3 0.657300 0.355742 0.040441 0.059757
3 0.688813 0.362278 0.044643 0.056022
3 0.065651 0.274977 0.053571 0.040149
4 0.504464 0.267040 0.054097 0.044818
3 0.561712 0.269841 0.046744 0.037348
3 0.621324 0.273109 0.046218 0.032680
3 0.412027 0.289916 0.045693 0.040149
3 0.216649 0.350607 0.025735 0.055089
4 0.184086 0.341737 0.029937 0.063492
3 0.150998 0.345005 0.035189 0.043884
3 0.426471 0.306256 0.052521 0.037348
0 0.670956 0.533613 0.008929 0.047619
1 0.669905 0.524276 0.006828 0.023343
0 0.547794 0.345005 0.007353 0.036415
3 0.127889 0.472456 0.059349 0.059757
3 0.110557 0.351541 0.034139 0.055089
4 0.341124 0.245098 0.023634 0.045752
3 0.383929 0.260037 0.023109 0.042017
3 0.405200 0.249767 0.018382 0.036415
2 0.584821 0.337535 0.038340 0.023343
0 0.776523 0.974323 0.054097 0.047619
2 0.701681 0.691877 0.029412 0.037348
2 0.711134 0.714286 0.027311 0.042951
0 0.086922 0.850140 0.012080 0.025210
0 0.091649 0.828665 0.015231 0.028945
9 0.133141 0.506536 0.028887 0.038282
0 0.184611 0.230159 0.036239 0.064426
0 0.658876 0.246032 0.028887 0.047619
6 0.129464 0.240430 0.022584 0.032680
0 0.126838 0.247899 0.004727 0.032680
0 0.134191 0.247899 0.009979 0.036415
9 0.425158 0.232960 0.024685 0.027077
0 0.456145 0.231092 0.012080 0.027077
0 0.539128 0.238562 0.081408 0.025210
