5 0.267857 0.943044 0.140756 0.108310
3 0.295168 0.836601 0.103992 0.091503
3 0.302784 0.704482 0.053046 0.111111
3 0.359769 0.725023 0.048319 0.120448
3 0.337185 0.602708 0.084034 0.068161
3 0.347426 0.510738 0.054097 0.076564
3 0.393382 0.480859 0.038866 0.080299
3 0.263918 0.507003 0.076155 0.057890
3 0.250263 0.471989 0.077206 0.053221
3 0.313813 0.435574 0.074055 0.056956
3 0.329832 0.387955 0.070378 0.043884
3 0.340861 0.356209 0.057773 0.042017
3 0.372374 0.338936 0.028361 0.054155
3 0.344013 0.310458 0.051471 0.055089
3 0.367122 0.280112 0.023109 0.048553
3 0.218750 0.421102 0.066702 0.080299
3 0.227679 0.388422 0.059349 0.046685
3 0.632878 0.891223 0.050420 0.148459
2 0.628676 0.745565 0.022059 0.047619
3 0.592437 0.675537 0.056723 0.107376
3 0.582195 0.598973 0.079307 0.075630
3 0.601628 0.548086 0.077206 0.057890
3 0.594538 0.506536 0.074580 0.051354
4 0.563550 0.445845 0.031513 0.066293
3 0.566702 0.399627 0.028361 0.046685
3 0.535189 0.376284 0.027311 0.042951
3 0.583246 0.356209 0.055147 0.042017
3 0.557511 0.328198 0.022584 0.040149
3 0.560399 0.291317 0.029412 0.039216
3 0.610294 0.294118 0.035714 0.059757
3 0.639968 0.284314 0.035189 0.053221
3 0.670956 0.286181 0.033088 0.049486
3 0.292805 0.221289 0.045693 0.039216
4 0.503676 0.208217 0.049370 0.041083
3 0.694853 0.235761 0.046218 0.032680
3 0.556723 0.213352 0.042017 0.030812
3 0.609244 0.214286 0.043067 0.028945
3 0.611345 0.231092 0.043067 0.032680
3 0.246849 0.269841 0.023109 0.048553
4 0.219275 0.265173 0.027836 0.057890
3 0.190389 0.268441 0.029937 0.043884
3 0.275473 0.230626 0.047794 0.031746
0 0.548057 0.263305 0.005777 0.035481
3 0.175945 0.369281 0.051471 0.053221
3 0.151786 0.275910 0.030462 0.051354
4 0.354779 0.190009 0.020483 0.042017
3 0.394433 0.204949 0.019958 0.036415
3 0.413340 0.195612 0.018908 0.032680
2 0.576155 0.269841 0.034664 0.026144
0 0.715861 0.734360 0.036765 0.058824
2 0.671481 0.534547 0.025735 0.032680
2 0.678571 0.551354 0.023109 0.038282
0 0.164653 0.636321 0.012080 0.025210
0 0.166229 0.619514 0.015231 0.028945
9 0.136817 0.725957 0.027836 0.040149
9 0.186187 0.392624 0.028887 0.038282
0 0.215074 0.177871 0.036239 0.064426
0 0.644695 0.204015 0.028887 0.047619
6 0.163603 0.182540 0.022584 0.032680
0 0.179359 0.176004 0.004727 0.032680
0 0.185662 0.177871 0.009979 0.036415
9 0.429359 0.178805 0.024685 0.027077
0 0.460347 0.180672 0.012080 0.027077
0 0.535977 0.184407 0.081408 0.025210
