3 0.274422 0.945845 0.117122 0.102708
3 0.284926 0.785714 0.061450 0.129785
3 0.346113 0.812792 0.054622 0.140990
3 0.324842 0.666200 0.090861 0.077498
3 0.335347 0.562558 0.057248 0.086835
3 0.386555 0.528011 0.042017 0.090570
3 0.247374 0.559757 0.078782 0.064426
3 0.233193 0.518674 0.081933 0.056956
3 0.308298 0.477124 0.076681 0.059757
3 0.320116 0.424370 0.075105 0.049486
3 0.330882 0.388422 0.061975 0.041083
3 0.365809 0.369748 0.028887 0.056022
3 0.336134 0.337068 0.055672 0.061625
3 0.361082 0.303455 0.023634 0.054155
3 0.201418 0.461718 0.073004 0.083100
3 0.211660 0.424370 0.065126 0.049486
2 0.641807 0.834267 0.023109 0.056956
3 0.601891 0.752568 0.060924 0.125117
3 0.588235 0.661998 0.086134 0.087768
3 0.608981 0.601307 0.082458 0.059757
3 0.600315 0.555556 0.081933 0.056022
4 0.567489 0.487862 0.035189 0.068161
3 0.569590 0.434174 0.030987 0.052288
3 0.536502 0.409897 0.026786 0.048553
3 0.587447 0.387488 0.055147 0.044818
3 0.559874 0.355275 0.023109 0.047619
3 0.563025 0.311858 0.030462 0.042951
3 0.615546 0.317460 0.036765 0.059757
3 0.646534 0.306256 0.037815 0.057890
3 0.677521 0.310458 0.038866 0.049486
3 0.215074 0.232493 0.054097 0.041083
4 0.503939 0.225023 0.048845 0.042951
3 0.558824 0.230626 0.040966 0.031746
3 0.615021 0.233427 0.044118 0.029879
3 0.539916 0.248833 0.043067 0.032680
3 0.237920 0.293651 0.023109 0.047619
4 0.205882 0.289449 0.029412 0.059757
3 0.174107 0.292717 0.032038 0.042017
3 0.327994 0.254902 0.051996 0.035481
0 0.674107 0.442110 0.007878 0.040149
1 0.672794 0.433707 0.007353 0.023343
0 0.547794 0.287582 0.005252 0.033613
3 0.158351 0.401027 0.051996 0.053221
3 0.135242 0.302988 0.032038 0.053221
4 0.349527 0.205882 0.020483 0.042017
3 0.391282 0.219888 0.019958 0.034547
3 0.409664 0.211485 0.019958 0.034547
2 0.579569 0.292250 0.036239 0.026144
0 0.735557 0.817927 0.039391 0.061625
2 0.683298 0.586368 0.027311 0.035481
2 0.691702 0.605042 0.024160 0.041083
0 0.133666 0.712885 0.012080 0.025210
0 0.137342 0.693277 0.015231 0.028945
9 0.101628 0.814192 0.034139 0.052288
9 0.166754 0.429038 0.028887 0.038282
0 0.202994 0.190943 0.036239 0.064426
0 0.650473 0.218954 0.028887 0.047619
6 0.148372 0.201214 0.022584 0.032680
0 0.159926 0.197479 0.004727 0.032680
0 0.165704 0.197479 0.009979 0.036415
9 0.427258 0.194678 0.024685 0.027077
0 0.458246 0.193744 0.012080 0.027077
0 0.539128 0.201214 0.081408 0.025210
