3 0.260242 0.962185 0.060399 0.073763
3 0.302784 0.848739 0.100315 0.087768
3 0.318015 0.709617 0.061450 0.104575
3 0.375263 0.668067 0.047794 0.112979
3 0.220851 0.711018 0.090861 0.071895
3 0.207195 0.660131 0.091912 0.070962
3 0.310399 0.590570 0.085084 0.073763
3 0.303834 0.532680 0.079307 0.058824
3 0.318015 0.492997 0.068803 0.050420
3 0.354779 0.464986 0.032038 0.065359
3 0.323792 0.431839 0.063550 0.073763
3 0.350578 0.386555 0.026786 0.059757
3 0.174632 0.586835 0.081408 0.101774
3 0.186187 0.537348 0.068803 0.060691
3 0.613971 0.939776 0.064076 0.118581
3 0.598477 0.840803 0.095063 0.107376
3 0.621586 0.763772 0.094013 0.069094
3 0.613183 0.702614 0.088761 0.068161
4 0.573267 0.612979 0.035189 0.083100
3 0.575368 0.546685 0.034139 0.064426
3 0.538866 0.514939 0.031513 0.060691
3 0.592700 0.484127 0.061450 0.051354
3 0.564076 0.446312 0.027311 0.052288
3 0.566439 0.398226 0.034139 0.051354
3 0.622899 0.401494 0.042017 0.070962
3 0.655725 0.387488 0.041492 0.061625
3 0.687500 0.390756 0.043067 0.055089
4 0.502889 0.291317 0.053046 0.046685
3 0.561975 0.294118 0.045168 0.035481
3 0.619485 0.297852 0.048845 0.031746
3 0.325893 0.316993 0.049895 0.032680
4 0.184611 0.370215 0.028887 0.066293
3 0.151786 0.373483 0.034664 0.046685
3 0.499212 0.333333 0.051996 0.037348
0 0.659139 0.586835 0.009454 0.055089
1 0.658351 0.573763 0.006828 0.023343
0 0.544380 0.380952 0.007878 0.037348
3 0.125263 0.494398 0.060399 0.062558
3 0.109244 0.381886 0.036765 0.063492
3 0.094013 0.472456 0.048319 0.050420
4 0.340336 0.268441 0.023109 0.047619
3 0.383666 0.286181 0.023634 0.042017
3 0.404674 0.272642 0.019433 0.035481
2 0.584296 0.369281 0.037290 0.027077
2 0.702206 0.742297 0.031513 0.039216
2 0.710084 0.765640 0.027311 0.042951
0 0.088498 0.898693 0.012080 0.025210
0 0.094800 0.881886 0.015231 0.028945
9 0.133666 0.543884 0.028887 0.038282
0 0.180935 0.251634 0.036239 0.064426
0 0.658876 0.260037 0.028887 0.047619
6 0.131040 0.262838 0.022584 0.032680
0 0.115809 0.272176 0.004727 0.032680
0 0.124212 0.274977 0.009979 0.036415
9 0.424632 0.246965 0.024685 0.027077
0 0.767857 0.280112 0.038866 0.069094
0 0.456145 0.248833 0.012080 0.027077
0 0.539653 0.252568 0.081408 0.025210
0 0.670168 0.356209 0.008403 0.038282
0 0.676471 0.344538 0.010504 0.033613
