3 0.300158 0.896825 0.103466 0.092437
3 0.315914 0.745565 0.062500 0.109244
3 0.374475 0.696545 0.049370 0.117647
3 0.214811 0.745098 0.094538 0.074697
3 0.200893 0.693277 0.094013 0.071895
3 0.337973 0.605042 0.080357 0.085901
3 0.303046 0.555089 0.080882 0.058824
3 0.315914 0.508870 0.067752 0.050420
3 0.355305 0.483193 0.032038 0.070028
3 0.321954 0.445845 0.064076 0.075630
3 0.350578 0.398693 0.025735 0.065359
3 0.166754 0.613912 0.082458 0.107376
3 0.178834 0.563959 0.069853 0.065359
3 0.606355 0.886555 0.098214 0.112979
3 0.629464 0.801587 0.095063 0.073763
3 0.620273 0.736695 0.090336 0.070962
4 0.579044 0.640990 0.036239 0.086835
3 0.581145 0.569094 0.034139 0.070028
3 0.542805 0.534080 0.030987 0.057890
3 0.598739 0.503268 0.063025 0.052288
3 0.568540 0.462652 0.027836 0.058824
3 0.570641 0.410831 0.034139 0.056022
3 0.627363 0.412698 0.041492 0.070962
3 0.662027 0.399160 0.041492 0.064426
3 0.697479 0.402894 0.036765 0.062558
4 0.506040 0.297852 0.054097 0.046685
3 0.564863 0.301587 0.046744 0.035481
3 0.623687 0.304855 0.047794 0.032680
3 0.118697 0.317460 0.053571 0.041083
3 0.214811 0.384687 0.026261 0.056022
4 0.179097 0.384220 0.032563 0.070028
3 0.145483 0.382820 0.035714 0.050420
3 0.685399 0.341737 0.052521 0.039216
0 0.639706 0.650327 0.009454 0.049486
1 0.639443 0.640056 0.007878 0.023343
1 0.398109 0.842670 0.014706 0.042017
2 0.398634 0.853408 0.014706 0.044818
1 0.522584 0.835668 0.014706 0.041083
2 0.522847 0.843604 0.013130 0.062558
0 0.534664 0.410364 0.008403 0.038282
3 0.115809 0.541083 0.064601 0.071895
3 0.100578 0.401494 0.035189 0.054155
3 0.085872 0.498133 0.048845 0.053221
4 0.337710 0.280112 0.024160 0.046685
3 0.383403 0.296452 0.023109 0.043884
3 0.404937 0.284781 0.019958 0.039216
2 0.589023 0.380952 0.040441 0.031746
2 0.712710 0.777311 0.032563 0.042017
2 0.722426 0.803922 0.026786 0.044818
0 0.075368 0.950047 0.012080 0.025210
0 0.084296 0.929505 0.015231 0.028945
9 0.124737 0.571895 0.028887 0.038282
0 0.174632 0.274043 0.036239 0.064426
0 0.663603 0.279645 0.028887 0.047619
6 0.124475 0.273576 0.025210 0.035481
0 0.081670 0.287115 0.004727 0.032680
0 0.086397 0.289916 0.009979 0.036415
9 0.424632 0.267507 0.024685 0.027077
0 0.771796 0.294585 0.039391 0.070028
0 0.453519 0.266573 0.012080 0.027077
0 0.543855 0.272176 0.087710 0.025210
0 0.675945 0.369281 0.010504 0.036415
0 0.666492 0.357143 0.010504 0.032680
