3 0.270746 0.842204 0.063550 0.145658
3 0.336922 0.870215 0.055147 0.154995
3 0.315389 0.709150 0.095063 0.075630
3 0.327468 0.594771 0.058298 0.089636
3 0.381303 0.557423 0.044118 0.095238
3 0.235032 0.591036 0.086660 0.065359
3 0.221113 0.547619 0.085084 0.055089
3 0.305410 0.500934 0.081408 0.062558
3 0.312500 0.444444 0.076681 0.052288
3 0.326155 0.406629 0.065126 0.040149
3 0.361607 0.387488 0.028887 0.059757
3 0.330095 0.354809 0.059349 0.061625
3 0.356355 0.318394 0.025735 0.052288
3 0.189338 0.486928 0.077206 0.086835
3 0.201155 0.448179 0.065126 0.056022
2 0.649422 0.894491 0.025735 0.061625
3 0.606092 0.802521 0.064076 0.137255
3 0.592962 0.705415 0.089286 0.096172
3 0.613708 0.640990 0.086660 0.066293
3 0.606618 0.590103 0.082983 0.057890
4 0.569853 0.514939 0.034664 0.075630
3 0.572742 0.457049 0.030987 0.053221
3 0.537553 0.429972 0.027836 0.047619
3 0.589811 0.404762 0.057773 0.043884
3 0.560924 0.372549 0.024160 0.046685
3 0.564076 0.330999 0.030462 0.042017
3 0.618960 0.335201 0.037290 0.059757
3 0.650473 0.321195 0.039391 0.057890
3 0.683824 0.324930 0.039916 0.054155
3 0.162027 0.245098 0.054097 0.042017
4 0.503414 0.234360 0.050945 0.041083
3 0.560137 0.239496 0.043592 0.032680
3 0.616334 0.243697 0.045693 0.031746
3 0.495798 0.261905 0.045168 0.032680
3 0.231618 0.310458 0.024160 0.049486
4 0.197479 0.305322 0.030462 0.061625
3 0.165179 0.309524 0.033088 0.042017
3 0.360819 0.269841 0.053571 0.037348
0 0.673845 0.469188 0.007353 0.040149
1 0.672794 0.461718 0.007353 0.023343
0 0.547532 0.305322 0.005777 0.035481
3 0.147321 0.423903 0.053046 0.054155
3 0.125788 0.318861 0.032038 0.053221
4 0.346376 0.217087 0.020483 0.040149
3 0.388130 0.232493 0.022059 0.035481
3 0.407826 0.221289 0.019433 0.033613
2 0.581145 0.305322 0.037290 0.026144
0 0.750000 0.874416 0.042017 0.064426
2 0.691176 0.622316 0.028361 0.036415
2 0.700105 0.642390 0.026261 0.042951
0 0.115284 0.757703 0.012080 0.025210
0 0.120536 0.738095 0.015231 0.028945
9 0.077206 0.871615 0.037815 0.058824
9 0.153099 0.454248 0.028887 0.038282
0 0.197216 0.204015 0.036239 0.064426
0 0.653624 0.227358 0.028887 0.047619
6 0.139968 0.208683 0.022584 0.032680
0 0.148897 0.212418 0.004727 0.032680
0 0.156250 0.212418 0.009979 0.036415
9 0.426208 0.205882 0.024685 0.027077
0 0.456670 0.202148 0.012080 0.027077
0 0.539128 0.214286 0.081408 0.025210
