3 0.260767 0.963119 0.058298 0.071895
3 0.303309 0.853875 0.099265 0.084967
3 0.317489 0.711485 0.059349 0.102708
3 0.374212 0.669468 0.047794 0.113912
3 0.220063 0.710551 0.090336 0.070962
3 0.206670 0.663866 0.090861 0.069094
3 0.318540 0.591503 0.083508 0.071895
3 0.305147 0.535481 0.077731 0.058824
3 0.317752 0.494865 0.067227 0.048553
3 0.354517 0.466853 0.031513 0.065359
3 0.323267 0.432773 0.062500 0.073763
3 0.351103 0.386555 0.025735 0.059757
3 0.173582 0.589169 0.080357 0.104575
3 0.186450 0.541550 0.069328 0.063492
3 0.615546 0.942577 0.064076 0.112979
3 0.599002 0.845005 0.096113 0.104575
3 0.621586 0.766106 0.091912 0.066293
3 0.613971 0.705415 0.087185 0.066293
4 0.573529 0.614379 0.034664 0.084034
3 0.575630 0.547152 0.033613 0.063492
3 0.538866 0.517740 0.031513 0.060691
3 0.593225 0.485061 0.061450 0.049486
3 0.564601 0.448646 0.026261 0.053221
3 0.566439 0.402428 0.034139 0.050420
3 0.622111 0.402428 0.041492 0.069094
3 0.655200 0.389823 0.040441 0.064426
3 0.688288 0.392624 0.041492 0.055089
4 0.503939 0.291783 0.051996 0.045752
3 0.561187 0.295051 0.044643 0.035481
3 0.619485 0.296919 0.047794 0.035481
3 0.259979 0.315593 0.049370 0.031746
3 0.220063 0.378151 0.026261 0.056022
4 0.182773 0.370215 0.029412 0.066293
3 0.150998 0.374416 0.034139 0.050420
3 0.558036 0.333333 0.051996 0.037348
0 0.651786 0.600373 0.008403 0.050420
1 0.652048 0.588702 0.006828 0.023343
1 0.385767 0.978058 0.015231 0.042017
2 0.384716 0.978992 0.015231 0.036415
0 0.540704 0.388889 0.007878 0.038282
3 0.125788 0.507937 0.060399 0.065359
3 0.108718 0.387021 0.035714 0.060691
3 0.094013 0.478058 0.048319 0.050420
4 0.340074 0.270775 0.023634 0.046685
3 0.384191 0.288982 0.023634 0.042017
3 0.405200 0.276377 0.019433 0.037348
2 0.584821 0.371148 0.038340 0.028945
2 0.702206 0.744164 0.031513 0.039216
2 0.711922 0.768441 0.027836 0.042951
0 0.087973 0.905229 0.012080 0.025210
0 0.092700 0.883754 0.015231 0.028945
9 0.131565 0.553221 0.028887 0.038282
0 0.179884 0.261905 0.036239 0.064426
0 0.658876 0.265640 0.028887 0.047619
6 0.131040 0.262838 0.022584 0.032680
0 0.106880 0.275910 0.004727 0.032680
0 0.113183 0.274977 0.009979 0.036415
9 0.424632 0.252568 0.024685 0.027077
0 0.769170 0.284781 0.039391 0.069094
0 0.455620 0.256303 0.012080 0.027077
0 0.540179 0.259104 0.081408 0.025210
0 0.670168 0.358543 0.009454 0.037348
0 0.673319 0.345472 0.010504 0.033613
